#!ascii label  , from subject freesurfer vox2ras=TkReg
1489
37765  -49.269  -39.859  51.969 0.0000000000
23958  -39.405  -57.307  53.873 0.0000000000
45148  -51.998  -31.907  42.898 0.0000000000
114442  -45.853  -37.111  46.166 0.0000000000
43254  -49.337  -33.411  49.358 0.0000000000
29285  -45.404  -49.625  52.886 0.0000000000
29389  -41.101  -49.252  45.290 0.0000000000
34532  -40.237  -43.860  45.786 0.0000000000
30179  -31.561  -48.805  55.558 0.0000000000
50458  -58.854  -25.123  46.070 0.0000000000
28438  -34.088  -50.715  47.907 0.0000000000
38658  -46.464  -38.796  49.556 0.0000000000
112869  -50.573  -36.446  48.862 0.0000000000
41465  -49.348  -35.565  51.822 0.0000000000
33646  -47.095  -45.169  52.542 0.0000000000
31166  -41.478  -47.510  49.092 0.0000000000
35243  -44.385  -42.580  49.432 0.0000000000
36922  -41.844  -39.851  46.933 0.0000000000
110791  -58.210  -23.155  42.085 0.0000000000
26468  -35.825  -52.711  54.573 0.0000000000
26500  -31.534  -52.563  52.338 0.0000000000
24785  -36.461  -54.497  50.572 0.0000000000
45119  -47.645  -31.517  45.114 0.0000000000
25636  -44.320  -54.291  51.533 0.0000000000
124736  -40.922  -53.804  49.330 0.0000000000
27502  -46.350  -52.598  46.669 0.0000000000
31214  -43.138  -47.430  42.925 0.0000000000
121429  -30.112  -51.161  59.032 0.0000000000
49547  -47.709  -26.675  49.245 0.0000000000
48709  -52.294  -27.915  46.906 0.0000000000
50387  -56.500  -25.050  50.925 0.0000000000
44186  -57.621  -32.469  45.925 0.0000000000
47834  -53.264  -28.824  42.860 0.0000000000
126313  -28.334  -49.763  53.154 0.0000000000
116926  -37.242  -51.827  47.527 0.0000000000
37763  -47.974  -39.496  51.035 0.0000000000
39617  -49.662  -37.084  51.624 0.0000000000
39594  -48.972  -38.021  52.451 0.0000000000
35207  -48.718  -42.662  52.634 0.0000000000
34438  -45.896  -43.631  50.937 0.0000000000
36029  -46.588  -41.471  50.795 0.0000000000
36888  -45.345  -40.558  49.492 0.0000000000
43352  -51.778  -33.350  40.169 0.0000000000
43327  -54.735  -33.904  42.342 0.0000000000
23916  -36.939  -56.334  55.497 0.0000000000
23945  -34.498  -56.497  54.061 0.0000000000
23190  -37.630  -57.413  52.798 0.0000000000
40640  -48.220  -37.301  45.436 0.0000000000
43244  -52.486  -34.696  50.269 0.0000000000
40612  -53.557  -36.973  49.152 0.0000000000
42352  -49.956  -34.704  47.377 0.0000000000
42372  -48.180  -34.256  45.191 0.0000000000
44165  -47.630  -32.146  47.249 0.0000000000
26494  -45.333  -52.194  52.361 0.0000000000
25655  -46.236  -54.421  50.401 0.0000000000
127002  -44.767  -51.909  50.100 0.0000000000
32908  -40.326  -45.505  47.906 0.0000000000
30277  -41.768  -47.982  46.508 0.0000000000
32023  -41.015  -46.042  44.607 0.0000000000
38685  -44.058  -38.225  46.694 0.0000000000
49568  -49.508  -26.599  47.693 0.0000000000
46900  -56.905  -29.818  48.635 0.0000000000
47787  -56.951  -28.411  46.643 0.0000000000
46069  -55.243  -30.050  44.391 0.0000000000
49594  -54.762  -26.821  45.268 0.0000000000
50511  -55.361  -25.151  40.374 0.0000000000
29235  -30.567  -49.859  57.352 0.0000000000
106957  -29.428  -50.849  56.172 0.0000000000
27402  -30.115  -51.385  55.108 0.0000000000
121259  -33.139  -50.767  50.757 0.0000000000
29313  -30.898  -49.876  50.150 0.0000000000
29339  -31.710  -49.115  48.584 0.0000000000
27498  -41.749  -51.386  47.617 0.0000000000
26543  -39.012  -52.469  48.540 0.0000000000
29352  -38.908  -49.834  47.447 0.0000000000
39645  -46.006  -37.648  47.690 0.0000000000
108929  -48.151  -36.597  47.277 0.0000000000
121844  -48.506  -36.694  48.922 0.0000000000
40583  -51.695  -36.124  51.098 0.0000000000
119008  -49.251  -33.555  50.628 0.0000000000
31994  -45.973  -46.950  52.422 0.0000000000
116179  -43.793  -48.640  50.476 0.0000000000
32001  -44.329  -46.431  50.453 0.0000000000
33724  -42.649  -44.620  49.386 0.0000000000
34499  -41.558  -43.210  48.541 0.0000000000
36069  -40.800  -41.871  47.147 0.0000000000
36053  -42.831  -41.754  48.346 0.0000000000
105984  -44.420  -39.610  48.478 0.0000000000
113275  -58.380  -24.619  44.128 0.0000000000
55638  -58.501  -19.539  43.725 0.0000000000
29273  -34.297  -49.266  53.985 0.0000000000
116714  -31.176  -52.365  54.615 0.0000000000
24742  -32.279  -54.777  54.268 0.0000000000
25633  -33.849  -53.323  51.864 0.0000000000
27471  -35.448  -52.633  49.246 0.0000000000
39679  -50.217  -37.572  46.977 0.0000000000
122431  -48.342  -33.644  43.351 0.0000000000
45133  -49.398  -31.300  43.587 0.0000000000
115505  -41.614  -56.525  51.927 0.0000000000
22546  -40.393  -57.958  51.448 0.0000000000
23995  -44.196  -56.424  49.986 0.0000000000
26548  -44.298  -53.628  48.089 0.0000000000
27544  -44.038  -51.866  44.830 0.0000000000
28441  -42.705  -50.426  48.230 0.0000000000
30298  -44.790  -48.987  44.162 0.0000000000
29428  -43.008  -49.615  43.261 0.0000000000
40543  -47.572  -36.604  54.346 0.0000000000
26492  -38.355  -53.541  52.513 0.0000000000
28411  -42.645  -50.695  51.589 0.0000000000
118397  -44.444  -49.289  53.122 0.0000000000
105800  -47.227  -35.203  53.572 0.0000000000
44089  -47.532  -32.013  52.602 0.0000000000
45035  -48.089  -30.770  50.849 0.0000000000
48643  -48.209  -27.491  51.225 0.0000000000
46886  -47.662  -29.308  49.223 0.0000000000
47780  -47.671  -28.578  46.818 0.0000000000
47798  -49.424  -28.727  45.723 0.0000000000
46054  -52.196  -29.983  44.962 0.0000000000
48659  -54.707  -27.007  49.621 0.0000000000
46045  -55.048  -30.688  46.743 0.0000000000
44198  -54.560  -32.698  44.158 0.0000000000
44216  -56.629  -33.418  43.844 0.0000000000
50492  -55.032  -25.090  43.040 0.0000000000
28346  -26.885  -50.229  56.883 0.0000000000
126001  -26.518  -48.606  50.782 0.0000000000
27433  -30.124  -51.085  52.608 0.0000000000
29310  -28.510  -49.311  50.756 0.0000000000
23991  -38.139  -55.964  49.253 0.0000000000
25679  -35.927  -54.966  47.675 0.0000000000
27494  -35.014  -54.308  47.087 0.0000000000
27516  -35.210  -52.669  46.436 0.0000000000
112529  -48.583  -39.926  51.491 0.0000000000
38643  -49.255  -38.670  51.737 0.0000000000
38635  -49.297  -38.705  52.362 0.0000000000
126724  -49.014  -41.047  52.225 0.0000000000
116232  -47.369  -42.103  51.717 0.0000000000
36870  -47.845  -40.469  51.358 0.0000000000
36878  -47.040  -40.819  50.964 0.0000000000
44224  -50.308  -32.157  42.044 0.0000000000
44239  -51.711  -32.606  41.558 0.0000000000
43338  -53.286  -33.479  41.309 0.0000000000
124037  -53.100  -32.975  42.390 0.0000000000
22512  -38.410  -57.373  55.267 0.0000000000
22522  -37.161  -57.785  54.986 0.0000000000
22529  -38.620  -57.602  53.623 0.0000000000
39702  -45.107  -37.342  45.393 0.0000000000
39703  -46.697  -36.911  45.859 0.0000000000
42327  -50.328  -33.993  49.206 0.0000000000
42336  -50.481  -34.544  48.411 0.0000000000
43255  -49.542  -33.883  48.633 0.0000000000
43268  -48.475  -33.475  47.336 0.0000000000
44135  -47.867  -32.057  48.103 0.0000000000
28414  -45.458  -51.044  52.332 0.0000000000
27466  -45.797  -52.535  51.666 0.0000000000
28425  -45.214  -50.911  51.365 0.0000000000
32911  -40.381  -44.974  47.135 0.0000000000
109174  -40.809  -45.732  45.953 0.0000000000
33751  -40.315  -44.770  45.650 0.0000000000
32918  -40.048  -45.210  44.079 0.0000000000
39654  -44.693  -37.892  46.693 0.0000000000
39676  -43.990  -37.785  45.956 0.0000000000
39701  -44.266  -37.482  45.292 0.0000000000
48712  -58.269  -27.860  47.602 0.0000000000
110024  -57.877  -26.987  47.005 0.0000000000
47803  -55.841  -28.087  45.999 0.0000000000
49596  -56.334  -26.260  45.881 0.0000000000
30170  -30.692  -49.011  56.580 0.0000000000
28350  -30.515  -50.808  56.430 0.0000000000
28363  -31.162  -50.885  55.553 0.0000000000
28432  -34.347  -50.817  49.678 0.0000000000
28430  -32.784  -49.927  49.637 0.0000000000
29341  -33.423  -49.917  48.056 0.0000000000
29349  -32.539  -49.531  47.186 0.0000000000
29350  -33.510  -50.556  47.426 0.0000000000
28470  -41.823  -50.232  46.322 0.0000000000
28453  -40.342  -50.509  47.458 0.0000000000
112548  -40.083  -49.454  46.577 0.0000000000
38657  -46.259  -38.162  48.617 0.0000000000
39646  -46.762  -37.327  48.312 0.0000000000
39633  -47.747  -37.546  49.790 0.0000000000
40570  -50.323  -36.416  51.726 0.0000000000
40582  -50.499  -36.539  51.406 0.0000000000
41466  -51.068  -35.665  51.705 0.0000000000
43222  -52.132  -34.598  51.351 0.0000000000
42314  -50.591  -34.774  51.632 0.0000000000
32862  -46.914  -46.103  52.827 0.0000000000
126085  -45.203  -46.733  51.037 0.0000000000
32884  -45.978  -45.684  51.353 0.0000000000
34478  -44.756  -43.080  49.922 0.0000000000
33726  -44.083  -44.176  50.101 0.0000000000
34476  -43.230  -43.366  49.176 0.0000000000
34474  -41.856  -43.780  48.866 0.0000000000
34500  -42.409  -43.228  48.855 0.0000000000
35260  -42.142  -42.515  48.490 0.0000000000
36037  -43.792  -42.013  48.862 0.0000000000
37786  -45.759  -39.642  49.387 0.0000000000
37785  -44.990  -39.850  49.064 0.0000000000
120509  -45.840  -38.852  48.889 0.0000000000
38667  -45.569  -38.475  48.224 0.0000000000
28390  -34.865  -51.030  53.865 0.0000000000
26479  -33.638  -52.557  53.481 0.0000000000
25607  -34.499  -53.771  53.713 0.0000000000
127218  -35.542  -55.243  52.311 0.0000000000
24765  -33.835  -55.041  52.734 0.0000000000
125708  -35.359  -53.996  51.345 0.0000000000
110686  -34.380  -52.710  51.291 0.0000000000
25648  -36.113  -53.793  50.175 0.0000000000
40610  -49.140  -36.572  47.826 0.0000000000
40628  -48.597  -36.671  46.823 0.0000000000
40611  -50.446  -36.709  48.270 0.0000000000
40613  -53.584  -37.030  48.604 0.0000000000
39659  -53.908  -37.700  48.950 0.0000000000
40630  -53.256  -37.351  47.508 0.0000000000
119798  -47.600  -33.171  45.330 0.0000000000
42386  -48.103  -34.092  44.478 0.0000000000
43311  -48.045  -32.697  44.073 0.0000000000
44210  -48.413  -32.462  43.541 0.0000000000
45121  -48.744  -31.163  44.125 0.0000000000
23982  -42.782  -55.851  51.223 0.0000000000
22541  -43.445  -57.377  51.305 0.0000000000
23974  -44.646  -56.278  51.376 0.0000000000
25686  -46.354  -53.700  47.292 0.0000000000
25684  -45.852  -54.668  48.285 0.0000000000
25709  -45.614  -53.713  46.719 0.0000000000
26582  -43.498  -52.394  46.795 0.0000000000
26618  -45.853  -52.025  44.826 0.0000000000
30240  -42.373  -48.612  49.676 0.0000000000
28433  -42.604  -50.303  49.069 0.0000000000
29342  -41.706  -49.183  48.543 0.0000000000
31193  -42.564  -47.537  45.137 0.0000000000
30279  -43.612  -48.671  45.576 0.0000000000
31194  -43.987  -48.019  44.240 0.0000000000
29429  -44.025  -49.361  43.427 0.0000000000
36907  -41.609  -40.634  47.276 0.0000000000
29282  -43.796  -49.834  52.585 0.0000000000
31944  -47.090  -46.281  54.143 0.0000000000
114880  -47.385  -35.989  53.727 0.0000000000
44081  -47.495  -32.253  53.509 0.0000000000
45995  -47.696  -30.366  52.970 0.0000000000
46000  -47.716  -30.914  51.566 0.0000000000
46001  -47.986  -29.619  52.443 0.0000000000
117205  -47.808  -27.192  50.491 0.0000000000
46880  -48.181  -28.747  50.752 0.0000000000
123777  -47.510  -27.893  49.095 0.0000000000
109701  -47.472  -28.827  48.191 0.0000000000
111761  -47.558  -27.878  48.131 0.0000000000
48693  -50.865  -27.263  47.282 0.0000000000
48706  -49.504  -27.713  46.748 0.0000000000
47784  -50.833  -28.230  46.280 0.0000000000
46933  -50.886  -29.177  45.211 0.0000000000
47801  -52.280  -28.905  45.908 0.0000000000
49540  -56.026  -26.847  50.415 0.0000000000
46038  -58.043  -31.372  47.606 0.0000000000
46035  -55.943  -30.623  47.562 0.0000000000
45098  -56.422  -31.998  46.655 0.0000000000
46056  -54.584  -31.101  45.905 0.0000000000
44183  -55.684  -32.815  45.331 0.0000000000
43298  -56.108  -33.844  44.029 0.0000000000
121787  -57.038  -33.133  44.572 0.0000000000
46956  -54.548  -29.444  43.983 0.0000000000
45138  -55.255  -31.169  43.331 0.0000000000
46085  -53.475  -29.560  42.505 0.0000000000
51338  -58.667  -23.773  43.564 0.0000000000
50483  -56.647  -25.042  43.592 0.0000000000
111805  -56.628  -24.830  42.230 0.0000000000
29260  -28.390  -49.940  54.403 0.0000000000
29248  -28.041  -49.915  55.120 0.0000000000
29270  -27.995  -49.611  53.685 0.0000000000
123259  -26.733  -49.298  52.576 0.0000000000
29293  -27.643  -49.145  51.989 0.0000000000
26488  -30.985  -53.121  53.085 0.0000000000
27423  -30.391  -52.128  53.828 0.0000000000
27442  -30.691  -51.467  52.289 0.0000000000
29312  -30.082  -49.832  50.446 0.0000000000
31172  -28.456  -47.862  47.479 0.0000000000
23993  -40.292  -55.922  49.784 0.0000000000
23215  -38.767  -56.608  49.829 0.0000000000
24800  -39.681  -54.946  49.472 0.0000000000
27481  -37.401  -52.558  47.844 0.0000000000
25681  -37.476  -54.137  48.240 0.0000000000
25695  -35.987  -54.522  47.460 0.0000000000
25694  -35.616  -54.395  47.395 0.0000000000
26560  -35.602  -54.000  47.197 0.0000000000
26579  -34.578  -53.711  46.708 0.0000000000
37776  -47.006  -39.107  50.533 0.0000000000
38650  -48.149  -38.093  50.472 0.0000000000
38651  -48.608  -38.773  51.037 0.0000000000
39604  -49.484  -37.117  51.991 0.0000000000
40560  -48.845  -36.666  52.241 0.0000000000
110127  -48.049  -44.016  52.751 0.0000000000
125414  -46.201  -44.088  51.360 0.0000000000
35221  -46.895  -42.681  51.551 0.0000000000
34456  -45.867  -42.740  50.532 0.0000000000
35244  -45.207  -42.404  49.944 0.0000000000
36038  -44.629  -41.802  49.320 0.0000000000
36876  -45.834  -41.035  50.102 0.0000000000
110275  -46.408  -39.775  50.141 0.0000000000
43340  -55.367  -34.280  41.903 0.0000000000
25594  -36.694  -54.216  55.448 0.0000000000
24744  -34.720  -55.630  54.511 0.0000000000
126330  -35.702  -56.810  54.995 0.0000000000
23957  -36.327  -56.571  52.563 0.0000000000
23967  -36.916  -56.223  51.470 0.0000000000
40593  -53.400  -36.453  49.866 0.0000000000
127554  -52.602  -36.620  49.590 0.0000000000
41491  -52.928  -35.947  49.139 0.0000000000
42353  -51.429  -35.348  48.086 0.0000000000
41500  -50.654  -35.460  46.975 0.0000000000
110554  -49.688  -35.371  46.094 0.0000000000
42363  -49.414  -34.776  46.470 0.0000000000
43275  -47.583  -33.031  45.990 0.0000000000
45107  -47.555  -31.554  45.883 0.0000000000
25637  -45.264  -53.574  52.017 0.0000000000
24781  -46.007  -54.938  51.522 0.0000000000
26523  -46.177  -53.693  51.661 0.0000000000
27473  -45.270  -52.729  49.624 0.0000000000
27500  -45.138  -52.062  47.807 0.0000000000
31165  -40.717  -47.191  48.357 0.0000000000
30264  -41.452  -48.318  47.438 0.0000000000
31182  -41.113  -47.280  46.720 0.0000000000
32017  -41.816  -46.958  45.227 0.0000000000
32024  -41.635  -46.767  44.412 0.0000000000
32041  -41.968  -46.298  42.272 0.0000000000
109292  -40.690  -45.775  43.925 0.0000000000
37815  -42.967  -38.930  46.787 0.0000000000
38683  -42.674  -38.603  45.970 0.0000000000
50393  -48.505  -25.352  49.655 0.0000000000
49549  -49.066  -26.031  48.194 0.0000000000
50406  -49.511  -25.540  48.785 0.0000000000
49551  -50.956  -26.115  48.330 0.0000000000
49552  -52.056  -26.255  48.592 0.0000000000
121838  -57.529  -26.054  49.390 0.0000000000
48662  -56.945  -28.120  49.601 0.0000000000
113160  -58.257  -28.326  48.493 0.0000000000
111681  -58.071  -29.742  47.642 0.0000000000
46058  -58.212  -31.194  46.570 0.0000000000
46070  -56.871  -31.469  44.912 0.0000000000
46936  -56.544  -29.857  45.451 0.0000000000
46948  -54.793  -29.142  44.641 0.0000000000
47812  -53.710  -27.807  44.176 0.0000000000
52216  -57.881  -23.269  41.226 0.0000000000
122708  -56.882  -24.612  41.582 0.0000000000
113392  -56.759  -24.551  40.304 0.0000000000
28331  -30.382  -50.992  58.494 0.0000000000
28337  -29.537  -51.121  57.775 0.0000000000
28349  -30.120  -50.938  56.743 0.0000000000
121419  -29.691  -51.044  55.419 0.0000000000
28375  -29.544  -50.992  54.673 0.0000000000
28408  -32.235  -51.059  51.232 0.0000000000
28407  -31.176  -50.974  51.489 0.0000000000
120226  -31.585  -50.499  50.725 0.0000000000
29329  -31.285  -49.516  49.418 0.0000000000
121997  -30.430  -48.815  48.294 0.0000000000
30260  -29.799  -48.296  47.124 0.0000000000
30262  -31.409  -48.779  47.313 0.0000000000
26546  -41.835  -52.576  48.628 0.0000000000
26531  -39.637  -53.432  49.110 0.0000000000
27484  -40.422  -51.725  48.470 0.0000000000
28439  -39.016  -51.198  48.166 0.0000000000
125559  -37.866  -51.221  47.659 0.0000000000
116722  -46.162  -37.153  46.945 0.0000000000
40626  -46.779  -36.865  46.680 0.0000000000
39655  -46.713  -37.010  47.481 0.0000000000
40598  -48.159  -36.633  48.051 0.0000000000
40599  -49.242  -36.458  48.724 0.0000000000
40581  -49.479  -37.069  50.717 0.0000000000
40591  -50.433  -36.348  50.296 0.0000000000
40592  -51.879  -36.212  50.120 0.0000000000
41469  -52.782  -35.316  50.736 0.0000000000
43234  -51.814  -34.102  50.826 0.0000000000
43242  -49.419  -33.249  50.036 0.0000000000
31151  -45.463  -48.193  52.349 0.0000000000
29321  -44.512  -49.466  50.941 0.0000000000
31150  -44.970  -47.978  51.471 0.0000000000
106217  -44.141  -47.112  50.482 0.0000000000
125935  -42.824  -46.978  50.015 0.0000000000
33702  -44.637  -44.681  50.427 0.0000000000
32897  -43.685  -45.814  50.232 0.0000000000
32005  -41.801  -46.010  49.281 0.0000000000
116883  -41.426  -45.322  48.991 0.0000000000
33739  -40.615  -44.783  48.233 0.0000000000
34518  -40.639  -43.346  47.351 0.0000000000
35293  -40.487  -42.560  46.689 0.0000000000
35277  -40.835  -42.581  47.548 0.0000000000
36070  -41.364  -41.409  47.529 0.0000000000
36908  -42.341  -40.290  47.582 0.0000000000
36055  -44.176  -41.180  48.871 0.0000000000
36897  -43.748  -40.395  48.449 0.0000000000
36909  -43.083  -39.974  47.876 0.0000000000
37802  -44.086  -39.097  47.744 0.0000000000
38675  -45.199  -38.139  47.454 0.0000000000
121812  -58.717  -25.121  45.274 0.0000000000
52186  -59.131  -22.907  44.895 0.0000000000
53096  -59.181  -22.893  43.900 0.0000000000
107781  -58.620  -22.342  43.180 0.0000000000
53981  -58.508  -21.647  41.714 0.0000000000
54863  -58.777  -20.936  41.070 0.0000000000
30191  -33.415  -48.737  54.102 0.0000000000
28376  -31.727  -50.413  54.576 0.0000000000
115703  -32.778  -51.209  53.569 0.0000000000
26467  -31.830  -53.281  54.616 0.0000000000
110726  -31.406  -53.676  53.315 0.0000000000
23944  -33.331  -55.796  54.011 0.0000000000
25620  -32.403  -54.271  52.801 0.0000000000
26501  -32.274  -52.880  52.160 0.0000000000
26502  -33.358  -52.465  51.647 0.0000000000
27458  -34.713  -51.572  50.166 0.0000000000
27470  -34.950  -51.681  49.082 0.0000000000
40627  -47.645  -36.690  46.641 0.0000000000
39678  -49.072  -37.099  46.207 0.0000000000
39658  -53.285  -37.531  49.112 0.0000000000
113861  -49.705  -32.162  42.435 0.0000000000
45134  -50.412  -31.167  43.236 0.0000000000
23969  -40.362  -57.475  53.388 0.0000000000
22530  -40.514  -58.515  53.077 0.0000000000
22539  -41.942  -58.052  52.066 0.0000000000
23217  -41.870  -57.270  50.721 0.0000000000
24802  -42.333  -55.177  49.537 0.0000000000
118498  -45.574  -55.303  49.880 0.0000000000
25669  -44.770  -54.886  49.330 0.0000000000
26534  -42.377  -53.420  48.976 0.0000000000
26562  -42.259  -52.084  48.077 0.0000000000
27519  -42.972  -51.490  46.359 0.0000000000
28490  -42.272  -50.044  45.374 0.0000000000
28434  -43.439  -50.684  49.763 0.0000000000
28442  -43.327  -51.044  48.794 0.0000000000
28457  -44.996  -51.452  47.033 0.0000000000
30265  -42.018  -48.788  46.879 0.0000000000
29373  -43.824  -49.523  46.089 0.0000000000
28493  -45.558  -50.491  45.117 0.0000000000
28512  -44.743  -50.473  44.028 0.0000000000
29412  -43.308  -49.902  43.898 0.0000000000
108043  -40.237  -42.149  45.785 0.0000000000
37732  -50.124  -39.963  53.655 0.0000000000
38626  -48.901  -38.672  53.302 0.0000000000
30151  -29.811  -49.360  58.971 0.0000000000
31108  -32.876  -47.868  56.744 0.0000000000
30182  -34.340  -48.682  55.415 0.0000000000
29251  -34.786  -49.283  54.971 0.0000000000
25580  -37.359  -53.652  56.214 0.0000000000
24734  -38.059  -54.979  56.065 0.0000000000
24747  -38.503  -55.081  55.019 0.0000000000
122342  -38.773  -55.158  53.249 0.0000000000
24776  -39.769  -55.600  52.060 0.0000000000
24788  -40.888  -54.472  51.086 0.0000000000
25653  -41.935  -53.521  50.934 0.0000000000
27463  -41.134  -51.934  50.868 0.0000000000
26507  -43.353  -52.363  51.532 0.0000000000
27451  -44.103  -51.828  52.155 0.0000000000
28400  -45.055  -50.807  52.851 0.0000000000
123555  -45.046  -49.426  53.347 0.0000000000
30206  -45.382  -48.460  53.400 0.0000000000
31137  -46.145  -47.209  53.717 0.0000000000
31980  -46.686  -46.655  53.539 0.0000000000
35996  -50.170  -41.700  53.393 0.0000000000
109157  -48.295  -37.806  53.199 0.0000000000
40559  -47.952  -36.598  52.688 0.0000000000
112964  -47.405  -35.175  52.399 0.0000000000
44072  -47.573  -32.452  54.512 0.0000000000
43208  -47.416  -33.512  52.440 0.0000000000
42312  -47.879  -34.310  51.432 0.0000000000
43231  -47.661  -32.995  50.953 0.0000000000
44107  -48.078  -32.233  50.561 0.0000000000
45056  -48.439  -31.596  49.700 0.0000000000
109207  -48.357  -28.893  51.496 0.0000000000
46012  -48.175  -30.362  50.508 0.0000000000
45055  -47.925  -30.998  49.227 0.0000000000
46029  -47.603  -30.795  48.401 0.0000000000
123197  -47.440  -29.823  47.151 0.0000000000
46051  -47.653  -30.213  45.788 0.0000000000
48691  -48.901  -27.197  47.258 0.0000000000
47781  -48.283  -28.281  46.482 0.0000000000
46052  -48.191  -30.054  45.220 0.0000000000
46945  -49.380  -29.973  44.754 0.0000000000
109453  -50.832  -30.214  44.258 0.0000000000
45122  -52.078  -31.082  44.023 0.0000000000
105341  -53.066  -26.245  49.318 0.0000000000
48673  -53.203  -27.407  48.275 0.0000000000
48674  -55.957  -28.293  49.443 0.0000000000
47772  -55.190  -29.007  48.002 0.0000000000
47786  -53.661  -28.916  46.880 0.0000000000
46935  -53.502  -29.922  45.770 0.0000000000
46068  -53.368  -31.033  44.892 0.0000000000
45137  -53.589  -32.064  43.722 0.0000000000
44213  -54.259  -33.036  43.410 0.0000000000
43329  -56.213  -34.370  43.122 0.0000000000
43330  -56.570  -34.088  42.568 0.0000000000
121668  -56.016  -31.935  43.840 0.0000000000
44215  -56.518  -33.209  43.105 0.0000000000
45160  -55.732  -32.518  41.826 0.0000000000
50472  -56.534  -25.235  44.524 0.0000000000
50470  -54.620  -25.861  44.250 0.0000000000
49634  -53.506  -26.905  43.502 0.0000000000
50502  -55.294  -25.217  41.341 0.0000000000
49658  -53.100  -26.246  41.697 0.0000000000
47846  -52.460  -28.108  41.935 0.0000000000
28347  -27.734  -50.262  56.646 0.0000000000
27413  -30.654  -51.852  54.621 0.0000000000
27412  -30.012  -51.519  54.283 0.0000000000
28396  -29.532  -50.701  52.825 0.0000000000
28406  -30.368  -50.796  51.757 0.0000000000
29295  -29.203  -49.883  51.513 0.0000000000
29294  -28.513  -49.465  51.629 0.0000000000
30222  -27.825  -48.703  50.606 0.0000000000
23196  -38.722  -57.585  51.546 0.0000000000
23205  -37.912  -56.890  50.627 0.0000000000
23989  -37.208  -55.479  49.243 0.0000000000
24812  -38.060  -54.642  48.617 0.0000000000
24811  -36.927  -55.038  48.174 0.0000000000
25649  -36.537  -54.671  49.132 0.0000000000
25663  -36.134  -54.232  48.818 0.0000000000
26541  -35.525  -53.962  47.899 0.0000000000
122855  -34.776  -52.063  48.219 0.0000000000
29351  -38.054  -49.950  47.370 0.0000000000
28450  -36.751  -51.274  47.143 0.0000000000
27517  -35.937  -51.953  46.716 0.0000000000
26580  -34.834  -53.912  46.706 0.0000000000
26559  -34.842  -54.129  46.812 0.0000000000
28448  -34.008  -51.759  47.411 0.0000000000
38644  -49.412  -39.257  52.182 0.0000000000
36860  -49.494  -40.523  52.436 0.0000000000
124261  -48.342  -41.171  51.860 0.0000000000
36871  -48.796  -40.502  51.817 0.0000000000
44225  -51.182  -32.038  42.202 0.0000000000
44238  -50.688  -32.457  41.476 0.0000000000
44226  -52.301  -32.499  42.308 0.0000000000
44240  -52.703  -33.052  41.799 0.0000000000
23179  -38.854  -57.177  55.078 0.0000000000
22518  -38.638  -57.530  54.750 0.0000000000
22524  -39.187  -57.498  53.852 0.0000000000
112775  -48.772  -33.397  48.330 0.0000000000
44136  -48.502  -32.449  48.892 0.0000000000
110720  -45.371  -50.381  52.562 0.0000000000
28413  -45.493  -50.560  51.960 0.0000000000
33747  -40.434  -44.408  46.411 0.0000000000
32913  -40.481  -45.150  46.309 0.0000000000
39677  -44.883  -37.452  46.028 0.0000000000
50437  -58.942  -25.126  47.122 0.0000000000
126386  -58.389  -26.414  47.033 0.0000000000
50436  -58.561  -25.756  46.640 0.0000000000
49582  -56.794  -26.890  46.433 0.0000000000
50435  -57.538  -26.168  46.355 0.0000000000
114244  -31.252  -48.698  56.179 0.0000000000
29249  -31.060  -49.414  56.013 0.0000000000
29250  -31.420  -49.733  55.263 0.0000000000
28431  -33.714  -50.258  48.949 0.0000000000
29371  -41.458  -49.625  45.768 0.0000000000
28469  -40.807  -49.896  46.671 0.0000000000
29370  -40.663  -49.238  45.985 0.0000000000
39632  -46.931  -37.763  49.258 0.0000000000
40569  -49.867  -36.344  51.894 0.0000000000
42313  -48.961  -34.550  51.419 0.0000000000
31995  -46.302  -46.223  52.037 0.0000000000
32885  -46.463  -45.405  51.907 0.0000000000
111823  -44.071  -43.431  49.609 0.0000000000
35242  -43.714  -42.785  49.168 0.0000000000
35261  -43.071  -42.620  48.756 0.0000000000
27416  -35.630  -51.706  54.648 0.0000000000
26480  -34.431  -52.847  53.546 0.0000000000
26481  -35.215  -53.233  53.848 0.0000000000
24773  -35.945  -54.820  51.642 0.0000000000
24772  -35.017  -54.662  52.208 0.0000000000
119811  -52.542  -36.543  47.477 0.0000000000
43297  -47.698  -32.934  44.710 0.0000000000
44196  -47.778  -32.174  44.604 0.0000000000
44197  -48.144  -32.105  44.073 0.0000000000
45120  -48.092  -31.416  44.442 0.0000000000
24790  -43.392  -55.031  51.233 0.0000000000
23973  -43.969  -56.268  51.507 0.0000000000
24779  -44.656  -55.413  51.524 0.0000000000
26565  -46.412  -53.102  47.251 0.0000000000
25697  -46.161  -54.024  47.039 0.0000000000
25711  -46.190  -53.554  46.398 0.0000000000
26584  -45.529  -53.232  46.006 0.0000000000
26606  -46.143  -52.565  45.524 0.0000000000
31160  -42.369  -47.758  49.750 0.0000000000
30239  -41.680  -48.467  49.153 0.0000000000
117180  -43.082  -47.530  43.630 0.0000000000
31205  -43.260  -47.731  44.354 0.0000000000
31215  -43.789  -47.912  43.536 0.0000000000
31227  -43.495  -47.823  42.897 0.0000000000
50392  -47.988  -25.844  50.161 0.0000000000
49535  -47.710  -26.587  49.959 0.0000000000
48658  -47.611  -27.407  49.733 0.0000000000
118966  -47.668  -27.189  48.746 0.0000000000
48694  -51.803  -27.413  47.408 0.0000000000
48708  -51.314  -27.784  46.807 0.0000000000
108173  -51.791  -28.319  46.338 0.0000000000
51264  -56.280  -24.307  50.898 0.0000000000
50370  -56.145  -24.605  51.156 0.0000000000
50386  -55.986  -25.318  51.233 0.0000000000
49530  -56.372  -26.082  50.741 0.0000000000
45088  -58.093  -32.174  47.259 0.0000000000
45087  -57.333  -32.097  47.198 0.0000000000
44168  -57.423  -32.491  46.388 0.0000000000
45110  -55.931  -32.317  46.039 0.0000000000
44184  -56.750  -32.825  45.629 0.0000000000
43286  -57.122  -33.208  45.013 0.0000000000
44201  -57.339  -32.832  45.186 0.0000000000
46955  -54.003  -29.316  43.286 0.0000000000
46963  -52.790  -28.890  42.176 0.0000000000
51346  -58.134  -23.763  42.742 0.0000000000
51345  -57.083  -24.764  43.041 0.0000000000
51353  -57.387  -24.391  42.340 0.0000000000
116190  -29.467  -51.332  59.372 0.0000000000
123715  -28.691  -50.132  53.697 0.0000000000
113180  -27.734  -49.471  52.890 0.0000000000
29279  -28.375  -49.613  52.492 0.0000000000
26487  -30.782  -52.365  52.691 0.0000000000
24801  -40.950  -54.858  49.474 0.0000000000
25666  -40.101  -54.014  49.368 0.0000000000
26561  -36.546  -53.143  47.524 0.0000000000
27495  -36.236  -52.542  47.176 0.0000000000
110155  -47.825  -38.781  50.591 0.0000000000
39603  -49.275  -37.943  51.953 0.0000000000
35206  -48.127  -43.238  52.576 0.0000000000
34440  -47.403  -43.374  52.171 0.0000000000
35222  -47.704  -42.623  52.187 0.0000000000
36019  -46.855  -41.957  51.311 0.0000000000
35230  -46.388  -42.292  50.851 0.0000000000
36028  -45.918  -41.829  50.332 0.0000000000
36039  -45.327  -41.483  49.708 0.0000000000
124461  -46.194  -41.273  50.416 0.0000000000
106757  -47.095  -40.064  50.758 0.0000000000
44252  -51.160  -32.878  40.780 0.0000000000
24746  -36.643  -55.371  55.323 0.0000000000
23932  -35.943  -56.618  55.142 0.0000000000
113356  -36.402  -57.237  55.224 0.0000000000
22528  -37.338  -57.626  54.066 0.0000000000
23189  -36.578  -57.284  53.273 0.0000000000
23194  -37.009  -56.996  52.014 0.0000000000
39704  -47.350  -37.172  45.329 0.0000000000
42338  -53.146  -35.590  49.669 0.0000000000
40601  -53.432  -36.373  49.811 0.0000000000
42351  -48.858  -34.192  46.910 0.0000000000
44166  -47.820  -32.864  46.838 0.0000000000
112944  -47.569  -32.242  46.335 0.0000000000
123360  -47.511  -31.491  46.772 0.0000000000
26509  -45.450  -52.820  52.243 0.0000000000
25638  -46.012  -53.912  52.030 0.0000000000
26510  -45.734  -52.839  52.108 0.0000000000
27465  -45.557  -52.023  50.951 0.0000000000
113236  -46.086  -53.383  50.658 0.0000000000
27486  -44.589  -51.890  48.668 0.0000000000
32010  -40.589  -46.235  48.384 0.0000000000
31174  -40.670  -47.240  47.597 0.0000000000
32013  -40.435  -46.493  47.757 0.0000000000
114881  -41.158  -46.528  46.147 0.0000000000
32016  -41.229  -46.229  45.293 0.0000000000
107926  -41.337  -46.440  43.592 0.0000000000
38673  -43.711  -38.710  47.090 0.0000000000
38684  -43.417  -38.366  46.352 0.0000000000
50394  -49.146  -25.058  49.388 0.0000000000
50382  -51.726  -24.880  49.981 0.0000000000
108631  -50.873  -24.942  49.622 0.0000000000
50408  -51.400  -25.554  49.102 0.0000000000
49537  -52.327  -25.518  49.554 0.0000000000
51285  -59.031  -24.730  48.305 0.0000000000
119834  -58.456  -23.298  48.222 0.0000000000
112327  -58.469  -25.141  48.625 0.0000000000
50409  -58.174  -25.920  48.848 0.0000000000
49554  -57.976  -26.718  49.150 0.0000000000
48676  -58.295  -27.503  48.704 0.0000000000
47788  -57.887  -28.750  47.317 0.0000000000
47773  -58.311  -28.826  48.089 0.0000000000
46923  -57.696  -29.502  46.826 0.0000000000
46924  -58.283  -30.644  47.155 0.0000000000
46937  -57.544  -30.209  46.243 0.0000000000
47804  -56.735  -29.096  45.999 0.0000000000
48717  -55.463  -27.226  45.800 0.0000000000
47814  -55.431  -28.804  45.364 0.0000000000
47802  -54.966  -27.762  45.354 0.0000000000
47813  -54.472  -28.245  44.774 0.0000000000
48723  -54.296  -27.363  44.744 0.0000000000
52224  -58.057  -23.110  40.315 0.0000000000
52223  -57.565  -23.730  40.660 0.0000000000
29230  -30.465  -50.317  58.153 0.0000000000
28338  -30.197  -50.957  57.672 0.0000000000
28332  -30.447  -50.714  57.836 0.0000000000
28362  -30.723  -50.975  55.928 0.0000000000
28361  -30.193  -51.110  55.913 0.0000000000
106584  -32.487  -50.402  50.427 0.0000000000
29330  -32.270  -49.446  49.137 0.0000000000
29338  -30.763  -49.182  48.845 0.0000000000
30251  -31.214  -48.724  48.038 0.0000000000
30252  -31.958  -48.959  47.687 0.0000000000
29348  -31.851  -49.207  46.909 0.0000000000
27485  -41.356  -51.808  48.326 0.0000000000
26545  -40.883  -52.413  48.859 0.0000000000
27497  -40.840  -51.164  47.878 0.0000000000
28452  -39.412  -50.474  47.750 0.0000000000
28440  -39.913  -51.059  48.135 0.0000000000
27496  -38.449  -50.692  47.724 0.0000000000
39647  -47.667  -37.084  48.820 0.0000000000
39656  -47.304  -36.843  47.979 0.0000000000
114545  -49.300  -36.486  49.568 0.0000000000
39615  -48.501  -37.454  50.367 0.0000000000
106021  -51.085  -36.061  51.577 0.0000000000
41477  -53.067  -36.111  50.325 0.0000000000
40572  -52.429  -35.651  50.992 0.0000000000
43221  -51.285  -34.272  51.339 0.0000000000
43233  -50.494  -33.680  50.695 0.0000000000
43243  -50.940  -33.767  50.074 0.0000000000
31993  -45.423  -47.361  51.761 0.0000000000
105471  -45.054  -46.288  50.684 0.0000000000
32002  -44.779  -47.073  50.840 0.0000000000
31157  -43.408  -47.596  50.316 0.0000000000
32007  -43.540  -46.666  50.275 0.0000000000
127180  -45.909  -44.697  51.247 0.0000000000
33703  -45.325  -44.250  50.653 0.0000000000
33725  -43.400  -44.230  49.592 0.0000000000
33701  -43.869  -44.925  50.215 0.0000000000
32905  -43.123  -45.160  49.757 0.0000000000
32006  -42.785  -46.105  49.791 0.0000000000
32904  -42.262  -45.287  49.371 0.0000000000
33740  -41.143  -44.058  48.505 0.0000000000
109132  -40.696  -44.044  47.886 0.0000000000
34498  -40.935  -43.264  48.077 0.0000000000
35259  -41.339  -42.540  48.139 0.0000000000
36052  -41.786  -41.849  48.095 0.0000000000
36071  -42.119  -41.084  47.897 0.0000000000
36896  -42.964  -40.810  48.097 0.0000000000
109704  -44.794  -41.084  49.275 0.0000000000
36887  -44.536  -40.414  48.987 0.0000000000
37794  -43.717  -39.665  48.050 0.0000000000
37801  -43.363  -39.338  47.464 0.0000000000
53950  -58.287  -21.970  43.826 0.0000000000
111009  -58.311  -21.473  43.309 0.0000000000
54847  -58.751  -20.761  42.148 0.0000000000
54848  -59.225  -19.977  41.629 0.0000000000
30198  -33.799  -48.915  53.808 0.0000000000
29271  -32.995  -49.653  53.659 0.0000000000
28388  -33.389  -50.332  53.534 0.0000000000
25592  -32.141  -54.069  54.528 0.0000000000
26478  -32.860  -52.946  53.799 0.0000000000
25605  -31.461  -54.204  53.957 0.0000000000
24762  -31.742  -54.606  53.958 0.0000000000
23177  -34.322  -56.318  54.299 0.0000000000
118310  -33.722  -55.459  54.393 0.0000000000
115834  -33.832  -56.273  54.125 0.0000000000
25622  -34.351  -54.041  52.034 0.0000000000
24764  -32.814  -54.923  53.139 0.0000000000
25621  -33.310  -54.209  52.376 0.0000000000
26490  -32.838  -53.482  52.162 0.0000000000
26516  -34.983  -52.439  50.516 0.0000000000
40609  -47.425  -36.720  47.341 0.0000000000
40629  -49.655  -36.885  47.293 0.0000000000
105230  -52.323  -37.095  49.145 0.0000000000
38676  -53.845  -38.660  48.879 0.0000000000
42373  -48.928  -34.875  45.614 0.0000000000
42385  -48.057  -33.437  44.088 0.0000000000
43325  -48.553  -33.541  42.624 0.0000000000
44211  -49.045  -32.156  43.073 0.0000000000
45145  -49.737  -31.631  42.914 0.0000000000
23970  -41.082  -57.000  52.590 0.0000000000
23197  -41.254  -58.130  53.105 0.0000000000
23198  -41.788  -57.682  52.426 0.0000000000
23219  -43.785  -57.140  50.674 0.0000000000
23209  -43.336  -57.445  51.147 0.0000000000
23994  -43.084  -56.345  49.996 0.0000000000
125265  -41.680  -56.243  50.062 0.0000000000
126622  -46.376  -54.908  50.823 0.0000000000
23997  -45.746  -55.612  50.636 0.0000000000
24803  -46.114  -55.023  50.272 0.0000000000
25683  -43.758  -53.937  48.831 0.0000000000
25668  -43.042  -54.347  49.271 0.0000000000
26547  -42.836  -53.031  48.355 0.0000000000
26563  -43.210  -52.682  47.678 0.0000000000
27520  -43.751  -52.206  45.702 0.0000000000
27543  -43.259  -51.401  45.267 0.0000000000
28471  -42.591  -50.769  45.832 0.0000000000
28491  -42.951  -50.684  44.866 0.0000000000
29320  -43.556  -49.695  50.301 0.0000000000
28456  -43.660  -51.267  47.770 0.0000000000
30278  -42.720  -48.363  46.015 0.0000000000
30297  -44.171  -48.458  44.627 0.0000000000
29392  -44.379  -49.165  45.082 0.0000000000
29374  -44.738  -49.986  45.548 0.0000000000
29393  -44.990  -49.772  44.624 0.0000000000
28513  -45.383  -50.723  44.452 0.0000000000
29413  -45.084  -49.803  44.042 0.0000000000
29446  -43.548  -49.106  42.925 0.0000000000
29411  -42.320  -49.715  43.968 0.0000000000
36081  -40.554  -41.628  46.379 0.0000000000
29227  -29.613  -49.990  59.484 0.0000000000
30163  -33.836  -48.135  56.845 0.0000000000
26456  -37.057  -52.823  56.346 0.0000000000
24775  -38.882  -54.546  52.367 0.0000000000
24768  -39.111  -56.062  52.991 0.0000000000
25652  -41.097  -53.559  50.900 0.0000000000
28410  -41.771  -50.352  51.208 0.0000000000
27449  -41.907  -51.222  51.047 0.0000000000
26506  -42.210  -52.096  51.032 0.0000000000
27450  -42.923  -51.520  51.517 0.0000000000
28412  -43.622  -51.034  52.076 0.0000000000
28399  -44.268  -50.553  52.581 0.0000000000
29283  -44.856  -50.009  53.078 0.0000000000
30200  -45.220  -48.436  53.567 0.0000000000
31136  -45.484  -47.747  53.636 0.0000000000
31963  -46.030  -47.166  54.067 0.0000000000
31965  -47.068  -46.423  53.943 0.0000000000
124074  -47.525  -45.935  54.025 0.0000000000
32863  -47.182  -46.252  53.648 0.0000000000
36846  -50.172  -40.697  53.323 0.0000000000
39585  -48.199  -38.175  54.134 0.0000000000
39584  -47.792  -37.333  53.814 0.0000000000
41439  -47.450  -35.931  52.897 0.0000000000
114009  -47.443  -32.759  52.804 0.0000000000
43218  -47.623  -33.637  51.545 0.0000000000
44097  -47.507  -32.727  51.854 0.0000000000
45034  -47.786  -31.560  50.953 0.0000000000
45046  -48.330  -31.501  50.355 0.0000000000
44108  -48.657  -32.328  50.050 0.0000000000
120905  -48.302  -30.975  50.221 0.0000000000
49519  -48.080  -26.929  51.925 0.0000000000
47737  -48.508  -28.403  52.142 0.0000000000
47742  -48.410  -28.226  51.365 0.0000000000
121251  -47.900  -29.230  50.185 0.0000000000
46011  -47.986  -29.935  50.024 0.0000000000
46017  -48.198  -30.699  49.863 0.0000000000
46016  -47.723  -30.281  49.177 0.0000000000
47771  -47.556  -28.381  47.474 0.0000000000
46909  -47.455  -29.112  47.349 0.0000000000
46043  -47.493  -30.191  46.559 0.0000000000
46920  -47.588  -29.415  46.490 0.0000000000
49567  -48.745  -26.591  47.803 0.0000000000
47783  -49.940  -28.218  46.265 0.0000000000
47782  -49.077  -28.219  46.278 0.0000000000
47797  -48.540  -28.768  45.877 0.0000000000
46931  -48.853  -29.437  45.317 0.0000000000
125456  -48.710  -29.986  44.947 0.0000000000
46932  -49.909  -29.287  45.249 0.0000000000
119445  -51.822  -29.333  45.355 0.0000000000
46947  -51.345  -29.717  44.724 0.0000000000
46053  -51.696  -30.404  44.365 0.0000000000
46078  -51.145  -30.821  43.777 0.0000000000
49538  -54.102  -26.213  49.989 0.0000000000
50397  -53.905  -25.459  50.828 0.0000000000
49553  -53.808  -27.059  49.035 0.0000000000
125191  -54.014  -27.688  48.472 0.0000000000
47761  -57.173  -29.051  49.134 0.0000000000
47747  -56.569  -28.523  49.458 0.0000000000
47760  -56.416  -29.083  49.098 0.0000000000
46922  -55.117  -30.028  47.261 0.0000000000
46911  -55.661  -29.852  47.889 0.0000000000
46910  -54.662  -29.331  47.341 0.0000000000
117848  -54.150  -28.602  47.566 0.0000000000
46044  -54.251  -29.693  46.505 0.0000000000
46921  -53.165  -29.233  46.174 0.0000000000
121781  -54.279  -30.301  45.992 0.0000000000
45124  -54.786  -32.380  44.940 0.0000000000
45108  -54.210  -31.463  45.217 0.0000000000
45123  -53.947  -31.742  44.462 0.0000000000
114415  -52.994  -31.354  44.208 0.0000000000
43299  -56.578  -33.492  44.237 0.0000000000
43314  -55.968  -34.302  43.436 0.0000000000
43315  -56.377  -34.088  43.473 0.0000000000
42397  -56.452  -34.235  42.960 0.0000000000
44229  -56.657  -33.940  43.051 0.0000000000
125601  -56.251  -30.567  44.937 0.0000000000
45125  -56.806  -32.167  44.481 0.0000000000
46080  -55.850  -31.094  44.224 0.0000000000
45149  -54.971  -31.408  42.537 0.0000000000
45139  -55.738  -32.207  43.157 0.0000000000
45150  -55.679  -32.374  42.448 0.0000000000
51322  -58.884  -24.776  44.714 0.0000000000
50473  -58.020  -25.141  44.812 0.0000000000
50482  -55.737  -25.204  43.734 0.0000000000
50481  -54.425  -25.734  43.478 0.0000000000
49635  -54.114  -26.423  43.880 0.0000000000
49650  -53.941  -26.280  43.228 0.0000000000
51358  -55.976  -25.057  40.807 0.0000000000
51352  -56.225  -24.960  41.471 0.0000000000
50500  -53.725  -25.824  41.219 0.0000000000
49648  -52.758  -26.837  42.083 0.0000000000
28348  -29.735  -50.958  57.059 0.0000000000
116429  -28.684  -50.710  56.982 0.0000000000
28360  -28.267  -50.313  55.949 0.0000000000
29259  -27.473  -49.587  54.381 0.0000000000
29247  -27.257  -49.691  55.210 0.0000000000
29268  -26.192  -49.500  53.344 0.0000000000
29292  -26.797  -48.973  51.813 0.0000000000
105239  -26.065  -49.062  51.968 0.0000000000
30209  -26.336  -48.780  51.353 0.0000000000
122065  -26.265  -48.450  50.107 0.0000000000
27415  -31.865  -51.639  54.491 0.0000000000
27414  -31.180  -51.518  55.013 0.0000000000
27434  -30.259  -52.028  53.057 0.0000000000
27422  -29.955  -51.392  53.388 0.0000000000
28418  -30.684  -50.379  50.877 0.0000000000
29326  -28.920  -49.331  50.171 0.0000000000
29311  -29.283  -49.640  50.752 0.0000000000
125497  -28.867  -49.583  51.162 0.0000000000
29309  -27.953  -48.961  51.235 0.0000000000
107053  -30.335  -48.629  46.506 0.0000000000
30270  -29.606  -48.328  46.275 0.0000000000
22537  -40.736  -58.497  52.468 0.0000000000
22536  -39.841  -58.464  52.627 0.0000000000
22545  -39.636  -57.915  51.560 0.0000000000
23214  -37.979  -56.442  49.821 0.0000000000
23981  -37.530  -56.170  49.940 0.0000000000
23990  -37.494  -55.695  49.248 0.0000000000
26544  -39.812  -52.579  48.818 0.0000000000
25682  -38.764  -53.444  48.681 0.0000000000
25680  -36.380  -54.909  47.729 0.0000000000
24810  -36.241  -55.087  47.907 0.0000000000
24796  -36.679  -55.020  48.483 0.0000000000
25664  -36.031  -55.151  47.988 0.0000000000
27480  -35.169  -52.959  48.126 0.0000000000
27493  -34.729  -53.349  47.378 0.0000000000
29367  -37.633  -49.430  46.786 0.0000000000
28468  -37.207  -50.292  46.974 0.0000000000
28466  -35.660  -51.318  46.211 0.0000000000
26581  -35.367  -53.420  46.808 0.0000000000
26558  -34.271  -53.573  46.821 0.0000000000
37764  -48.940  -39.327  51.504 0.0000000000
36008  -48.899  -41.733  52.406 0.0000000000
35223  -48.005  -41.906  52.140 0.0000000000
36020  -47.398  -41.388  51.459 0.0000000000
44237  -49.784  -32.630  41.691 0.0000000000
43337  -52.260  -33.142  41.017 0.0000000000
43326  -53.647  -33.442  42.042 0.0000000000
23171  -37.886  -56.677  55.792 0.0000000000
120963  -37.296  -57.467  55.349 0.0000000000
22517  -37.942  -57.682  55.140 0.0000000000
22523  -38.196  -57.680  54.595 0.0000000000
40639  -47.496  -36.834  45.959 0.0000000000
42328  -51.631  -34.571  49.356 0.0000000000
43269  -49.238  -34.086  47.822 0.0000000000
44154  -48.170  -32.703  47.798 0.0000000000
27438  -45.462  -51.781  52.272 0.0000000000
27452  -45.533  -51.399  51.849 0.0000000000
27464  -44.474  -51.287  50.351 0.0000000000
121388  -40.479  -45.853  46.907 0.0000000000
125067  -40.551  -45.281  45.792 0.0000000000
32916  -40.638  -45.501  45.290 0.0000000000
32919  -40.498  -45.485  44.618 0.0000000000
33753  -40.114  -44.934  44.861 0.0000000000
49573  -58.813  -26.283  48.096 0.0000000000
48677  -58.579  -27.044  48.249 0.0000000000
49572  -58.561  -26.926  47.747 0.0000000000
48711  -57.427  -27.719  46.903 0.0000000000
48710  -56.290  -27.474  46.368 0.0000000000
49581  -55.958  -26.812  46.072 0.0000000000
49595  -55.483  -26.437  45.544 0.0000000000
29242  -30.765  -50.116  56.604 0.0000000000
28351  -30.969  -50.457  56.025 0.0000000000
109568  -33.468  -50.396  50.093 0.0000000000
29331  -33.048  -49.619  48.793 0.0000000000
29340  -32.677  -49.309  48.134 0.0000000000
124073  -33.106  -49.817  47.442 0.0000000000
29364  -32.998  -50.310  46.931 0.0000000000
28454  -41.339  -50.620  47.199 0.0000000000
29353  -39.816  -49.904  47.159 0.0000000000
40590  -48.443  -36.943  49.689 0.0000000000
40571  -51.737  -35.675  51.470 0.0000000000
41467  -52.206  -35.215  51.535 0.0000000000
42315  -51.907  -34.945  51.695 0.0000000000
43220  -49.938  -33.983  51.209 0.0000000000
127042  -46.504  -46.654  52.819 0.0000000000
32003  -45.647  -46.379  51.334 0.0000000000
34455  -45.317  -43.292  50.380 0.0000000000
34477  -44.678  -43.793  50.246 0.0000000000
34475  -42.567  -43.950  49.158 0.0000000000
36054  -43.525  -41.257  48.497 0.0000000000
37787  -45.936  -40.349  49.935 0.0000000000
37795  -45.257  -39.222  48.657 0.0000000000
38666  -44.833  -38.814  48.006 0.0000000000
112300  -34.086  -50.932  53.347 0.0000000000
27426  -34.350  -51.811  53.446 0.0000000000
25606  -33.361  -53.693  53.903 0.0000000000
116308  -32.713  -54.569  54.375 0.0000000000
24766  -34.807  -55.453  52.883 0.0000000000
23955  -33.872  -56.051  53.616 0.0000000000
125016  -34.593  -53.430  51.494 0.0000000000
26503  -35.165  -53.225  50.831 0.0000000000
26517  -35.757  -53.207  49.796 0.0000000000
41501  -52.714  -36.135  48.209 0.0000000000
40614  -54.103  -37.683  48.659 0.0000000000
43285  -47.801  -33.698  45.639 0.0000000000
42371  -47.751  -33.621  44.883 0.0000000000
43312  -48.316  -33.091  43.407 0.0000000000
45132  -48.567  -31.761  43.771 0.0000000000
24778  -41.704  -55.567  51.278 0.0000000000
23971  -42.432  -56.869  51.823 0.0000000000
23972  -43.364  -56.849  51.556 0.0000000000
23201  -43.958  -57.093  51.427 0.0000000000
23211  -44.464  -56.743  50.729 0.0000000000
116364  -46.392  -54.273  49.143 0.0000000000
25670  -46.212  -54.797  49.127 0.0000000000
25685  -46.206  -54.336  47.875 0.0000000000
25696  -45.862  -54.228  47.409 0.0000000000
26564  -44.493  -53.371  47.149 0.0000000000
26583  -44.558  -52.940  46.277 0.0000000000
26604  -44.711  -52.528  45.382 0.0000000000
27545  -45.006  -52.048  44.683 0.0000000000
29319  -42.901  -49.084  49.995 0.0000000000
29333  -42.884  -49.842  49.702 0.0000000000
29332  -42.147  -49.422  49.322 0.0000000000
29343  -42.079  -49.908  48.624 0.0000000000
122290  -42.488  -47.835  45.685 0.0000000000
30296  -43.370  -48.013  45.106 0.0000000000
30311  -44.400  -48.394  43.894 0.0000000000
30312  -44.691  -49.015  43.753 0.0000000000
30323  -44.053  -48.476  43.313 0.0000000000
36082  -40.979  -41.095  46.866 0.0000000000
25634  -38.652  -53.468  51.661 0.0000000000
123075  -38.534  -52.780  51.233 0.0000000000
29300  -42.620  -49.828  51.855 0.0000000000
28398  -43.332  -50.369  52.141 0.0000000000
119208  -43.178  -49.040  52.402 0.0000000000
31943  -46.475  -46.499  54.241 0.0000000000
40533  -47.905  -36.451  55.552 0.0000000000
41431  -47.429  -35.659  54.706 0.0000000000
124638  -47.341  -34.976  54.456 0.0000000000
115056  -47.398  -34.237  54.329 0.0000000000
45013  -47.581  -31.316  53.295 0.0000000000
114643  -47.593  -31.778  51.721 0.0000000000
45024  -47.582  -31.111  52.386 0.0000000000
124126  -47.674  -30.366  52.161 0.0000000000
46005  -47.889  -30.131  51.569 0.0000000000
50380  -47.837  -25.637  50.931 0.0000000000
49527  -47.887  -26.571  50.876 0.0000000000
48651  -47.992  -27.944  50.598 0.0000000000
47746  -47.670  -28.450  49.833 0.0000000000
47758  -47.530  -28.497  48.901 0.0000000000
49569  -50.436  -26.663  47.731 0.0000000000
48692  -49.947  -27.187  47.215 0.0000000000
48707  -50.389  -27.741  46.771 0.0000000000
47799  -50.381  -28.696  45.731 0.0000000000
47800  -51.333  -28.724  45.768 0.0000000000
46934  -52.646  -29.619  45.579 0.0000000000
50385  -55.089  -25.301  51.369 0.0000000000
49539  -55.180  -26.598  50.417 0.0000000000
46913  -57.444  -30.603  48.020 0.0000000000
46912  -56.576  -30.347  48.148 0.0000000000
46037  -57.198  -31.296  47.650 0.0000000000
46036  -56.189  -31.353  47.065 0.0000000000
45097  -55.438  -31.601  46.415 0.0000000000
45109  -55.028  -31.973  45.668 0.0000000000
44199  -55.539  -33.279  44.571 0.0000000000
44200  -56.366  -33.402  44.800 0.0000000000
46079  -54.794  -30.268  43.670 0.0000000000
46086  -54.285  -30.426  42.772 0.0000000000
46096  -54.211  -30.953  42.087 0.0000000000
125430  -58.539  -24.240  43.840 0.0000000000
50484  -57.472  -24.847  43.899 0.0000000000
51337  -57.961  -24.367  43.373 0.0000000000
50493  -56.216  -25.055  42.919 0.0000000000
50523  -54.639  -25.291  39.849 0.0000000000
50510  -54.549  -25.494  40.785 0.0000000000
28336  -27.622  -50.428  57.481 0.0000000000
110285  -28.928  -50.539  55.140 0.0000000000
29269  -27.145  -49.472  53.476 0.0000000000
30210  -27.184  -48.724  51.182 0.0000000000
26466  -31.360  -53.145  54.374 0.0000000000
26465  -30.856  -52.763  54.165 0.0000000000
26476  -30.692  -52.748  53.499 0.0000000000
29328  -30.379  -49.521  49.630 0.0000000000
29327  -29.568  -49.432  49.897 0.0000000000
30223  -28.369  -48.953  49.980 0.0000000000
31164  -27.905  -48.001  48.194 0.0000000000
31171  -27.640  -47.669  47.316 0.0000000000
31180  -28.284  -47.742  46.482 0.0000000000
23208  -40.779  -57.258  50.576 0.0000000000
23207  -39.562  -57.283  50.577 0.0000000000
23216  -39.655  -56.570  49.976 0.0000000000
23992  -39.130  -55.920  49.483 0.0000000000
24799  -38.575  -55.203  49.112 0.0000000000
120050  -38.079  -52.768  48.265 0.0000000000
26542  -36.936  -53.742  47.799 0.0000000000
111302  -34.999  -54.263  46.949 0.0000000000
27542  -34.990  -51.967  45.980 0.0000000000
27515  -34.619  -53.255  46.291 0.0000000000
38659  -47.231  -38.261  50.111 0.0000000000
39616  -48.997  -37.911  51.264 0.0000000000
127020  -49.024  -36.194  52.047 0.0000000000
33675  -47.220  -44.241  52.330 0.0000000000
33674  -46.565  -44.517  51.777 0.0000000000
116624  -46.609  -43.618  51.565 0.0000000000
34439  -46.298  -42.976  51.023 0.0000000000
36877  -46.425  -40.692  50.452 0.0000000000
43353  -52.929  -33.473  40.505 0.0000000000
25593  -35.958  -53.753  54.535 0.0000000000
24756  -35.168  -54.331  53.938 0.0000000000
24745  -35.908  -54.885  54.578 0.0000000000
23931  -35.125  -56.350  54.633 0.0000000000
23178  -35.448  -56.704  54.552 0.0000000000
23184  -36.321  -57.447  54.487 0.0000000000
23188  -35.577  -56.833  53.716 0.0000000000
23956  -35.577  -55.922  52.831 0.0000000000
23966  -36.236  -55.628  52.008 0.0000000000
24774  -36.758  -55.320  50.993 0.0000000000
42337  -52.100  -35.206  48.878 0.0000000000
41510  -51.507  -36.095  46.939 0.0000000000
41517  -50.484  -35.862  46.053 0.0000000000
42362  -48.459  -34.264  46.041 0.0000000000
43276  -48.079  -33.605  46.449 0.0000000000
44182  -47.580  -32.372  45.405 0.0000000000
127316  -47.605  -30.955  45.575 0.0000000000
118536  -45.470  -54.614  51.721 0.0000000000
25639  -46.251  -54.597  51.377 0.0000000000
26549  -46.183  -53.337  48.008 0.0000000000
27501  -45.965  -52.429  47.191 0.0000000000
125401  -41.225  -47.909  48.607 0.0000000000
30253  -40.938  -47.837  47.983 0.0000000000
30263  -41.153  -47.755  47.253 0.0000000000
31181  -40.636  -46.703  47.067 0.0000000000
107151  -41.798  -47.351  45.860 0.0000000000
31204  -42.383  -47.386  44.361 0.0000000000
32033  -42.149  -47.216  43.327 0.0000000000
116960  -42.271  -47.085  42.481 0.0000000000
32925  -40.928  -45.932  42.896 0.0000000000
37800  -42.601  -39.567  47.223 0.0000000000
37814  -42.250  -39.225  46.466 0.0000000000
37836  -42.112  -39.063  45.612 0.0000000000
38706  -43.224  -38.127  45.529 0.0000000000
38705  -42.612  -38.479  45.164 0.0000000000
49536  -48.013  -26.022  49.351 0.0000000000
49548  -48.205  -26.378  48.487 0.0000000000
50405  -48.662  -25.657  48.894 0.0000000000
49550  -49.984  -26.051  48.211 0.0000000000
50395  -49.987  -24.993  49.439 0.0000000000
50407  -50.448  -25.548  48.885 0.0000000000
49570  -51.397  -26.787  47.852 0.0000000000
49571  -52.335  -27.052  48.015 0.0000000000
50398  -56.892  -25.735  50.102 0.0000000000
124450  -56.737  -26.412  50.289 0.0000000000
49542  -57.212  -26.605  49.791 0.0000000000
48663  -57.479  -27.438  49.443 0.0000000000
47762  -57.846  -28.929  48.669 0.0000000000
48697  -58.565  -27.813  48.179 0.0000000000
46901  -57.682  -29.771  48.379 0.0000000000
126636  -58.287  -31.115  47.434 0.0000000000
46046  -58.368  -31.574  47.179 0.0000000000
45111  -58.155  -32.068  46.465 0.0000000000
45126  -57.469  -32.263  45.320 0.0000000000
46057  -57.490  -31.130  45.654 0.0000000000
47823  -54.131  -28.668  44.047 0.0000000000
47822  -53.429  -28.366  43.499 0.0000000000
52215  -57.630  -23.885  41.689 0.0000000000
51360  -57.118  -24.312  40.967 0.0000000000
51372  -56.165  -24.891  40.097 0.0000000000
27383  -29.978  -51.228  58.490 0.0000000000
28339  -30.440  -50.658  57.118 0.0000000000
28374  -29.003  -50.493  54.319 0.0000000000
27444  -32.344  -52.023  51.704 0.0000000000
27443  -31.445  -51.734  51.950 0.0000000000
125406  -31.216  -50.191  50.425 0.0000000000
29314  -31.783  -49.949  50.012 0.0000000000
30261  -30.648  -48.562  47.378 0.0000000000
30272  -31.116  -48.878  46.713 0.0000000000
26533  -41.360  -53.168  49.108 0.0000000000
26532  -40.446  -53.183  49.170 0.0000000000
27483  -39.507  -51.784  48.437 0.0000000000
124558  -38.743  -51.930  48.328 0.0000000000
27482  -38.107  -51.667  47.986 0.0000000000
40600  -50.438  -36.296  49.471 0.0000000000
41485  -53.478  -36.070  50.033 0.0000000000
119369  -53.221  -35.586  50.142 0.0000000000
42316  -52.508  -34.990  51.429 0.0000000000
43235  -52.566  -34.711  50.961 0.0000000000
44118  -48.758  -32.647  49.709 0.0000000000
125195  -45.455  -49.273  52.538 0.0000000000
29301  -45.418  -49.594  51.953 0.0000000000
30215  -45.389  -48.789  52.102 0.0000000000
30229  -44.685  -48.662  51.255 0.0000000000
31158  -44.318  -47.808  50.723 0.0000000000
32899  -45.362  -45.407  50.780 0.0000000000
32898  -44.530  -45.613  50.468 0.0000000000
31159  -42.103  -46.841  49.492 0.0000000000
32011  -41.216  -46.662  48.950 0.0000000000
122114  -41.105  -45.930  48.848 0.0000000000
32909  -40.741  -45.434  48.507 0.0000000000
33723  -41.789  -44.530  49.058 0.0000000000
113663  -41.073  -44.822  48.658 0.0000000000
123650  -40.446  -44.710  47.728 0.0000000000
33745  -40.540  -44.168  47.153 0.0000000000
34528  -40.434  -43.548  46.541 0.0000000000
35278  -41.171  -42.029  47.722 0.0000000000
38674  -44.443  -38.465  47.303 0.0000000000
117182  -45.489  -37.508  46.799 0.0000000000
50457  -58.077  -25.500  45.859 0.0000000000
51323  -59.090  -24.647  45.401 0.0000000000
111208  -59.243  -24.216  44.865 0.0000000000
51328  -59.055  -23.972  44.237 0.0000000000
52201  -59.268  -22.953  44.367 0.0000000000
108509  -59.177  -23.288  43.909 0.0000000000
52208  -58.842  -23.090  43.174 0.0000000000
53103  -58.430  -22.422  42.383 0.0000000000
54837  -58.521  -20.459  43.131 0.0000000000
118810  -58.477  -21.539  42.649 0.0000000000
53110  -58.221  -22.524  41.253 0.0000000000
53998  -58.471  -21.738  40.611 0.0000000000
54878  -58.751  -21.130  39.856 0.0000000000
54016  -58.525  -21.903  39.775 0.0000000000
30180  -32.289  -48.568  55.290 0.0000000000
30189  -31.851  -48.946  54.903 0.0000000000
29262  -32.407  -49.546  53.988 0.0000000000
28387  -32.447  -50.414  53.806 0.0000000000
27425  -33.388  -51.777  53.419 0.0000000000
27424  -32.283  -52.318  54.236 0.0000000000
114995  -31.672  -52.620  54.618 0.0000000000
26477  -31.085  -53.489  53.919 0.0000000000
108927  -31.536  -53.221  52.661 0.0000000000
24743  -32.967  -55.122  54.413 0.0000000000
23928  -32.647  -55.290  54.090 0.0000000000
23954  -33.235  -55.439  53.527 0.0000000000
23943  -32.581  -55.276  53.879 0.0000000000
24763  -32.162  -54.741  53.630 0.0000000000
25619  -31.782  -54.233  53.424 0.0000000000
26489  -31.980  -53.658  52.665 0.0000000000
27445  -33.286  -51.425  51.226 0.0000000000
27446  -34.231  -51.780  51.045 0.0000000000
27457  -34.001  -50.965  50.618 0.0000000000
27479  -34.511  -51.055  48.559 0.0000000000
125906  -47.114  -36.795  46.305 0.0000000000
121397  -48.204  -36.814  46.166 0.0000000000
39657  -51.170  -37.319  48.087 0.0000000000
41527  -48.627  -34.872  44.587 0.0000000000
44222  -48.613  -32.873  42.858 0.0000000000
44223  -49.154  -32.729  42.358 0.0000000000
45146  -50.360  -31.688  42.551 0.0000000000
45147  -51.125  -31.465  42.910 0.0000000000
124923  -40.297  -58.218  53.555 0.0000000000
22538  -41.426  -58.346  52.464 0.0000000000
22547  -41.275  -58.250  51.873 0.0000000000
22540  -42.688  -57.473  51.600 0.0000000000
117298  -41.715  -57.760  51.444 0.0000000000
25667  -41.818  -54.033  49.301 0.0000000000
24780  -45.364  -55.552  51.440 0.0000000000
23983  -45.212  -56.268  50.929 0.0000000000
124642  -44.692  -55.700  49.706 0.0000000000
118465  -43.681  -55.484  49.560 0.0000000000
27499  -42.656  -51.694  47.350 0.0000000000
27518  -42.244  -50.915  46.882 0.0000000000
117851  -45.086  -50.144  51.420 0.0000000000
28424  -44.368  -50.341  50.663 0.0000000000
27472  -44.152  -51.572  49.523 0.0000000000
27521  -46.043  -51.744  46.370 0.0000000000
30254  -41.428  -48.441  48.300 0.0000000000
29354  -41.692  -48.899  47.749 0.0000000000
29355  -42.161  -49.596  47.632 0.0000000000
29372  -42.856  -49.178  46.519 0.0000000000
28455  -43.109  -50.140  47.158 0.0000000000
28472  -44.210  -50.499  46.656 0.0000000000
28473  -45.368  -50.821  46.021 0.0000000000
28474  -46.002  -51.368  45.464 0.0000000000
27563  -45.828  -51.401  44.781 0.0000000000
27562  -45.259  -51.349  44.446 0.0000000000
27561  -44.413  -51.268  44.278 0.0000000000
29430  -44.618  -49.699  43.796 0.0000000000
28511  -43.924  -50.604  43.977 0.0000000000
28492  -43.546  -51.150  44.474 0.0000000000
29391  -42.618  -49.958  44.579 0.0000000000
29390  -41.763  -49.581  44.781 0.0000000000
37813  -41.641  -39.646  46.119 0.0000000000
37750  -49.770  -39.872  52.725 0.0000000000
38636  -49.588  -39.352  52.939 0.0000000000
114991  -48.737  -38.846  54.359 0.0000000000
39571  -48.117  -37.486  55.068 0.0000000000
28319  -30.174  -51.070  59.153 0.0000000000
29229  -30.325  -50.483  58.768 0.0000000000
117025  -30.094  -49.440  58.463 0.0000000000
30141  -30.174  -48.604  58.858 0.0000000000
30161  -30.346  -48.835  57.938 0.0000000000
108399  -30.652  -48.747  57.207 0.0000000000
30171  -31.370  -48.306  56.860 0.0000000000
30172  -32.067  -48.240  56.197 0.0000000000
31107  -32.155  -47.850  56.946 0.0000000000
30181  -33.306  -48.541  55.057 0.0000000000
30192  -34.092  -48.788  54.386 0.0000000000
28377  -34.793  -50.077  54.482 0.0000000000
28378  -35.467  -50.812  54.889 0.0000000000
27404  -36.066  -51.486  55.657 0.0000000000
27417  -36.350  -52.329  55.511 0.0000000000
26469  -36.573  -53.243  55.493 0.0000000000
115785  -37.415  -54.453  55.943 0.0000000000
24733  -37.607  -55.149  55.852 0.0000000000
23917  -37.744  -55.984  55.702 0.0000000000
23918  -38.108  -55.952  55.713 0.0000000000
23933  -38.594  -56.192  55.311 0.0000000000
23946  -39.092  -56.869  54.710 0.0000000000
24757  -38.605  -55.078  54.042 0.0000000000
24767  -38.903  -56.141  53.912 0.0000000000
24777  -40.787  -55.541  51.546 0.0000000000
25635  -39.352  -54.116  51.443 0.0000000000
24787  -40.086  -54.606  51.243 0.0000000000
24789  -42.014  -54.508  50.989 0.0000000000
25654  -42.921  -53.899  51.109 0.0000000000
26521  -41.518  -52.787  50.880 0.0000000000
26522  -42.554  -52.971  51.087 0.0000000000
116961  -43.855  -53.262  51.534 0.0000000000
26508  -44.665  -52.639  52.189 0.0000000000
26493  -45.040  -52.074  52.567 0.0000000000
27436  -44.728  -51.333  52.600 0.0000000000
27437  -45.164  -51.536  52.587 0.0000000000
28401  -45.217  -51.010  52.651 0.0000000000
113595  -45.129  -50.062  53.003 0.0000000000
30205  -44.924  -48.767  53.573 0.0000000000
29284  -45.199  -49.109  53.339 0.0000000000
30216  -45.522  -48.987  52.890 0.0000000000
31143  -45.719  -47.818  53.125 0.0000000000
31979  -46.273  -47.090  53.254 0.0000000000
31964  -46.593  -46.728  53.962 0.0000000000
108943  -47.479  -45.715  53.429 0.0000000000
33647  -47.824  -44.908  53.110 0.0000000000
110425  -48.157  -45.369  53.888 0.0000000000
34429  -48.812  -43.651  53.096 0.0000000000
35208  -49.596  -42.235  52.949 0.0000000000
36009  -49.613  -41.315  52.733 0.0000000000
40552  -47.613  -36.590  53.362 0.0000000000
124729  -47.913  -37.138  53.081 0.0000000000
39593  -48.564  -37.312  52.576 0.0000000000
41452  -48.114  -35.912  52.202 0.0000000000
116653  -47.948  -35.042  51.680 0.0000000000
43186  -47.544  -33.277  54.929 0.0000000000
45001  -47.664  -31.556  54.287 0.0000000000
43199  -47.396  -33.252  53.617 0.0000000000
42294  -47.247  -34.303  52.978 0.0000000000
42305  -47.500  -34.378  51.953 0.0000000000
43219  -48.305  -33.778  50.936 0.0000000000
120477  -47.601  -32.266  51.130 0.0000000000
43232  -48.484  -33.076  50.401 0.0000000000
46875  -48.395  -28.940  52.281 0.0000000000
116999  -48.172  -29.497  51.603 0.0000000000
111915  -48.196  -30.073  51.063 0.0000000000
46881  -48.224  -29.569  50.844 0.0000000000
45074  -47.966  -31.555  48.730 0.0000000000
45086  -47.584  -31.455  47.732 0.0000000000
46898  -47.496  -29.830  48.116 0.0000000000
46034  -47.482  -30.641  47.265 0.0000000000
118979  -47.519  -30.840  46.276 0.0000000000
48672  -48.087  -27.086  47.840 0.0000000000
48690  -47.955  -27.753  47.134 0.0000000000
123020  -48.710  -27.783  46.745 0.0000000000
47796  -47.921  -28.849  46.240 0.0000000000
46930  -47.985  -29.406  45.768 0.0000000000
46063  -47.812  -30.759  45.064 0.0000000000
46064  -48.542  -30.558  44.639 0.0000000000
46065  -49.377  -30.677  44.248 0.0000000000
46946  -50.423  -29.717  44.718 0.0000000000
46066  -50.057  -30.258  44.387 0.0000000000
46077  -50.207  -30.690  43.900 0.0000000000
124398  -51.089  -31.156  43.343 0.0000000000
45135  -51.669  -31.360  43.454 0.0000000000
120896  -52.890  -26.826  48.615 0.0000000000
123282  -52.744  -27.651  47.600 0.0000000000
48661  -56.331  -27.764  49.849 0.0000000000
48660  -55.582  -27.412  49.835 0.0000000000
125782  -54.875  -27.794  49.063 0.0000000000
46899  -56.105  -29.575  48.529 0.0000000000
110607  -55.556  -28.667  48.710 0.0000000000
47759  -54.543  -28.304  48.292 0.0000000000
48696  -53.606  -27.976  47.898 0.0000000000
48695  -53.187  -28.247  47.217 0.0000000000
47785  -52.741  -28.548  46.533 0.0000000000
108984  -52.953  -30.360  45.267 0.0000000000
46055  -53.795  -30.659  45.457 0.0000000000
46067  -52.542  -30.683  44.602 0.0000000000
45136  -52.566  -31.682  43.538 0.0000000000
44212  -53.076  -32.505  42.993 0.0000000000
44227  -53.964  -33.288  42.715 0.0000000000
44214  -55.315  -33.557  43.788 0.0000000000
43313  -55.093  -33.811  43.085 0.0000000000
43328  -55.788  -34.387  42.799 0.0000000000
42408  -56.114  -34.414  42.369 0.0000000000
45140  -57.191  -32.910  44.568 0.0000000000
113561  -56.659  -32.790  43.877 0.0000000000
44228  -56.474  -33.405  42.316 0.0000000000
50456  -56.896  -25.577  45.594 0.0000000000
50455  -55.840  -25.734  45.214 0.0000000000
50471  -55.333  -25.492  44.476 0.0000000000
49615  -54.919  -26.064  44.997 0.0000000000
49614  -54.366  -26.590  44.580 0.0000000000
125139  -53.553  -27.366  43.863 0.0000000000
48733  -53.287  -27.654  43.495 0.0000000000
50503  -55.749  -25.082  42.165 0.0000000000
107259  -54.877  -25.217  42.186 0.0000000000
50501  -54.377  -25.555  41.680 0.0000000000
50491  -54.214  -25.731  42.603 0.0000000000
49649  -53.410  -26.440  42.601 0.0000000000
48749  -53.041  -27.241  42.819 0.0000000000
47833  -52.890  -28.109  42.788 0.0000000000
120707  -28.450  -50.790  57.910 0.0000000000
126672  -27.728  -49.925  55.570 0.0000000000
29291  -25.293  -49.312  51.827 0.0000000000
125798  -25.702  -48.943  51.451 0.0000000000
27403  -30.644  -51.352  55.423 0.0000000000
28386  -29.399  -50.789  53.743 0.0000000000
28385  -28.845  -50.271  52.994 0.0000000000
29296  -29.849  -50.210  51.217 0.0000000000
28405  -29.655  -50.538  51.992 0.0000000000
29280  -29.008  -50.118  52.219 0.0000000000
30221  -27.062  -48.520  50.358 0.0000000000
31173  -29.072  -48.001  46.847 0.0000000000
22525  -39.832  -58.346  53.361 0.0000000000
22535  -38.804  -57.847  52.646 0.0000000000
23195  -37.790  -57.281  51.633 0.0000000000
23206  -38.655  -57.155  50.561 0.0000000000
23968  -37.418  -56.582  50.928 0.0000000000
122782  -37.214  -55.874  50.295 0.0000000000
24786  -36.967  -55.155  49.681 0.0000000000
25665  -39.139  -54.237  49.114 0.0000000000
24798  -37.570  -55.301  48.800 0.0000000000
24797  -36.934  -55.107  48.541 0.0000000000
26530  -35.797  -53.735  48.691 0.0000000000
25678  -35.798  -54.808  47.823 0.0000000000
29369  -39.332  -49.315  46.834 0.0000000000
29368  -38.468  -49.275  46.948 0.0000000000
28451  -37.605  -50.830  47.421 0.0000000000
28467  -36.403  -50.746  46.591 0.0000000000
28449  -34.434  -51.907  47.743 0.0000000000
22531  -41.129  -58.422  52.922 0.0000000000
22532  -41.637  -58.224  52.540 0.0000000000
22548  -42.422  -57.542  51.334 0.0000000000
23170  -37.323  -57.006  55.699 0.0000000000
23172  -38.357  -56.836  55.550 0.0000000000
23176  -33.751  -56.134  54.234 0.0000000000
23185  -39.053  -57.365  54.103 0.0000000000
23199  -42.222  -57.740  52.043 0.0000000000
23200  -43.000  -57.270  51.562 0.0000000000
23202  -44.528  -56.702  51.161 0.0000000000
23210  -44.017  -57.347  51.133 0.0000000000
23218  -42.743  -57.112  50.652 0.0000000000
23929  -33.392  -55.666  54.226 0.0000000000
23930  -34.039  -56.085  54.517 0.0000000000
23975  -45.714  -55.648  51.168 0.0000000000
23996  -45.049  -56.084  50.237 0.0000000000
24741  -31.793  -54.487  54.198 0.0000000000
24754  -32.068  -54.898  54.044 0.0000000000
24755  -33.719  -54.786  54.309 0.0000000000
24791  -46.251  -55.184  51.080 0.0000000000
25591  -31.613  -53.870  54.328 0.0000000000
25698  -46.258  -53.721  46.798 0.0000000000
25699  -46.378  -53.318  46.561 0.0000000000
25710  -46.069  -53.722  46.494 0.0000000000
25712  -46.324  -53.113  46.066 0.0000000000
25728  -46.097  -53.303  45.957 0.0000000000
26566  -46.446  -53.225  46.897 0.0000000000
26585  -46.426  -52.808  46.345 0.0000000000
26605  -45.602  -52.603  45.387 0.0000000000
26607  -46.363  -52.450  45.804 0.0000000000
27427  -35.119  -52.163  53.849 0.0000000000
27522  -46.427  -52.109  45.915 0.0000000000
27546  -46.224  -51.828  45.206 0.0000000000
28389  -34.262  -50.106  53.740 0.0000000000
28494  -45.916  -51.022  44.871 0.0000000000
28510  -43.271  -50.456  44.330 0.0000000000
28523  -44.192  -49.970  43.735 0.0000000000
29261  -31.928  -49.430  54.547 0.0000000000
29272  -33.764  -49.378  53.658 0.0000000000
29394  -45.337  -50.391  44.586 0.0000000000
30190  -32.510  -48.888  54.386 0.0000000000
30197  -33.163  -49.018  53.714 0.0000000000
30228  -42.915  -48.325  50.139 0.0000000000
39660  -54.177  -38.207  48.730 0.0000000000
41468  -52.664  -35.254  51.035 0.0000000000
41478  -53.061  -35.702  50.363 0.0000000000
41486  -53.192  -35.712  50.295 0.0000000000
42329  -52.914  -35.236  50.452 0.0000000000
42409  -56.244  -34.391  42.822 0.0000000000
42419  -56.394  -34.265  42.643 0.0000000000
44167  -56.735  -32.439  46.333 0.0000000000
44169  -57.874  -32.478  46.558 0.0000000000
44185  -57.433  -32.664  45.750 0.0000000000
45099  -57.770  -32.424  46.999 0.0000000000
46914  -58.017  -30.665  47.756 0.0000000000
46949  -55.558  -29.695  44.976 0.0000000000
48675  -57.702  -28.295  49.061 0.0000000000
48748  -52.677  -27.555  42.262 0.0000000000
49529  -55.629  -26.055  51.062 0.0000000000
49541  -56.665  -27.078  50.103 0.0000000000
49555  -58.509  -26.566  48.511 0.0000000000
49613  -53.850  -27.078  44.175 0.0000000000
50421  -59.145  -25.399  47.971 0.0000000000
50490  -53.714  -25.935  41.990 0.0000000000
51359  -56.544  -24.753  40.870 0.0000000000
52193  -59.346  -23.500  44.759 0.0000000000
52200  -59.337  -23.154  44.322 0.0000000000
110400  -34.819  -56.209  53.463 0.0000000000
115340  -57.208  -32.345  46.796 0.0000000000
117229  -35.660  -55.932  54.897 0.0000000000
117391  -38.827  -55.957  54.742 0.0000000000
119219  -33.471  -51.035  53.372 0.0000000000
119734  -37.874  -57.247  55.597 0.0000000000
121865  -45.164  -56.168  51.194 0.0000000000
124191  -54.928  -25.297  43.834 0.0000000000
124548  -57.242  -24.329  41.659 0.0000000000
