#!ascii label  , from subject freesurfer vox2ras=TkReg
1853
47884  -43.314  -28.459  38.778 0.0000000000
58372  -57.977  -16.408  36.265 0.0000000000
53157  -50.992  -22.687  37.658 0.0000000000
114972  -18.079  -46.875  60.039 0.0000000000
45130  -42.507  -30.743  42.880 0.0000000000
106281  -37.194  -45.257  60.887 0.0000000000
34425  -40.407  -43.117  52.493 0.0000000000
41429  -40.669  -35.554  54.205 0.0000000000
43217  -44.586  -33.601  51.556 0.0000000000
31939  -25.860  -46.875  54.267 0.0000000000
32709  -32.323  -45.390  61.161 0.0000000000
32804  -30.349  -45.799  54.035 0.0000000000
35989  -36.072  -41.006  52.928 0.0000000000
39565  -36.020  -37.283  55.081 0.0000000000
50429  -43.504  -25.884  46.598 0.0000000000
49593  -47.894  -26.358  45.278 0.0000000000
55699  -55.133  -19.981  36.966 0.0000000000
50531  -47.697  -25.487  38.284 0.0000000000
62833  -54.327  -11.404  31.680 0.0000000000
118452  -13.697  -45.548  61.643 0.0000000000
110177  -44.449  -29.602  49.292 0.0000000000
48738  -40.969  -28.237  42.079 0.0000000000
32857  -35.020  -45.191  52.187 0.0000000000
108620  -40.752  -45.125  57.556 0.0000000000
50469  -52.153  -24.889  44.565 0.0000000000
65495  -62.706  -8.028  30.449 0.0000000000
40588  -40.273  -37.791  49.812 0.0000000000
127302  -41.755  -36.490  49.470 0.0000000000
32801  -28.264  -46.432  53.692 0.0000000000
39626  -34.730  -37.718  49.623 0.0000000000
39613  -37.654  -38.615  50.328 0.0000000000
40541  -38.293  -35.984  54.561 0.0000000000
49644  -43.496  -26.988  42.680 0.0000000000
50448  -45.458  -26.005  46.164 0.0000000000
47831  -45.954  -28.419  42.137 0.0000000000
57415  -56.968  -18.059  37.213 0.0000000000
55660  -56.835  -19.582  40.764 0.0000000000
59250  -59.198  -14.656  35.813 0.0000000000
32743  -15.290  -45.871  58.329 0.0000000000
120066  -15.651  -45.552  61.027 0.0000000000
44152  -44.048  -32.857  47.207 0.0000000000
45045  -44.293  -31.815  50.199 0.0000000000
109607  -44.377  -30.059  46.404 0.0000000000
47777  -43.102  -28.110  45.583 0.0000000000
46962  -40.799  -29.427  42.692 0.0000000000
106625  -34.480  -45.450  60.552 0.0000000000
31842  -34.821  -46.293  62.553 0.0000000000
113321  -36.924  -46.647  61.887 0.0000000000
31047  -38.733  -47.958  60.231 0.0000000000
33719  -31.552  -44.591  49.382 0.0000000000
34496  -33.483  -43.851  48.167 0.0000000000
36779  -38.329  -40.859  56.826 0.0000000000
126448  -39.306  -42.109  57.642 0.0000000000
33612  -39.831  -44.760  54.865 0.0000000000
31134  -37.827  -47.602  53.617 0.0000000000
31080  -22.194  -47.944  57.218 0.0000000000
126247  -25.029  -48.215  60.972 0.0000000000
30967  -24.615  -47.377  64.024 0.0000000000
52244  -49.221  -23.852  38.012 0.0000000000
50487  -50.852  -25.951  42.137 0.0000000000
51351  -52.277  -24.133  41.620 0.0000000000
67257  -64.085  -6.489  29.525 0.0000000000
31825  -19.126  -45.865  64.030 0.0000000000
42242  -41.217  -34.879  58.046 0.0000000000
125851  -43.876  -34.482  55.992 0.0000000000
41437  -42.390  -35.469  53.104 0.0000000000
42334  -43.089  -34.797  48.281 0.0000000000
31085  -27.179  -47.550  57.883 0.0000000000
121286  -29.402  -45.621  61.276 0.0000000000
32758  -29.256  -46.317  57.618 0.0000000000
106651  -31.188  -45.618  57.379 0.0000000000
32775  -33.776  -45.423  57.305 0.0000000000
36895  -34.297  -40.832  48.282 0.0000000000
37774  -34.441  -39.571  49.573 0.0000000000
38620  -35.375  -38.913  53.379 0.0000000000
37692  -38.378  -39.247  56.105 0.0000000000
39539  -38.207  -37.528  57.626 0.0000000000
39511  -40.164  -36.743  58.170 0.0000000000
31917  -24.008  -47.323  54.623 0.0000000000
109972  -44.708  -25.731  51.073 0.0000000000
51221  -45.678  -24.586  53.357 0.0000000000
51273  -44.936  -24.107  49.434 0.0000000000
52158  -46.752  -23.931  48.474 0.0000000000
121310  -53.557  -21.866  37.774 0.0000000000
53109  -53.270  -21.962  41.379 0.0000000000
54845  -55.223  -20.645  41.664 0.0000000000
31800  -10.247  -45.889  66.338 0.0000000000
48805  -45.449  -27.338  38.495 0.0000000000
52299  -46.046  -23.009  35.854 0.0000000000
54947  -50.031  -19.867  35.201 0.0000000000
56571  -52.004  -18.842  35.095 0.0000000000
58394  -52.945  -16.651  34.536 0.0000000000
59260  -55.409  -15.351  34.675 0.0000000000
60190  -56.141  -13.916  34.082 0.0000000000
61952  -52.851  -12.820  32.252 0.0000000000
33544  -17.005  -44.500  64.838 0.0000000000
33533  -14.713  -43.925  65.720 0.0000000000
33515  -12.526  -44.647  66.884 0.0000000000
122413  -46.457  -29.611  55.934 0.0000000000
44055  -45.218  -32.706  55.043 0.0000000000
45012  -45.655  -30.674  53.889 0.0000000000
119718  -44.990  -27.936  51.671 0.0000000000
48670  -43.411  -26.771  47.967 0.0000000000
118396  -41.755  -26.964  43.702 0.0000000000
47853  -42.179  -28.374  40.020 0.0000000000
32672  -31.746  -46.022  63.548 0.0000000000
32855  -32.364  -45.386  52.727 0.0000000000
32777  -35.517  -45.434  56.333 0.0000000000
34434  -36.714  -43.385  51.502 0.0000000000
33591  -37.984  -44.678  56.257 0.0000000000
32736  -39.976  -44.814  61.174 0.0000000000
31089  -38.914  -48.007  57.380 0.0000000000
31886  -17.576  -46.648  57.689 0.0000000000
31077  -19.850  -47.616  57.702 0.0000000000
31006  -19.814  -47.586  60.103 0.0000000000
48746  -48.232  -27.461  42.172 0.0000000000
50452  -49.818  -25.123  45.433 0.0000000000
52143  -52.273  -23.315  48.968 0.0000000000
51327  -54.224  -23.685  45.020 0.0000000000
125040  -57.705  -12.345  33.603 0.0000000000
105328  -59.303  -10.532  33.554 0.0000000000
64605  -61.069  -9.217  34.113 0.0000000000
64644  -60.059  -9.650  30.441 0.0000000000
65464  -63.054  -7.815  34.179 0.0000000000
39644  -39.451  -38.251  48.743 0.0000000000
40607  -40.431  -37.305  47.532 0.0000000000
40624  -39.249  -37.238  46.152 0.0000000000
39641  -36.655  -39.127  48.535 0.0000000000
111947  -37.816  -38.835  48.218 0.0000000000
39614  -38.682  -38.244  50.402 0.0000000000
47840  -43.802  -28.519  41.445 0.0000000000
48742  -44.599  -28.136  43.016 0.0000000000
47855  -44.982  -28.745  40.574 0.0000000000
58359  -57.755  -17.030  36.833 0.0000000000
56541  -58.078  -18.106  38.813 0.0000000000
57409  -58.501  -17.421  38.478 0.0000000000
58361  -59.672  -15.912  38.059 0.0000000000
59240  -58.697  -15.788  36.372 0.0000000000
32724  -16.474  -46.355  58.941 0.0000000000
32723  -16.007  -45.942  59.613 0.0000000000
115472  -16.787  -46.047  60.777 0.0000000000
44195  -43.607  -32.025  44.685 0.0000000000
46032  -44.389  -30.958  46.634 0.0000000000
46062  -43.155  -30.706  44.142 0.0000000000
46943  -42.263  -29.374  44.027 0.0000000000
46076  -41.848  -29.786  43.246 0.0000000000
31851  -27.313  -46.862  62.210 0.0000000000
32732  -34.915  -45.417  59.842 0.0000000000
32676  -36.025  -45.941  62.325 0.0000000000
32677  -37.183  -45.983  62.177 0.0000000000
30130  -37.795  -48.082  60.926 0.0000000000
31862  -38.548  -46.741  61.527 0.0000000000
35968  -40.730  -41.886  55.713 0.0000000000
35168  -41.105  -42.718  56.854 0.0000000000
34411  -40.212  -43.724  53.931 0.0000000000
32859  -38.411  -45.526  52.166 0.0000000000
31038  -26.487  -48.087  59.466 0.0000000000
107112  -25.991  -48.037  61.420 0.0000000000
123533  -26.530  -47.461  62.393 0.0000000000
47686  -46.837  -28.302  56.445 0.0000000000
52246  -50.292  -23.281  38.606 0.0000000000
52220  -50.762  -23.416  39.838 0.0000000000
52233  -51.096  -22.657  39.649 0.0000000000
41421  -40.760  -34.935  55.742 0.0000000000
42277  -41.820  -35.145  55.199 0.0000000000
41436  -41.533  -35.564  53.460 0.0000000000
42333  -42.423  -35.487  48.481 0.0000000000
42361  -42.275  -35.058  47.053 0.0000000000
108021  -42.897  -34.135  46.137 0.0000000000
31123  -26.929  -47.511  56.106 0.0000000000
119820  -28.188  -46.777  57.943 0.0000000000
105444  -27.527  -47.075  55.857 0.0000000000
120576  -29.487  -45.866  53.637 0.0000000000
32788  -29.799  -46.149  55.447 0.0000000000
121542  -30.951  -45.647  55.517 0.0000000000
32774  -32.195  -45.281  56.913 0.0000000000
32790  -31.512  -45.452  55.487 0.0000000000
38665  -33.758  -39.440  47.446 0.0000000000
39589  -34.648  -37.590  52.112 0.0000000000
38629  -33.912  -37.809  52.020 0.0000000000
39564  -35.614  -37.869  54.205 0.0000000000
37690  -36.354  -39.264  55.828 0.0000000000
38587  -36.243  -38.008  56.281 0.0000000000
38599  -38.441  -38.809  56.281 0.0000000000
39538  -36.820  -37.092  57.520 0.0000000000
40542  -39.367  -36.281  53.936 0.0000000000
41410  -38.244  -35.636  57.168 0.0000000000
41411  -39.110  -35.109  57.015 0.0000000000
108693  -40.478  -35.870  58.197 0.0000000000
118839  -24.894  -47.151  54.463 0.0000000000
50404  -43.646  -25.341  48.499 0.0000000000
51255  -44.153  -25.004  50.014 0.0000000000
51290  -44.207  -24.785  47.857 0.0000000000
50449  -46.568  -26.114  46.127 0.0000000000
51303  -46.596  -24.991  47.247 0.0000000000
51304  -47.735  -24.811  47.011 0.0000000000
52160  -48.798  -23.340  48.014 0.0000000000
51305  -48.669  -24.419  46.660 0.0000000000
54903  -54.073  -21.129  36.977 0.0000000000
54014  -54.001  -21.669  39.962 0.0000000000
107340  -55.646  -20.771  38.717 0.0000000000
108810  -57.420  -18.168  42.593 0.0000000000
55725  -50.856  -19.700  35.340 0.0000000000
57454  -50.157  -17.710  34.387 0.0000000000
122881  -51.739  -16.281  34.046 0.0000000000
59281  -52.582  -15.526  33.758 0.0000000000
116776  -54.260  -16.090  34.781 0.0000000000
60186  -53.122  -14.904  33.568 0.0000000000
61071  -53.934  -13.782  33.289 0.0000000000
32701  -14.127  -45.614  60.196 0.0000000000
32663  -13.513  -45.420  62.482 0.0000000000
32642  -18.662  -45.725  65.431 0.0000000000
32650  -17.708  -44.974  64.543 0.0000000000
32641  -17.844  -45.247  65.410 0.0000000000
32633  -15.817  -44.814  66.010 0.0000000000
31801  -14.714  -45.671  66.108 0.0000000000
108344  -14.083  -43.820  66.170 0.0000000000
118167  -13.444  -45.506  66.855 0.0000000000
120549  -12.474  -46.394  67.169 0.0000000000
114693  -44.524  -34.359  53.894 0.0000000000
43143  -45.052  -34.123  56.367 0.0000000000
43198  -44.830  -33.639  53.502 0.0000000000
123868  -44.421  -30.150  49.803 0.0000000000
45999  -44.822  -30.867  52.327 0.0000000000
111012  -44.539  -29.864  51.369 0.0000000000
46863  -44.916  -29.408  52.707 0.0000000000
47741  -44.627  -28.558  50.220 0.0000000000
48657  -44.562  -27.525  49.972 0.0000000000
47756  -44.101  -27.925  48.595 0.0000000000
49621  -41.245  -27.748  43.285 0.0000000000
48703  -42.394  -27.414  45.165 0.0000000000
49641  -41.084  -27.311  42.854 0.0000000000
48740  -42.135  -27.455  42.131 0.0000000000
48766  -41.391  -28.243  40.524 0.0000000000
32707  -30.445  -45.494  60.530 0.0000000000
32688  -30.519  -45.433  62.081 0.0000000000
115818  -31.951  -45.657  62.753 0.0000000000
33694  -32.778  -44.920  50.072 0.0000000000
125043  -32.211  -44.989  50.670 0.0000000000
32856  -34.034  -45.531  52.437 0.0000000000
113295  -34.081  -45.422  54.924 0.0000000000
32808  -35.505  -45.371  54.513 0.0000000000
36875  -35.138  -40.337  50.213 0.0000000000
36027  -35.852  -42.182  50.382 0.0000000000
35200  -36.513  -42.260  51.721 0.0000000000
34370  -41.323  -43.562  58.792 0.0000000000
34383  -38.643  -42.844  56.954 0.0000000000
34363  -40.483  -43.761  60.013 0.0000000000
32762  -38.810  -44.875  58.449 0.0000000000
32737  -41.167  -44.746  60.142 0.0000000000
107858  -39.859  -47.249  58.593 0.0000000000
31109  -39.379  -47.030  57.394 0.0000000000
36857  -42.272  -39.844  52.005 0.0000000000
31078  -20.439  -47.764  57.200 0.0000000000
114519  -21.180  -47.810  59.117 0.0000000000
31056  -19.546  -47.565  58.480 0.0000000000
30079  -24.813  -48.474  64.893 0.0000000000
49692  -46.434  -26.484  38.254 0.0000000000
48770  -47.546  -27.729  40.341 0.0000000000
49662  -48.008  -27.020  39.890 0.0000000000
50479  -51.437  -25.707  43.376 0.0000000000
49632  -50.605  -26.173  43.387 0.0000000000
50454  -51.442  -24.869  44.946 0.0000000000
52175  -50.847  -23.983  46.747 0.0000000000
51295  -51.735  -24.122  46.982 0.0000000000
53948  -54.818  -21.438  43.230 0.0000000000
52199  -54.317  -22.739  43.842 0.0000000000
52184  -55.290  -22.172  45.855 0.0000000000
61955  -55.273  -12.097  32.849 0.0000000000
61075  -57.191  -13.237  34.003 0.0000000000
62810  -56.322  -11.455  33.153 0.0000000000
64621  -57.627  -9.594  32.715 0.0000000000
64622  -58.075  -9.337  32.895 0.0000000000
63728  -60.148  -9.539  33.449 0.0000000000
111792  -59.338  -9.291  32.889 0.0000000000
64679  -60.933  -8.975  27.883 0.0000000000
111143  -59.749  -9.506  28.594 0.0000000000
64645  -61.114  -9.250  30.268 0.0000000000
65483  -62.128  -8.022  32.350 0.0000000000
66354  -63.037  -7.455  32.202 0.0000000000
106018  -63.767  -7.031  31.548 0.0000000000
122915  -65.254  -6.966  30.262 0.0000000000
40551  -40.498  -36.501  52.551 0.0000000000
41462  -41.216  -36.526  51.803 0.0000000000
40589  -41.015  -37.294  49.420 0.0000000000
40608  -40.980  -36.483  47.523 0.0000000000
124649  -27.495  -46.781  54.370 0.0000000000
106620  -34.976  -37.940  47.831 0.0000000000
105702  -35.746  -37.947  49.715 0.0000000000
39590  -36.379  -37.607  52.528 0.0000000000
124320  -36.814  -36.549  54.479 0.0000000000
119761  -37.926  -37.413  52.674 0.0000000000
40567  -39.171  -37.538  51.939 0.0000000000
49605  -43.230  -26.266  44.998 0.0000000000
50447  -44.438  -26.013  46.145 0.0000000000
49626  -44.654  -27.192  44.119 0.0000000000
49627  -45.751  -27.111  44.034 0.0000000000
49609  -47.466  -26.903  44.647 0.0000000000
56548  -56.115  -18.929  37.088 0.0000000000
54890  -56.291  -20.209  38.805 0.0000000000
55689  -57.232  -19.161  38.874 0.0000000000
56510  -57.793  -18.484  40.578 0.0000000000
60155  -60.432  -13.752  37.114 0.0000000000
32721  -14.769  -45.637  59.719 0.0000000000
32683  -15.138  -45.284  61.606 0.0000000000
43253  -44.307  -33.447  48.870 0.0000000000
44106  -44.537  -32.736  50.367 0.0000000000
44134  -44.257  -32.350  48.662 0.0000000000
46028  -44.470  -30.439  48.065 0.0000000000
46908  -44.438  -29.569  47.609 0.0000000000
47769  -43.909  -28.295  47.245 0.0000000000
46918  -43.652  -28.711  45.583 0.0000000000
47811  -42.207  -28.897  44.299 0.0000000000
48737  -40.816  -28.660  42.523 0.0000000000
106627  -32.798  -45.346  60.504 0.0000000000
32691  -33.478  -45.585  62.438 0.0000000000
32692  -34.411  -45.705  62.429 0.0000000000
30988  -35.464  -46.589  62.250 0.0000000000
30156  -38.147  -49.010  59.015 0.0000000000
33738  -33.034  -44.449  48.645 0.0000000000
113803  -34.628  -44.657  50.217 0.0000000000
36821  -37.363  -40.476  55.005 0.0000000000
35991  -37.423  -41.633  53.996 0.0000000000
35942  -39.467  -41.753  57.611 0.0000000000
34385  -41.316  -43.292  57.199 0.0000000000
32782  -40.426  -44.938  56.567 0.0000000000
108806  -38.785  -46.887  55.423 0.0000000000
32809  -38.685  -45.838  54.139 0.0000000000
31119  -22.835  -47.851  55.536 0.0000000000
31081  -23.071  -48.082  57.103 0.0000000000
30997  -24.049  -48.055  61.028 0.0000000000
105668  -23.941  -47.832  62.056 0.0000000000
105489  -24.856  -47.900  62.123 0.0000000000
51383  -48.125  -24.687  37.888 0.0000000000
50506  -48.818  -25.771  40.065 0.0000000000
51370  -49.620  -24.392  39.538 0.0000000000
51342  -52.046  -25.116  41.992 0.0000000000
108800  -52.732  -24.770  43.288 0.0000000000
107771  -54.189  -10.492  30.420 0.0000000000
63742  -55.934  -10.470  31.368 0.0000000000
63761  -54.711  -10.229  30.097 0.0000000000
65521  -61.438  -8.492  27.441 0.0000000000
66371  -63.735  -6.768  29.781 0.0000000000
65527  -62.970  -7.588  27.331 0.0000000000
67275  -64.010  -6.754  27.515 0.0000000000
31849  -19.270  -46.979  61.428 0.0000000000
31847  -17.914  -46.583  61.261 0.0000000000
42232  -42.989  -34.512  59.040 0.0000000000
42254  -42.247  -34.433  56.901 0.0000000000
42278  -42.781  -35.055  54.789 0.0000000000
42310  -43.993  -34.912  51.875 0.0000000000
41463  -42.588  -36.019  51.248 0.0000000000
42319  -43.145  -35.621  49.891 0.0000000000
42325  -43.804  -34.830  49.771 0.0000000000
43266  -43.726  -33.644  47.397 0.0000000000
43283  -43.337  -33.611  45.230 0.0000000000
31039  -27.162  -47.329  59.711 0.0000000000
31861  -28.291  -46.196  61.054 0.0000000000
31870  -28.454  -46.506  59.451 0.0000000000
32746  -28.939  -46.238  58.866 0.0000000000
32748  -30.353  -45.683  58.881 0.0000000000
120602  -29.035  -46.358  55.829 0.0000000000
32771  -29.916  -46.226  57.122 0.0000000000
105719  -31.153  -45.558  58.782 0.0000000000
105717  -32.606  -45.404  58.551 0.0000000000
105716  -33.546  -45.404  58.825 0.0000000000
105714  -35.373  -45.356  58.868 0.0000000000
37784  -34.685  -40.167  49.464 0.0000000000
36865  -35.085  -39.942  50.608 0.0000000000
124465  -34.338  -38.244  49.805 0.0000000000
38642  -34.926  -38.957  51.582 0.0000000000
36839  -35.352  -39.921  52.837 0.0000000000
36799  -36.954  -39.832  55.200 0.0000000000
36801  -39.406  -40.582  56.270 0.0000000000
35981  -40.670  -41.425  54.469 0.0000000000
35203  -41.078  -41.995  52.391 0.0000000000
36842  -40.788  -40.588  53.565 0.0000000000
38621  -40.694  -38.760  53.511 0.0000000000
106414  -41.175  -38.016  54.022 0.0000000000
40507  -37.078  -36.863  58.196 0.0000000000
39541  -40.149  -37.703  56.946 0.0000000000
39555  -41.409  -37.478  55.536 0.0000000000
39542  -42.150  -37.181  56.324 0.0000000000
31104  -24.457  -48.022  56.080 0.0000000000
48634  -45.220  -26.560  52.173 0.0000000000
50356  -45.026  -25.394  52.098 0.0000000000
51241  -45.160  -24.093  51.665 0.0000000000
53026  -45.935  -22.946  50.585 0.0000000000
51291  -45.060  -24.588  47.924 0.0000000000
51282  -45.761  -24.110  48.536 0.0000000000
53158  -51.886  -22.517  38.001 0.0000000000
53125  -51.783  -22.065  39.916 0.0000000000
54013  -53.270  -21.986  39.770 0.0000000000
114075  -54.178  -21.563  41.372 0.0000000000
53949  -55.393  -20.690  43.402 0.0000000000
54846  -55.919  -20.046  41.242 0.0000000000
55635  -55.878  -19.610  43.147 0.0000000000
48820  -43.526  -27.636  37.414 0.0000000000
48783  -45.072  -28.127  39.005 0.0000000000
49710  -43.960  -27.208  36.826 0.0000000000
125607  -45.125  -26.383  37.578 0.0000000000
51401  -45.559  -25.184  37.029 0.0000000000
107790  -47.003  -24.381  37.023 0.0000000000
52261  -48.080  -23.679  37.025 0.0000000000
52287  -48.777  -22.961  36.658 0.0000000000
119005  -49.353  -22.444  36.029 0.0000000000
53190  -50.904  -22.087  35.836 0.0000000000
54080  -52.015  -21.169  35.749 0.0000000000
54936  -53.038  -20.249  35.740 0.0000000000
55728  -53.508  -19.698  35.822 0.0000000000
57472  -50.444  -16.985  34.142 0.0000000000
57433  -52.981  -17.960  35.210 0.0000000000
56574  -54.334  -18.478  35.909 0.0000000000
56575  -55.102  -17.979  36.060 0.0000000000
107880  -56.016  -16.899  35.547 0.0000000000
59248  -56.940  -15.870  35.085 0.0000000000
59262  -57.271  -15.179  34.692 0.0000000000
60169  -55.785  -14.656  34.325 0.0000000000
61090  -54.175  -13.082  32.995 0.0000000000
61966  -54.090  -12.043  32.210 0.0000000000
62840  -52.773  -10.955  30.721 0.0000000000
111473  -16.998  -45.734  62.483 0.0000000000
32666  -16.281  -45.291  62.681 0.0000000000
32665  -15.502  -44.989  62.821 0.0000000000
32634  -16.592  -44.962  65.741 0.0000000000
33534  -15.567  -44.163  65.210 0.0000000000
32647  -14.120  -44.977  63.428 0.0000000000
33541  -13.841  -44.485  64.366 0.0000000000
33531  -12.755  -44.456  65.508 0.0000000000
109795  -11.677  -44.444  66.682 0.0000000000
32625  -11.389  -45.287  67.397 0.0000000000
121558  -46.446  -28.173  54.938 0.0000000000
44034  -45.982  -32.642  56.923 0.0000000000
45023  -44.831  -32.333  52.772 0.0000000000
44999  -45.442  -31.485  53.991 0.0000000000
45989  -46.152  -30.412  54.459 0.0000000000
46858  -46.276  -29.038  54.272 0.0000000000
47730  -45.371  -27.581  52.688 0.0000000000
48642  -45.124  -26.783  51.341 0.0000000000
110094  -43.842  -26.626  48.999 0.0000000000
50418  -43.162  -26.209  46.793 0.0000000000
48705  -42.959  -27.721  46.335 0.0000000000
49580  -42.108  -27.028  45.807 0.0000000000
50445  -42.337  -26.052  45.194 0.0000000000
49624  -42.981  -26.924  43.333 0.0000000000
48756  -43.096  -28.022  41.429 0.0000000000
47865  -42.783  -28.565  39.367 0.0000000000
46093  -40.484  -30.602  41.242 0.0000000000
46967  -39.569  -29.660  40.449 0.0000000000
47851  -39.581  -29.229  40.411 0.0000000000
47852  -39.676  -28.854  40.250 0.0000000000
108818  -39.441  -28.493  38.853 0.0000000000
125542  -40.828  -28.400  38.713 0.0000000000
48801  -41.088  -28.155  38.011 0.0000000000
48802  -42.025  -28.105  37.985 0.0000000000
30972  -32.937  -46.501  62.976 0.0000000000
33663  -29.474  -45.229  51.316 0.0000000000
33639  -31.054  -45.291  51.698 0.0000000000
108090  -31.461  -45.455  53.089 0.0000000000
120776  -32.535  -45.421  54.467 0.0000000000
32776  -34.501  -45.432  56.774 0.0000000000
32749  -36.457  -45.510  58.653 0.0000000000
122316  -34.626  -42.144  48.195 0.0000000000
33696  -35.104  -43.905  49.689 0.0000000000
33668  -35.814  -44.561  51.099 0.0000000000
126962  -37.533  -43.202  53.664 0.0000000000
33621  -37.241  -44.048  53.711 0.0000000000
126763  -36.629  -44.978  54.496 0.0000000000
32794  -37.171  -45.156  56.121 0.0000000000
106318  -38.452  -45.325  59.102 0.0000000000
122466  -38.834  -45.425  61.093 0.0000000000
31871  -39.789  -46.588  60.345 0.0000000000
30168  -39.184  -48.065  58.396 0.0000000000
32745  -16.733  -46.471  57.880 0.0000000000
31875  -17.339  -46.821  58.531 0.0000000000
31899  -19.420  -46.847  56.342 0.0000000000
31898  -18.703  -46.503  56.649 0.0000000000
31887  -18.442  -46.754  57.447 0.0000000000
31868  -18.859  -47.350  58.893 0.0000000000
119152  -18.687  -47.150  60.140 0.0000000000
30992  -19.940  -47.371  61.039 0.0000000000
108029  -23.635  -47.807  63.737 0.0000000000
47856  -45.886  -28.509  40.555 0.0000000000
48745  -47.358  -27.768  42.518 0.0000000000
115423  -48.043  -26.993  44.095 0.0000000000
49646  -49.715  -26.792  42.235 0.0000000000
49631  -49.669  -26.580  43.324 0.0000000000
50451  -49.231  -25.280  45.592 0.0000000000
116505  -49.837  -24.247  46.457 0.0000000000
52214  -53.026  -22.528  41.687 0.0000000000
124203  -53.628  -23.680  43.099 0.0000000000
117447  -53.654  -24.316  45.303 0.0000000000
59263  -58.118  -14.987  34.716 0.0000000000
60173  -59.118  -13.748  34.842 0.0000000000
106486  -59.522  -12.922  34.608 0.0000000000
62811  -56.966  -10.636  33.101 0.0000000000
62813  -58.334  -10.719  33.423 0.0000000000
62802  -60.392  -11.195  35.387 0.0000000000
62789  -60.919  -10.706  36.086 0.0000000000
120985  -61.665  -10.564  36.240 0.0000000000
120407  -59.121  -9.859  30.591 0.0000000000
65475  -61.104  -8.744  32.551 0.0000000000
65462  -62.322  -8.171  34.171 0.0000000000
67252  -64.496  -6.644  30.497 0.0000000000
39653  -38.508  -38.593  47.532 0.0000000000
40606  -39.594  -38.195  47.667 0.0000000000
39652  -37.410  -38.878  47.536 0.0000000000
39643  -38.607  -38.602  48.453 0.0000000000
47866  -43.674  -28.693  39.543 0.0000000000
107338  -44.030  -28.801  40.486 0.0000000000
47867  -44.566  -28.716  39.703 0.0000000000
57417  -58.211  -17.206  37.641 0.0000000000
58360  -58.706  -16.397  37.197 0.0000000000
58352  -59.039  -16.689  38.201 0.0000000000
31866  -17.286  -46.759  59.517 0.0000000000
32704  -16.638  -46.329  59.994 0.0000000000
31857  -17.392  -46.558  60.523 0.0000000000
45117  -43.219  -31.897  43.869 0.0000000000
45118  -43.504  -31.246  44.558 0.0000000000
121324  -42.939  -31.040  43.454 0.0000000000
46061  -42.611  -30.187  43.708 0.0000000000
31839  -27.629  -46.399  63.063 0.0000000000
31852  -27.974  -46.221  62.045 0.0000000000
32733  -36.088  -45.543  59.960 0.0000000000
32712  -36.344  -45.438  61.158 0.0000000000
107770  -37.051  -45.644  61.761 0.0000000000
32695  -37.686  -45.892  62.009 0.0000000000
32713  -37.991  -45.437  61.467 0.0000000000
35182  -40.775  -42.582  54.282 0.0000000000
34401  -40.709  -43.188  54.603 0.0000000000
34412  -40.569  -43.151  53.539 0.0000000000
34424  -39.907  -43.622  52.872 0.0000000000
30998  -26.974  -47.458  61.344 0.0000000000
53138  -50.702  -22.820  38.463 0.0000000000
53123  -50.853  -22.708  39.116 0.0000000000
53124  -51.291  -22.354  39.574 0.0000000000
113789  -40.233  -35.140  55.410 0.0000000000
118433  -40.950  -35.219  54.819 0.0000000000
120520  -40.861  -35.772  53.375 0.0000000000
42359  -41.150  -35.485  46.158 0.0000000000
42360  -41.877  -35.161  46.458 0.0000000000
125166  -27.512  -47.215  56.581 0.0000000000
31919  -26.636  -47.178  55.156 0.0000000000
32789  -30.409  -45.875  55.063 0.0000000000
112211  -31.012  -45.663  54.814 0.0000000000
106085  -35.361  -37.594  52.834 0.0000000000
109978  -34.196  -37.446  52.785 0.0000000000
106836  -35.903  -37.920  55.253 0.0000000000
39551  -36.072  -37.519  55.867 0.0000000000
39537  -36.428  -37.324  56.544 0.0000000000
39552  -36.187  -36.986  56.025 0.0000000000
41435  -40.134  -35.922  54.095 0.0000000000
41420  -39.380  -35.231  55.676 0.0000000000
105568  -40.101  -35.397  54.784 0.0000000000
105219  -40.016  -35.015  56.276 0.0000000000
31918  -25.557  -47.415  55.030 0.0000000000
50419  -43.645  -25.383  47.598 0.0000000000
51280  -43.886  -24.878  48.314 0.0000000000
50420  -43.942  -25.205  47.219 0.0000000000
50450  -47.654  -26.004  45.934 0.0000000000
50432  -47.162  -25.545  46.629 0.0000000000
50433  -48.219  -25.238  46.307 0.0000000000
54904  -54.767  -20.769  37.331 0.0000000000
54889  -54.973  -21.269  38.202 0.0000000000
54905  -55.441  -20.451  37.721 0.0000000000
56485  -57.499  -17.957  43.535 0.0000000000
57453  -49.349  -17.813  34.355 0.0000000000
60205  -52.544  -14.564  32.934 0.0000000000
110332  -52.421  -13.836  32.626 0.0000000000
32682  -14.301  -45.510  61.167 0.0000000000
32681  -12.891  -45.571  61.587 0.0000000000
32635  -18.196  -45.915  65.895 0.0000000000
31804  -17.965  -46.397  66.064 0.0000000000
32632  -14.390  -45.126  66.430 0.0000000000
30928  -13.807  -46.424  66.422 0.0000000000
42293  -44.567  -34.337  53.075 0.0000000000
43207  -44.702  -33.470  52.263 0.0000000000
46010  -44.445  -30.224  50.638 0.0000000000
46885  -44.550  -29.482  50.050 0.0000000000
46879  -44.535  -29.314  50.868 0.0000000000
109901  -44.523  -28.953  49.534 0.0000000000
47745  -44.379  -28.208  49.383 0.0000000000
47757  -44.330  -28.767  48.739 0.0000000000
49640  -41.129  -27.714  42.852 0.0000000000
124235  -41.120  -27.157  43.059 0.0000000000
48739  -41.391  -27.712  42.138 0.0000000000
48753  -40.961  -28.186  41.254 0.0000000000
32708  -31.395  -45.440  60.794 0.0000000000
32689  -31.566  -45.430  61.887 0.0000000000
33666  -34.078  -45.124  50.871 0.0000000000
32878  -33.585  -45.375  51.660 0.0000000000
32832  -34.542  -45.375  53.704 0.0000000000
32833  -35.379  -45.226  53.639 0.0000000000
36002  -35.543  -40.786  51.538 0.0000000000
36014  -35.940  -41.697  51.253 0.0000000000
36003  -36.008  -41.326  52.070 0.0000000000
32764  -41.607  -44.444  58.019 0.0000000000
34369  -40.584  -43.313  59.161 0.0000000000
32753  -41.673  -44.506  58.720 0.0000000000
33569  -41.251  -44.011  59.992 0.0000000000
32763  -41.291  -45.068  58.478 0.0000000000
31891  -40.611  -45.912  58.147 0.0000000000
32781  -40.041  -46.116  57.274 0.0000000000
115486  -41.955  -39.073  52.278 0.0000000000
31009  -22.318  -47.747  61.184 0.0000000000
49693  -47.321  -26.285  38.586 0.0000000000
49674  -47.672  -26.608  39.242 0.0000000000
50468  -51.480  -25.297  44.287 0.0000000000
51319  -52.055  -24.694  45.480 0.0000000000
51307  -51.394  -24.412  46.250 0.0000000000
51308  -52.463  -24.499  46.352 0.0000000000
53940  -55.404  -21.194  44.116 0.0000000000
53089  -54.844  -21.975  44.002 0.0000000000
62820  -54.834  -11.701  32.333 0.0000000000
127415  -55.791  -11.837  32.992 0.0000000000
62821  -55.730  -11.334  32.588 0.0000000000
64631  -57.954  -9.370  32.125 0.0000000000
64623  -58.803  -9.335  33.133 0.0000000000
64643  -58.679  -9.537  31.607 0.0000000000
64673  -61.495  -9.119  28.608 0.0000000000
114979  -61.140  -9.373  29.216 0.0000000000
64660  -62.012  -8.870  29.556 0.0000000000
65488  -62.484  -8.003  31.441 0.0000000000
66361  -63.298  -7.376  31.163 0.0000000000
66370  -63.361  -7.254  30.355 0.0000000000
109231  -40.624  -37.028  51.577 0.0000000000
40580  -40.662  -37.359  50.482 0.0000000000
40625  -39.876  -36.783  46.224 0.0000000000
40597  -40.983  -37.078  48.380 0.0000000000
41498  -40.404  -36.620  46.799 0.0000000000
112243  -35.528  -39.005  47.103 0.0000000000
39628  -36.553  -38.758  49.424 0.0000000000
105700  -35.736  -38.234  48.980 0.0000000000
105888  -36.529  -38.354  50.212 0.0000000000
105704  -36.128  -37.984  51.048 0.0000000000
105703  -36.967  -38.467  50.945 0.0000000000
39591  -37.415  -37.906  52.222 0.0000000000
39600  -37.855  -38.261  51.303 0.0000000000
39602  -39.666  -37.941  50.513 0.0000000000
39601  -38.950  -37.923  51.256 0.0000000000
40568  -39.844  -37.547  51.366 0.0000000000
40558  -39.791  -37.149  52.247 0.0000000000
49625  -43.983  -26.791  43.181 0.0000000000
122170  -43.873  -26.935  44.400 0.0000000000
49645  -44.186  -26.913  43.189 0.0000000000
48743  -45.541  -28.164  42.905 0.0000000000
48729  -45.144  -27.681  43.563 0.0000000000
48730  -46.134  -27.709  43.454 0.0000000000
49628  -46.719  -27.177  43.959 0.0000000000
56549  -56.708  -18.633  37.447 0.0000000000
55701  -56.419  -19.339  37.707 0.0000000000
56511  -58.234  -17.922  40.901 0.0000000000
56494  -58.359  -17.589  41.891 0.0000000000
60145  -60.151  -14.502  37.382 0.0000000000
60154  -59.761  -14.250  36.474 0.0000000000
32702  -15.487  -45.709  60.127 0.0000000000
32722  -15.347  -45.803  59.239 0.0000000000
111048  -14.932  -45.499  60.623 0.0000000000
43267  -44.134  -33.105  47.995 0.0000000000
44153  -44.206  -32.153  47.809 0.0000000000
45085  -44.398  -31.214  47.530 0.0000000000
46033  -44.465  -30.309  47.179 0.0000000000
46907  -44.347  -29.370  46.760 0.0000000000
46919  -44.176  -29.308  45.949 0.0000000000
46954  -41.204  -29.331  43.206 0.0000000000
46928  -42.717  -29.264  44.768 0.0000000000
47821  -41.099  -29.011  43.412 0.0000000000
47820  -40.776  -29.004  43.055 0.0000000000
47828  -40.416  -29.329  41.973 0.0000000000
106626  -33.654  -45.377  60.778 0.0000000000
112063  -33.822  -45.419  61.711 0.0000000000
32711  -34.485  -45.482  61.459 0.0000000000
31844  -36.681  -46.120  62.234 0.0000000000
31843  -35.765  -46.174  62.382 0.0000000000
31002  -36.201  -46.620  62.082 0.0000000000
30131  -38.234  -48.225  60.465 0.0000000000
30144  -37.929  -48.610  60.005 0.0000000000
30145  -38.444  -48.502  59.582 0.0000000000
33721  -33.389  -44.687  49.360 0.0000000000
34472  -33.919  -44.185  48.741 0.0000000000
35955  -38.061  -41.097  56.675 0.0000000000
35967  -37.845  -40.926  55.944 0.0000000000
35941  -38.868  -41.417  57.250 0.0000000000
34393  -41.101  -42.995  56.321 0.0000000000
34392  -40.759  -43.689  55.989 0.0000000000
108745  -40.804  -44.206  56.470 0.0000000000
33603  -40.361  -44.479  55.716 0.0000000000
32795  -39.842  -45.250  55.644 0.0000000000
31975  -38.127  -46.240  52.602 0.0000000000
109402  -23.991  -48.292  56.916 0.0000000000
105930  -23.659  -48.693  57.827 0.0000000000
30126  -24.978  -48.520  59.571 0.0000000000
110874  -23.861  -48.250  60.094 0.0000000000
30969  -26.401  -46.814  63.962 0.0000000000
111786  -26.026  -47.194  63.500 0.0000000000
51384  -48.829  -24.373  38.297 0.0000000000
51369  -48.971  -24.725  39.079 0.0000000000
51357  -51.141  -23.939  40.436 0.0000000000
51350  -51.610  -24.566  41.238 0.0000000000
51343  -52.603  -24.597  42.437 0.0000000000
65525  -61.107  -8.074  26.878 0.0000000000
65522  -62.422  -8.199  27.842 0.0000000000
65526  -61.996  -7.983  27.039 0.0000000000
107246  -19.227  -46.737  62.294 0.0000000000
31807  -19.803  -46.455  65.733 0.0000000000
112610  -42.077  -35.270  58.873 0.0000000000
42231  -42.398  -34.875  59.050 0.0000000000
111480  -41.826  -34.534  57.939 0.0000000000
41430  -41.922  -35.362  54.145 0.0000000000
42291  -43.066  -35.231  53.822 0.0000000000
41438  -43.347  -35.218  53.063 0.0000000000
41451  -43.219  -35.301  52.358 0.0000000000
107600  -41.891  -36.579  50.028 0.0000000000
41476  -42.028  -36.597  50.994 0.0000000000
41483  -42.092  -36.165  49.209 0.0000000000
42350  -42.501  -34.869  47.668 0.0000000000
42324  -42.569  -35.795  49.293 0.0000000000
109623  -43.103  -35.271  49.059 0.0000000000
42335  -43.732  -34.491  48.875 0.0000000000
43252  -43.680  -33.980  48.150 0.0000000000
43251  -43.180  -34.341  47.529 0.0000000000
110724  -27.713  -46.976  59.151 0.0000000000
31878  -27.666  -47.078  58.294 0.0000000000
31890  -28.534  -46.631  57.266 0.0000000000
108974  -29.304  -46.171  58.342 0.0000000000
32747  -29.605  -45.894  58.944 0.0000000000
31921  -28.527  -46.450  55.076 0.0000000000
124632  -30.455  -46.017  56.666 0.0000000000
107874  -29.856  -46.238  56.279 0.0000000000
119880  -30.577  -45.902  57.315 0.0000000000
105712  -30.753  -45.758  58.063 0.0000000000
120092  -31.365  -45.576  58.069 0.0000000000
105718  -31.842  -45.450  58.644 0.0000000000
105711  -31.863  -45.405  57.668 0.0000000000
123786  -32.958  -45.292  57.060 0.0000000000
126084  -32.522  -45.350  57.590 0.0000000000
105710  -33.218  -45.391  57.901 0.0000000000
105715  -34.429  -45.347  58.918 0.0000000000
37783  -34.242  -39.826  48.549 0.0000000000
37775  -34.894  -39.938  50.269 0.0000000000
39640  -34.836  -37.799  48.547 0.0000000000
39639  -34.365  -38.308  48.017 0.0000000000
39625  -34.506  -37.938  49.070 0.0000000000
38619  -34.158  -38.271  52.953 0.0000000000
38630  -33.991  -38.200  52.221 0.0000000000
37743  -35.062  -38.992  52.057 0.0000000000
37726  -35.497  -39.781  53.476 0.0000000000
36819  -35.824  -40.032  54.174 0.0000000000
37706  -36.130  -39.591  54.976 0.0000000000
37675  -36.672  -38.915  56.452 0.0000000000
37676  -37.527  -39.395  56.279 0.0000000000
37678  -38.474  -40.204  56.483 0.0000000000
36822  -39.696  -40.274  55.026 0.0000000000
36823  -40.452  -40.441  54.256 0.0000000000
37708  -39.411  -39.326  54.987 0.0000000000
38591  -38.741  -38.239  56.707 0.0000000000
38609  -39.614  -38.834  54.916 0.0000000000
38610  -40.406  -38.476  54.406 0.0000000000
39553  -39.664  -38.057  56.193 0.0000000000
107403  -37.594  -36.455  54.091 0.0000000000
40540  -37.150  -36.184  55.126 0.0000000000
40531  -37.071  -36.032  56.298 0.0000000000
40488  -38.947  -36.193  58.333 0.0000000000
124221  -38.452  -36.502  58.150 0.0000000000
39510  -39.244  -36.607  58.305 0.0000000000
108492  -41.086  -37.375  56.776 0.0000000000
39556  -42.139  -37.339  55.255 0.0000000000
39526  -41.013  -36.925  57.792 0.0000000000
41386  -41.365  -35.464  58.414 0.0000000000
113614  -41.801  -36.143  58.555 0.0000000000
111493  -41.997  -35.742  58.808 0.0000000000
31120  -23.754  -47.784  55.388 0.0000000000
31084  -26.446  -48.171  57.618 0.0000000000
49517  -44.917  -25.831  51.656 0.0000000000
49507  -45.151  -25.747  52.507 0.0000000000
51272  -44.445  -24.530  49.670 0.0000000000
51256  -44.587  -24.673  50.543 0.0000000000
52121  -44.917  -24.053  50.273 0.0000000000
52103  -45.391  -23.557  51.005 0.0000000000
52122  -45.426  -23.542  50.068 0.0000000000
110706  -44.892  -25.396  46.725 0.0000000000
110039  -47.234  -24.400  47.750 0.0000000000
111736  -46.085  -24.488  47.863 0.0000000000
52137  -46.347  -23.532  49.164 0.0000000000
52138  -47.352  -23.099  49.139 0.0000000000
52140  -49.282  -22.635  48.875 0.0000000000
108351  -52.668  -22.157  37.311 0.0000000000
54045  -52.680  -22.359  38.415 0.0000000000
54030  -53.296  -22.210  38.898 0.0000000000
54875  -54.694  -21.260  40.273 0.0000000000
53997  -54.058  -21.646  40.774 0.0000000000
54844  -54.556  -21.231  41.680 0.0000000000
53965  -54.673  -21.210  42.481 0.0000000000
54835  -54.839  -20.971  42.116 0.0000000000
55673  -56.775  -19.843  39.485 0.0000000000
54862  -56.247  -20.175  40.300 0.0000000000
31794  -10.742  -45.433  66.991 0.0000000000
32631  -9.874  -45.170  66.465 0.0000000000
111236  -44.402  -25.070  36.275 0.0000000000
50543  -45.153  -25.854  37.274 0.0000000000
50567  -45.043  -25.142  36.635 0.0000000000
52283  -45.923  -23.599  36.269 0.0000000000
51434  -47.285  -23.834  36.751 0.0000000000
52284  -46.730  -23.408  36.226 0.0000000000
53169  -48.015  -22.939  36.187 0.0000000000
53187  -47.731  -22.308  35.519 0.0000000000
53188  -48.555  -22.367  35.799 0.0000000000
54078  -50.259  -21.623  35.534 0.0000000000
54932  -49.719  -20.769  35.250 0.0000000000
54079  -51.146  -21.306  35.668 0.0000000000
54933  -50.576  -20.580  35.435 0.0000000000
55742  -51.141  -18.929  35.107 0.0000000000
55726  -51.763  -19.646  35.275 0.0000000000
55727  -52.694  -19.468  35.447 0.0000000000
58393  -52.103  -16.757  34.370 0.0000000000
57456  -52.539  -17.337  34.786 0.0000000000
57434  -53.714  -17.837  35.476 0.0000000000
57435  -54.456  -17.557  35.577 0.0000000000
57458  -53.921  -17.169  35.265 0.0000000000
59259  -54.518  -15.461  34.498 0.0000000000
58382  -55.369  -16.601  35.273 0.0000000000
58396  -54.992  -15.983  35.024 0.0000000000
59247  -55.968  -16.059  35.140 0.0000000000
59261  -56.318  -15.263  34.748 0.0000000000
60168  -54.918  -14.787  34.164 0.0000000000
61089  -53.288  -13.388  32.711 0.0000000000
61953  -53.678  -12.629  32.459 0.0000000000
61954  -54.487  -12.410  32.671 0.0000000000
32661  -11.795  -45.333  62.043 0.0000000000
31835  -18.749  -46.359  62.866 0.0000000000
31834  -17.856  -46.204  62.387 0.0000000000
32649  -16.980  -45.055  63.638 0.0000000000
32648  -16.295  -44.685  63.844 0.0000000000
31814  -17.129  -46.115  65.855 0.0000000000
33524  -15.457  -44.365  65.781 0.0000000000
33543  -15.570  -44.460  64.142 0.0000000000
33542  -14.671  -44.133  64.664 0.0000000000
33532  -13.893  -43.858  65.544 0.0000000000
33516  -13.452  -44.417  66.443 0.0000000000
33522  -13.321  -44.186  66.198 0.0000000000
33521  -12.440  -44.400  66.271 0.0000000000
106558  -11.738  -44.427  65.749 0.0000000000
33514  -11.547  -44.769  67.271 0.0000000000
32626  -12.138  -45.070  67.493 0.0000000000
30926  -12.773  -47.124  66.725 0.0000000000
46847  -46.588  -29.541  56.846 0.0000000000
46848  -46.564  -28.731  56.177 0.0000000000
119136  -46.573  -29.035  55.229 0.0000000000
42244  -43.032  -34.297  58.224 0.0000000000
42220  -43.422  -34.742  59.360 0.0000000000
42245  -43.818  -34.100  57.768 0.0000000000
43166  -45.035  -33.882  55.256 0.0000000000
43167  -45.334  -33.159  56.054 0.0000000000
43132  -45.125  -33.015  57.826 0.0000000000
45033  -44.482  -32.137  51.058 0.0000000000
44088  -44.674  -32.642  51.965 0.0000000000
113589  -44.646  -31.595  51.815 0.0000000000
120950  -44.861  -31.622  52.646 0.0000000000
44071  -45.537  -31.852  54.867 0.0000000000
45000  -45.896  -31.093  54.655 0.0000000000
45980  -46.333  -30.467  55.319 0.0000000000
47729  -44.937  -28.577  52.385 0.0000000000
46864  -45.512  -29.189  53.470 0.0000000000
47722  -45.251  -28.607  53.013 0.0000000000
47723  -45.921  -28.179  53.702 0.0000000000
126905  -45.247  -27.201  51.936 0.0000000000
48656  -44.232  -27.363  49.208 0.0000000000
49534  -44.413  -26.654  49.837 0.0000000000
49546  -43.458  -25.978  48.757 0.0000000000
47778  -43.349  -28.096  45.939 0.0000000000
47768  -43.423  -27.924  46.735 0.0000000000
49603  -42.149  -26.857  44.308 0.0000000000
49588  -41.988  -26.642  44.824 0.0000000000
50427  -42.305  -26.140  45.331 0.0000000000
50444  -42.247  -26.125  44.923 0.0000000000
122066  -42.482  -26.796  44.076 0.0000000000
49623  -41.937  -26.904  43.411 0.0000000000
107811  -42.108  -28.125  40.835 0.0000000000
48755  -42.476  -27.899  41.469 0.0000000000
48767  -42.731  -28.232  40.772 0.0000000000
46092  -39.791  -29.978  40.981 0.0000000000
46974  -39.116  -29.708  39.616 0.0000000000
47863  -39.187  -28.999  39.663 0.0000000000
48781  -40.190  -28.571  39.179 0.0000000000
48800  -40.042  -28.190  38.313 0.0000000000
32705  -28.999  -45.875  60.779 0.0000000000
32686  -28.792  -45.754  61.865 0.0000000000
32687  -29.638  -45.493  62.055 0.0000000000
32671  -31.085  -45.541  63.099 0.0000000000
32674  -33.992  -45.876  62.825 0.0000000000
32657  -33.313  -45.946  63.020 0.0000000000
31841  -33.913  -46.224  62.871 0.0000000000
32877  -32.609  -45.288  51.887 0.0000000000
120500  -31.428  -45.019  50.850 0.0000000000
32854  -31.671  -45.322  52.248 0.0000000000
32830  -32.227  -45.460  53.687 0.0000000000
113307  -34.857  -45.462  54.967 0.0000000000
121287  -34.488  -45.472  55.764 0.0000000000
105707  -35.787  -45.377  57.900 0.0000000000
106622  -36.089  -45.408  57.075 0.0000000000
36035  -34.697  -41.136  48.651 0.0000000000
35215  -36.263  -42.707  51.020 0.0000000000
34450  -35.435  -42.622  49.340 0.0000000000
34433  -36.237  -43.761  50.805 0.0000000000
33697  -35.515  -44.262  50.405 0.0000000000
33669  -36.537  -44.298  51.509 0.0000000000
108471  -37.975  -41.668  56.129 0.0000000000
35181  -37.656  -42.407  54.251 0.0000000000
35172  -37.849  -42.464  55.267 0.0000000000
33602  -38.257  -43.812  56.139 0.0000000000
34390  -37.795  -43.603  55.330 0.0000000000
33611  -37.225  -44.470  54.612 0.0000000000
110187  -36.723  -44.693  53.838 0.0000000000
33600  -36.846  -45.045  55.198 0.0000000000
32779  -38.006  -45.128  56.805 0.0000000000
32751  -39.536  -45.010  59.803 0.0000000000
32735  -39.290  -45.216  60.249 0.0000000000
31863  -39.293  -46.211  61.197 0.0000000000
31864  -39.991  -45.624  61.038 0.0000000000
31090  -39.468  -47.466  57.984 0.0000000000
31130  -38.251  -47.528  54.628 0.0000000000
35993  -41.027  -41.366  52.852 0.0000000000
31101  -21.624  -47.952  56.438 0.0000000000
31117  -21.197  -47.775  55.710 0.0000000000
31100  -20.669  -47.708  56.387 0.0000000000
31099  -19.902  -47.483  56.789 0.0000000000
31888  -19.256  -46.989  57.174 0.0000000000
31031  -19.677  -47.638  59.224 0.0000000000
31859  -19.105  -47.430  59.728 0.0000000000
30981  -24.299  -47.713  63.035 0.0000000000
51211  -46.176  -24.920  54.094 0.0000000000
113535  -44.700  -27.650  38.353 0.0000000000
107191  -45.457  -28.464  39.786 0.0000000000
111785  -45.871  -27.776  39.124 0.0000000000
105510  -47.909  -27.905  40.983 0.0000000000
47844  -47.222  -28.209  41.175 0.0000000000
48757  -47.657  -27.892  41.709 0.0000000000
48732  -47.947  -27.198  43.153 0.0000000000
109524  -48.708  -26.774  43.711 0.0000000000
50497  -50.016  -26.007  41.006 0.0000000000
49664  -49.336  -26.322  40.662 0.0000000000
49656  -50.243  -26.317  41.784 0.0000000000
110758  -50.126  -25.519  44.762 0.0000000000
49612  -50.027  -26.129  44.194 0.0000000000
49611  -49.241  -26.331  44.403 0.0000000000
51316  -49.561  -24.760  46.052 0.0000000000
52163  -50.875  -23.598  47.535 0.0000000000
105214  -51.235  -23.184  48.576 0.0000000000
53996  -52.950  -22.042  40.709 0.0000000000
53108  -52.642  -22.206  40.900 0.0000000000
52192  -54.190  -23.460  44.369 0.0000000000
52191  -53.914  -23.627  43.704 0.0000000000
51326  -53.648  -24.214  44.418 0.0000000000
60170  -56.671  -14.564  34.397 0.0000000000
60171  -57.594  -14.479  34.352 0.0000000000
122639  -57.816  -12.929  33.775 0.0000000000
61060  -57.809  -13.735  34.041 0.0000000000
61061  -58.624  -13.244  34.121 0.0000000000
121237  -59.222  -12.484  33.980 0.0000000000
63734  -56.223  -10.624  32.143 0.0000000000
63743  -56.796  -10.206  31.787 0.0000000000
108549  -57.932  -9.650  33.315 0.0000000000
61933  -59.851  -11.994  34.376 0.0000000000
62801  -60.142  -10.905  34.062 0.0000000000
127401  -60.367  -10.200  34.300 0.0000000000
63706  -61.233  -10.092  35.466 0.0000000000
63720  -61.413  -9.511  34.952 0.0000000000
63707  -61.811  -9.738  35.501 0.0000000000
108135  -62.004  -8.882  34.753 0.0000000000
64659  -60.374  -9.627  29.351 0.0000000000
64658  -59.474  -9.801  29.502 0.0000000000
64657  -58.535  -9.899  29.736 0.0000000000
120495  -59.529  -9.492  31.604 0.0000000000
64634  -60.545  -9.236  31.532 0.0000000000
65477  -62.593  -7.580  33.006 0.0000000000
65476  -61.870  -8.111  32.939 0.0000000000
65471  -62.824  -7.658  34.003 0.0000000000
64606  -62.603  -8.957  34.787 0.0000000000
64607  -63.054  -8.446  34.510 0.0000000000
66381  -63.847  -6.813  28.977 0.0000000000
67251  -64.010  -6.454  30.227 0.0000000000
67258  -64.310  -6.436  29.754 0.0000000000
39631  -39.453  -38.153  49.642 0.0000000000
40596  -40.343  -37.836  49.012 0.0000000000
123058  -40.270  -37.836  48.232 0.0000000000
109538  -39.866  -37.427  46.782 0.0000000000
121395  -36.248  -39.208  47.630 0.0000000000
39642  -37.604  -38.822  48.978 0.0000000000
39630  -38.422  -38.484  49.444 0.0000000000
48741  -43.494  -27.988  42.229 0.0000000000
120665  -43.938  -27.944  42.831 0.0000000000
47829  -44.224  -28.378  42.256 0.0000000000
47830  -45.056  -28.488  42.231 0.0000000000
47842  -45.463  -28.620  41.412 0.0000000000
57423  -56.944  -17.514  36.637 0.0000000000
57416  -57.508  -17.692  37.322 0.0000000000
125883  -59.787  -16.456  39.633 0.0000000000
58353  -59.835  -16.282  38.869 0.0000000000
59225  -60.353  -15.500  38.766 0.0000000000
111375  -59.548  -15.496  37.235 0.0000000000
59241  -59.383  -15.068  36.405 0.0000000000
32744  -15.996  -46.043  58.112 0.0000000000
112105  -15.842  -45.957  58.867 0.0000000000
32703  -16.177  -45.856  60.496 0.0000000000
44164  -44.026  -32.688  46.397 0.0000000000
45084  -44.186  -31.947  46.953 0.0000000000
45096  -44.137  -31.670  46.036 0.0000000000
45106  -43.836  -31.367  45.199 0.0000000000
46050  -43.536  -30.272  44.856 0.0000000000
121424  -43.807  -29.469  45.347 0.0000000000
46944  -42.852  -29.731  44.425 0.0000000000
46075  -41.209  -29.785  42.746 0.0000000000
124309  -27.245  -46.594  63.754 0.0000000000
111924  -35.370  -45.507  61.015 0.0000000000
32693  -35.309  -45.676  62.151 0.0000000000
32694  -36.163  -45.652  61.959 0.0000000000
122221  -36.695  -45.930  62.211 0.0000000000
31022  -37.528  -47.278  61.614 0.0000000000
31003  -37.999  -46.880  61.780 0.0000000000
31023  -38.291  -47.613  61.230 0.0000000000
114591  -40.640  -41.776  56.531 0.0000000000
35958  -40.568  -41.888  57.268 0.0000000000
121864  -40.861  -42.540  56.133 0.0000000000
111270  -40.825  -43.210  55.461 0.0000000000
115682  -39.801  -44.309  54.216 0.0000000000
32834  -39.136  -44.994  53.926 0.0000000000
33623  -39.510  -44.259  53.333 0.0000000000
33622  -38.938  -44.911  52.753 0.0000000000
31012  -25.676  -48.359  60.154 0.0000000000
31838  -26.911  -46.921  63.246 0.0000000000
52245  -49.756  -23.708  38.438 0.0000000000
52231  -49.981  -23.739  39.049 0.0000000000
52232  -50.566  -23.246  39.319 0.0000000000
52221  -51.344  -22.880  40.128 0.0000000000
52212  -51.795  -23.463  40.812 0.0000000000
42241  -40.704  -34.883  57.500 0.0000000000
42253  -41.311  -34.582  57.218 0.0000000000
125591  -41.236  -34.985  55.444 0.0000000000
41490  -42.009  -35.987  48.475 0.0000000000
42349  -42.080  -35.594  47.737 0.0000000000
111590  -42.638  -34.457  46.993 0.0000000000
43273  -42.272  -34.663  46.344 0.0000000000
31901  -27.121  -47.659  56.997 0.0000000000
31902  -28.078  -46.943  56.554 0.0000000000
32802  -28.867  -46.161  54.275 0.0000000000
32787  -29.156  -46.184  55.054 0.0000000000
32803  -29.670  -46.025  54.585 0.0000000000
111732  -30.586  -45.873  55.965 0.0000000000
32772  -30.979  -45.701  56.692 0.0000000000
32773  -31.534  -45.427  56.807 0.0000000000
112181  -31.243  -45.513  56.128 0.0000000000
112180  -31.883  -45.276  56.189 0.0000000000
112247  -32.677  -45.217  56.281 0.0000000000
106468  -34.970  -37.649  51.089 0.0000000000
39611  -34.567  -37.769  50.628 0.0000000000
119428  -34.114  -37.700  51.623 0.0000000000
39577  -33.894  -37.686  52.936 0.0000000000
38607  -34.685  -38.223  52.971 0.0000000000
37705  -35.703  -39.381  54.409 0.0000000000
112681  -35.933  -38.813  55.424 0.0000000000
37674  -36.211  -38.671  56.141 0.0000000000
105226  -37.258  -38.516  56.820 0.0000000000
37707  -38.912  -38.945  55.450 0.0000000000
38588  -36.716  -37.969  56.744 0.0000000000
38589  -37.216  -37.575  57.332 0.0000000000
38579  -37.577  -37.330  57.785 0.0000000000
41419  -37.851  -35.631  56.357 0.0000000000
41427  -38.515  -35.533  55.454 0.0000000000
107829  -38.595  -35.312  56.327 0.0000000000
41400  -39.452  -35.658  57.949 0.0000000000
40490  -39.945  -36.170  58.250 0.0000000000
41412  -40.010  -35.041  57.294 0.0000000000
41401  -40.429  -35.517  57.985 0.0000000000
31121  -24.647  -47.643  55.170 0.0000000000
31122  -26.060  -47.820  55.753 0.0000000000
50391  -43.858  -25.415  49.423 0.0000000000
50378  -44.404  -25.662  50.370 0.0000000000
51271  -43.965  -24.847  49.078 0.0000000000
119133  -44.396  -24.557  48.720 0.0000000000
50431  -45.995  -25.529  46.746 0.0000000000
52159  -47.820  -23.658  48.278 0.0000000000
51292  -48.274  -24.036  47.402 0.0000000000
51293  -49.080  -23.740  47.105 0.0000000000
54031  -54.120  -21.813  38.796 0.0000000000
54046  -54.363  -21.449  37.757 0.0000000000
54015  -54.885  -21.451  39.263 0.0000000000
54861  -55.417  -20.669  40.564 0.0000000000
113748  -56.988  -18.861  41.895 0.0000000000
55637  -56.921  -18.484  42.993 0.0000000000
61915  -61.852  -11.618  37.174 0.0000000000
53186  -46.601  -22.857  35.731 0.0000000000
55740  -49.508  -19.224  34.944 0.0000000000
55741  -50.319  -19.056  35.033 0.0000000000
56592  -50.634  -18.317  34.707 0.0000000000
58412  -51.746  -15.728  33.617 0.0000000000
59257  -52.421  -16.099  34.124 0.0000000000
58395  -53.721  -16.587  34.893 0.0000000000
59258  -53.461  -15.752  34.295 0.0000000000
59282  -54.025  -14.894  34.010 0.0000000000
60188  -54.445  -14.240  33.731 0.0000000000
124139  -53.758  -14.393  33.549 0.0000000000
32680  -12.179  -45.512  61.605 0.0000000000
32662  -12.555  -45.358  62.491 0.0000000000
32652  -19.281  -45.813  65.011 0.0000000000
32651  -18.504  -45.504  64.729 0.0000000000
125836  -17.457  -44.760  65.151 0.0000000000
31813  -16.063  -45.889  65.600 0.0000000000
120533  -15.237  -44.939  66.293 0.0000000000
33523  -14.840  -44.377  66.207 0.0000000000
32628  -13.923  -44.562  66.564 0.0000000000
117487  -12.652  -45.686  67.313 0.0000000000
31797  -13.074  -46.481  66.995 0.0000000000
30927  -13.488  -47.463  66.460 0.0000000000
42269  -44.461  -34.378  55.741 0.0000000000
42280  -44.463  -34.392  54.807 0.0000000000
125130  -44.841  -33.911  54.311 0.0000000000
43185  -44.954  -33.143  54.281 0.0000000000
111866  -44.300  -30.913  49.993 0.0000000000
106574  -44.411  -31.213  50.867 0.0000000000
46004  -44.566  -30.632  51.513 0.0000000000
111650  -44.681  -30.027  52.073 0.0000000000
45994  -45.292  -30.054  53.322 0.0000000000
46874  -44.643  -29.114  51.747 0.0000000000
119956  -44.668  -28.553  51.054 0.0000000000
113734  -44.820  -27.679  50.760 0.0000000000
48671  -43.660  -27.590  47.869 0.0000000000
48722  -41.759  -28.283  44.147 0.0000000000
47794  -42.787  -28.119  45.117 0.0000000000
49602  -41.516  -27.878  43.836 0.0000000000
117264  -41.504  -27.191  43.537 0.0000000000
49622  -41.207  -26.983  43.181 0.0000000000
49642  -41.545  -27.081  42.759 0.0000000000
48754  -41.733  -27.956  41.417 0.0000000000
32706  -29.652  -45.642  60.530 0.0000000000
114523  -30.041  -45.493  61.262 0.0000000000
31001  -34.824  -46.939  62.131 0.0000000000
30987  -34.063  -46.768  62.471 0.0000000000
33693  -31.901  -44.818  50.090 0.0000000000
33665  -32.984  -45.130  50.946 0.0000000000
118752  -33.159  -45.415  52.351 0.0000000000
108850  -33.154  -45.478  53.077 0.0000000000
106587  -33.161  -45.460  53.914 0.0000000000
32831  -33.937  -45.499  53.374 0.0000000000
32807  -34.708  -45.396  54.309 0.0000000000
32793  -35.506  -45.456  55.339 0.0000000000
36026  -35.009  -40.651  49.446 0.0000000000
35229  -35.427  -41.284  49.731 0.0000000000
35201  -37.001  -42.865  52.293 0.0000000000
35153  -40.149  -42.714  58.581 0.0000000000
34391  -38.129  -42.586  56.189 0.0000000000
34376  -39.653  -42.584  58.235 0.0000000000
34375  -39.195  -43.148  57.812 0.0000000000
33582  -39.147  -44.236  58.054 0.0000000000
32780  -38.456  -44.810  57.505 0.0000000000
119304  -40.063  -43.712  59.982 0.0000000000
33568  -40.681  -44.322  60.356 0.0000000000
32716  -40.205  -44.758  60.952 0.0000000000
31872  -40.505  -45.630  60.368 0.0000000000
111352  -40.421  -46.541  58.662 0.0000000000
115328  -40.003  -46.766  57.998 0.0000000000
122687  -39.073  -47.313  56.948 0.0000000000
112717  -21.948  -47.918  58.034 0.0000000000
31079  -21.277  -47.832  57.369 0.0000000000
31058  -21.244  -47.798  58.299 0.0000000000
31057  -20.377  -47.748  58.603 0.0000000000
31032  -20.481  -47.730  59.584 0.0000000000
31007  -20.611  -47.616  60.510 0.0000000000
123127  -25.537  -47.766  64.633 0.0000000000
114359  -25.072  -47.354  64.400 0.0000000000
48806  -46.243  -27.194  38.620 0.0000000000
48784  -46.610  -27.478  39.267 0.0000000000
48785  -47.318  -27.239  39.524 0.0000000000
48771  -48.287  -27.392  40.610 0.0000000000
50488  -51.524  -25.681  42.459 0.0000000000
49633  -51.002  -26.053  42.808 0.0000000000
50467  -50.766  -25.717  44.147 0.0000000000
50453  -50.609  -25.070  44.999 0.0000000000
51317  -50.123  -24.686  45.845 0.0000000000
51318  -50.961  -24.680  45.635 0.0000000000
52164  -52.023  -23.764  47.885 0.0000000000
53964  -54.083  -21.592  42.216 0.0000000000
53101  -53.578  -22.035  42.217 0.0000000000
53102  -54.211  -21.936  43.006 0.0000000000
53082  -54.785  -22.732  44.836 0.0000000000
61073  -55.686  -13.181  33.728 0.0000000000
61074  -56.510  -13.172  33.981 0.0000000000
111811  -56.286  -12.611  33.754 0.0000000000
61943  -56.455  -12.071  33.533 0.0000000000
106777  -56.887  -11.413  33.427 0.0000000000
64612  -57.926  -9.467  33.094 0.0000000000
117757  -58.345  -9.423  33.179 0.0000000000
63727  -59.957  -10.017  33.753 0.0000000000
64613  -59.097  -9.420  33.273 0.0000000000
105340  -59.622  -9.396  33.135 0.0000000000
64614  -60.648  -9.180  33.338 0.0000000000
64678  -60.078  -9.091  27.876 0.0000000000
64672  -60.591  -9.346  28.520 0.0000000000
65482  -61.557  -8.600  31.512 0.0000000000
66348  -63.030  -7.360  33.023 0.0000000000
66349  -63.122  -7.430  32.870 0.0000000000
67267  -64.454  -6.504  28.978 0.0000000000
67268  -65.093  -6.535  29.289 0.0000000000
120139  -40.223  -36.212  53.319 0.0000000000
41448  -41.048  -36.056  52.567 0.0000000000
106695  -41.387  -36.917  50.791 0.0000000000
41475  -41.438  -36.812  49.843 0.0000000000
41489  -41.584  -36.237  48.092 0.0000000000
124537  -41.571  -36.013  47.407 0.0000000000
31940  -26.864  -46.801  54.355 0.0000000000
32827  -27.921  -46.295  52.964 0.0000000000
114093  -29.225  -45.664  52.740 0.0000000000
113871  -33.970  -37.807  46.796 0.0000000000
39651  -34.457  -37.893  47.554 0.0000000000
39627  -35.113  -37.695  49.250 0.0000000000
106619  -35.513  -39.018  48.193 0.0000000000
105701  -35.192  -37.883  48.564 0.0000000000
39612  -35.029  -37.540  50.092 0.0000000000
122650  -35.638  -37.830  50.414 0.0000000000
39598  -35.675  -37.705  51.889 0.0000000000
39579  -36.152  -37.206  53.465 0.0000000000
40547  -36.188  -36.902  54.362 0.0000000000
39580  -37.098  -37.275  52.998 0.0000000000
40556  -37.827  -36.934  53.291 0.0000000000
39592  -38.378  -37.741  52.039 0.0000000000
40549  -38.587  -36.664  53.642 0.0000000000
40550  -39.571  -36.748  53.111 0.0000000000
122743  -42.603  -26.000  45.230 0.0000000000
50430  -43.902  -25.649  46.610 0.0000000000
50446  -43.399  -26.155  45.827 0.0000000000
49589  -44.078  -26.381  45.535 0.0000000000
49590  -44.962  -26.369  45.504 0.0000000000
49607  -45.350  -26.834  44.800 0.0000000000
49591  -45.986  -26.518  45.499 0.0000000000
49608  -46.417  -26.969  44.791 0.0000000000
49592  -47.042  -26.575  45.439 0.0000000000
55700  -55.792  -19.670  37.351 0.0000000000
55687  -56.085  -20.056  38.075 0.0000000000
55688  -56.647  -19.614  38.465 0.0000000000
56523  -57.506  -19.089  39.902 0.0000000000
56540  -57.521  -18.538  38.415 0.0000000000
116437  -57.696  -18.653  39.125 0.0000000000
55661  -57.424  -18.912  40.904 0.0000000000
56493  -57.733  -18.200  41.631 0.0000000000
56486  -58.091  -17.427  42.944 0.0000000000
109203  -60.985  -15.370  39.247 0.0000000000
60146  -61.138  -13.660  37.899 0.0000000000
61044  -60.086  -13.430  36.449 0.0000000000
117696  -14.056  -45.663  59.404 0.0000000000
43230  -44.503  -33.616  50.638 0.0000000000
44096  -44.623  -32.935  51.105 0.0000000000
44117  -44.387  -32.515  49.520 0.0000000000
45054  -44.235  -31.561  49.340 0.0000000000
45073  -44.303  -31.386  48.447 0.0000000000
46015  -44.335  -30.527  49.092 0.0000000000
46897  -44.437  -29.625  48.482 0.0000000000
47770  -44.285  -28.850  47.896 0.0000000000
123521  -44.252  -28.843  47.185 0.0000000000
47779  -43.929  -28.532  46.431 0.0000000000
47795  -43.106  -28.467  45.256 0.0000000000
46929  -43.297  -29.119  44.944 0.0000000000
117529  -42.832  -28.582  44.882 0.0000000000
47809  -41.313  -28.555  43.563 0.0000000000
48728  -41.094  -28.381  43.117 0.0000000000
106628  -31.975  -45.448  60.209 0.0000000000
32710  -33.152  -45.320  61.459 0.0000000000
112278  -34.481  -45.964  62.768 0.0000000000
32675  -35.140  -45.961  62.516 0.0000000000
123381  -35.610  -47.106  61.805 0.0000000000
33737  -32.126  -44.407  48.622 0.0000000000
33695  -33.704  -44.910  50.125 0.0000000000
33667  -34.994  -44.835  50.916 0.0000000000
36841  -36.252  -40.633  53.816 0.0000000000
35990  -36.894  -41.325  53.428 0.0000000000
35979  -37.072  -40.901  54.272 0.0000000000
35980  -37.666  -41.465  54.989 0.0000000000
35159  -38.903  -41.810  57.331 0.0000000000
35959  -40.907  -42.438  57.217 0.0000000000
35944  -40.672  -42.300  57.649 0.0000000000
35161  -40.447  -42.414  58.107 0.0000000000
34377  -41.466  -43.435  57.977 0.0000000000
33593  -41.194  -44.341  57.201 0.0000000000
126326  -40.320  -45.495  56.971 0.0000000000
31923  -39.332  -46.047  55.594 0.0000000000
122523  -38.995  -46.222  54.861 0.0000000000
31135  -38.147  -47.006  53.832 0.0000000000
114684  -38.517  -45.614  53.188 0.0000000000
31961  -38.276  -46.354  53.538 0.0000000000
115615  -37.590  -47.602  52.661 0.0000000000
31118  -21.947  -47.923  55.601 0.0000000000
31102  -22.506  -47.999  56.369 0.0000000000
111419  -22.676  -48.407  57.865 0.0000000000
31061  -23.923  -48.644  58.739 0.0000000000
31010  -23.058  -47.954  60.376 0.0000000000
30996  -23.195  -47.832  61.573 0.0000000000
30982  -25.129  -47.328  63.479 0.0000000000
119973  -25.725  -47.698  62.612 0.0000000000
30968  -25.461  -47.007  64.041 0.0000000000
50519  -48.408  -25.120  38.639 0.0000000000
114786  -48.058  -25.887  38.919 0.0000000000
50520  -48.580  -25.434  39.399 0.0000000000
50507  -49.634  -25.337  40.286 0.0000000000
50508  -50.305  -25.296  40.749 0.0000000000
51356  -50.308  -24.388  40.182 0.0000000000
51349  -50.852  -24.888  40.958 0.0000000000
50499  -51.299  -25.393  41.668 0.0000000000
50480  -52.167  -25.170  43.742 0.0000000000
51335  -52.843  -24.709  44.094 0.0000000000
62842  -54.299  -10.853  31.011 0.0000000000
63741  -54.984  -10.785  31.344 0.0000000000
63751  -55.114  -10.444  30.702 0.0000000000
63752  -56.041  -10.231  30.705 0.0000000000
65520  -60.500  -8.567  27.249 0.0000000000
65509  -61.747  -8.765  28.040 0.0000000000
65510  -62.400  -8.635  28.657 0.0000000000
65496  -62.952  -7.944  29.548 0.0000000000
65511  -63.210  -7.618  28.670 0.0000000000
66394  -63.588  -7.102  28.158 0.0000000000
66404  -62.464  -7.642  26.585 0.0000000000
67266  -64.158  -6.597  28.608 0.0000000000
31858  -18.539  -46.890  60.823 0.0000000000
125714  -17.991  -46.728  60.648 0.0000000000
31848  -18.568  -46.705  61.826 0.0000000000
42243  -42.367  -34.587  58.534 0.0000000000
42255  -43.189  -34.336  57.267 0.0000000000
42267  -42.509  -34.746  55.775 0.0000000000
42268  -43.585  -34.642  55.375 0.0000000000
42279  -43.780  -34.825  54.361 0.0000000000
42292  -43.994  -34.880  53.472 0.0000000000
42311  -44.381  -34.319  51.577 0.0000000000
41449  -41.659  -35.791  52.794 0.0000000000
41450  -42.511  -35.712  52.192 0.0000000000
41484  -42.535  -36.187  50.146 0.0000000000
120550  -43.008  -35.668  50.696 0.0000000000
41464  -43.218  -35.302  51.449 0.0000000000
107296  -43.957  -34.746  51.182 0.0000000000
116790  -44.364  -34.135  51.105 0.0000000000
43241  -44.264  -34.090  49.447 0.0000000000
121993  -43.821  -33.383  46.761 0.0000000000
43274  -43.321  -33.932  46.797 0.0000000000
43284  -43.688  -33.521  46.076 0.0000000000
44181  -43.859  -32.571  45.396 0.0000000000
31860  -27.634  -46.748  61.209 0.0000000000
113310  -28.607  -46.291  60.241 0.0000000000
123536  -28.276  -46.668  58.634 0.0000000000
32725  -29.221  -45.993  59.767 0.0000000000
32726  -29.992  -45.612  59.708 0.0000000000
32727  -30.989  -45.475  59.740 0.0000000000
31920  -27.636  -46.844  55.016 0.0000000000
108975  -28.272  -46.742  55.795 0.0000000000
122180  -28.631  -46.624  56.439 0.0000000000
32770  -29.189  -46.436  56.750 0.0000000000
32759  -29.961  -46.010  58.050 0.0000000000
32729  -32.356  -45.431  59.515 0.0000000000
32730  -33.138  -45.374  59.687 0.0000000000
32731  -33.976  -45.370  59.794 0.0000000000
37792  -33.147  -39.678  46.563 0.0000000000
37793  -33.747  -39.982  47.612 0.0000000000
36886  -34.754  -40.518  49.159 0.0000000000
36874  -34.962  -40.210  49.946 0.0000000000
36866  -35.278  -40.235  51.017 0.0000000000
116992  -35.337  -40.137  51.685 0.0000000000
39638  -34.110  -38.876  47.820 0.0000000000
38648  -34.316  -38.741  49.663 0.0000000000
39597  -34.426  -37.865  51.106 0.0000000000
38640  -34.428  -38.251  50.429 0.0000000000
38649  -34.561  -39.135  50.410 0.0000000000
37759  -34.976  -39.498  50.929 0.0000000000
37760  -35.188  -39.657  51.408 0.0000000000
36855  -35.520  -40.446  52.400 0.0000000000
36840  -35.665  -40.324  53.330 0.0000000000
36820  -36.519  -40.224  54.578 0.0000000000
36800  -37.582  -40.171  55.538 0.0000000000
37691  -37.237  -39.627  55.895 0.0000000000
36780  -39.111  -40.931  57.052 0.0000000000
36802  -40.238  -41.187  55.915 0.0000000000
108624  -40.835  -41.888  53.707 0.0000000000
111887  -40.711  -42.534  53.064 0.0000000000
35992  -40.852  -41.201  53.524 0.0000000000
37709  -40.061  -39.376  54.251 0.0000000000
37727  -40.623  -39.549  53.380 0.0000000000
37728  -41.046  -39.917  52.928 0.0000000000
37744  -41.128  -38.990  52.676 0.0000000000
38611  -41.382  -38.356  53.332 0.0000000000
38631  -41.943  -38.406  52.842 0.0000000000
40539  -36.370  -36.718  55.215 0.0000000000
40523  -36.680  -36.728  57.004 0.0000000000
39523  -37.781  -36.752  58.203 0.0000000000
41409  -37.300  -36.185  57.360 0.0000000000
40508  -37.636  -36.627  58.073 0.0000000000
39540  -39.160  -37.692  57.260 0.0000000000
39554  -40.549  -37.718  55.819 0.0000000000
39567  -41.700  -37.555  54.582 0.0000000000
108166  -41.793  -36.982  57.514 0.0000000000
31103  -23.422  -48.022  56.260 0.0000000000
110277  -24.825  -48.336  56.783 0.0000000000
31105  -25.443  -48.142  56.319 0.0000000000
49498  -45.702  -26.288  53.759 0.0000000000
50379  -44.593  -25.370  50.902 0.0000000000
51232  -45.078  -24.750  52.107 0.0000000000
127278  -45.395  -24.392  52.774 0.0000000000
52085  -45.556  -23.462  51.922 0.0000000000
51302  -44.505  -25.018  47.287 0.0000000000
117717  -45.050  -24.300  48.656 0.0000000000
117742  -45.443  -24.937  47.288 0.0000000000
51281  -45.583  -23.795  49.278 0.0000000000
52123  -46.042  -23.131  49.829 0.0000000000
52139  -48.446  -22.823  48.922 0.0000000000
53139  -51.142  -22.507  38.764 0.0000000000
53140  -51.805  -22.338  39.109 0.0000000000
54012  -52.585  -22.010  40.182 0.0000000000
113393  -53.353  -21.879  40.476 0.0000000000
108799  -53.648  -21.824  41.188 0.0000000000
53980  -54.184  -21.474  41.796 0.0000000000
54877  -55.990  -20.459  39.560 0.0000000000
55645  -56.328  -19.496  41.797 0.0000000000
55644  -55.822  -19.866  42.233 0.0000000000
54836  -55.473  -20.345  42.510 0.0000000000
106010  -55.664  -20.073  43.302 0.0000000000
33529  -9.893  -44.245  65.849 0.0000000000
48803  -42.942  -28.057  38.084 0.0000000000
47885  -44.206  -28.417  38.892 0.0000000000
48804  -43.883  -28.018  38.138 0.0000000000
48821  -44.371  -27.374  37.589 0.0000000000
49690  -45.130  -26.914  37.850 0.0000000000
49711  -44.650  -26.534  37.212 0.0000000000
49712  -45.628  -26.279  37.774 0.0000000000
114935  -45.748  -25.653  37.429 0.0000000000
50544  -46.331  -25.778  37.726 0.0000000000
51432  -45.615  -24.424  36.607 0.0000000000
51402  -46.259  -24.917  37.147 0.0000000000
108050  -47.230  -25.118  37.513 0.0000000000
51403  -47.757  -24.238  37.246 0.0000000000
51404  -48.545  -24.015  37.585 0.0000000000
52285  -47.606  -23.387  36.473 0.0000000000
52286  -48.245  -23.346  36.785 0.0000000000
52262  -48.832  -23.545  37.322 0.0000000000
121572  -49.262  -23.291  37.266 0.0000000000
53155  -49.758  -23.189  37.431 0.0000000000
53170  -50.301  -22.901  37.042 0.0000000000
54077  -49.287  -21.695  35.433 0.0000000000
53189  -50.193  -22.476  36.097 0.0000000000
53171  -51.022  -22.526  36.515 0.0000000000
53172  -51.808  -22.369  36.942 0.0000000000
54057  -52.388  -21.688  36.410 0.0000000000
54934  -51.432  -20.440  35.505 0.0000000000
54912  -52.851  -21.007  35.894 0.0000000000
54058  -53.259  -21.457  36.665 0.0000000000
54913  -53.642  -20.561  36.232 0.0000000000
54914  -54.425  -20.305  36.635 0.0000000000
55707  -54.075  -19.861  36.174 0.0000000000
109480  -50.940  -17.572  34.423 0.0000000000
117806  -51.737  -17.439  34.555 0.0000000000
56594  -52.219  -18.049  34.937 0.0000000000
56573  -53.422  -18.755  35.593 0.0000000000
55729  -54.011  -19.244  35.960 0.0000000000
55708  -54.646  -19.382  36.382 0.0000000000
56555  -55.026  -18.664  36.354 0.0000000000
56556  -55.701  -18.429  36.552 0.0000000000
57437  -56.014  -17.632  36.170 0.0000000000
58381  -54.549  -16.742  35.199 0.0000000000
57436  -55.237  -17.248  35.599 0.0000000000
58370  -56.592  -17.077  36.010 0.0000000000
58371  -57.249  -16.823  36.124 0.0000000000
58383  -57.467  -16.245  35.593 0.0000000000
127324  -58.084  -15.922  35.728 0.0000000000
60189  -55.288  -14.056  33.903 0.0000000000
61941  -55.020  -12.782  33.208 0.0000000000
62832  -53.482  -11.322  31.172 0.0000000000
62841  -53.615  -10.814  30.709 0.0000000000
32685  -17.215  -46.134  61.456 0.0000000000
32684  -16.405  -45.691  61.505 0.0000000000
32667  -17.517  -45.615  63.329 0.0000000000
124829  -15.778  -45.315  61.888 0.0000000000
32664  -14.466  -45.260  62.349 0.0000000000
110385  -17.328  -45.582  65.703 0.0000000000
32640  -17.148  -44.852  65.414 0.0000000000
31803  -16.458  -45.329  65.853 0.0000000000
33525  -16.327  -44.536  65.495 0.0000000000
111505  -16.247  -44.354  64.813 0.0000000000
33552  -14.900  -44.733  63.435 0.0000000000
32646  -13.283  -45.159  63.444 0.0000000000
105195  -13.048  -44.864  64.468 0.0000000000
120607  -11.035  -44.540  66.949 0.0000000000
32624  -10.868  -44.840  67.110 0.0000000000
31795  -11.236  -46.179  66.950 0.0000000000
31796  -11.942  -45.888  67.420 0.0000000000
30925  -12.064  -46.745  66.899 0.0000000000
106233  -46.774  -29.073  56.810 0.0000000000
47702  -46.604  -27.798  55.851 0.0000000000
42221  -44.110  -34.746  59.517 0.0000000000
111157  -44.620  -33.716  57.411 0.0000000000
44080  -44.923  -32.711  53.480 0.0000000000
108369  -45.015  -31.892  53.385 0.0000000000
44070  -45.203  -32.291  54.150 0.0000000000
44056  -45.682  -32.224  55.821 0.0000000000
112060  -46.482  -29.758  54.795 0.0000000000
107692  -45.999  -29.866  53.941 0.0000000000
106560  -44.756  -26.049  51.046 0.0000000000
48650  -44.739  -26.674  50.549 0.0000000000
49525  -44.078  -26.061  49.681 0.0000000000
50403  -43.285  -26.020  47.792 0.0000000000
113910  -43.987  -28.195  47.940 0.0000000000
121169  -43.576  -27.834  47.348 0.0000000000
48689  -43.051  -27.375  47.102 0.0000000000
48704  -42.662  -27.622  45.845 0.0000000000
48688  -42.514  -27.160  46.521 0.0000000000
49566  -42.876  -26.707  47.070 0.0000000000
49565  -42.543  -26.526  46.206 0.0000000000
50428  -42.719  -26.225  45.702 0.0000000000
113061  -43.070  -25.872  45.778 0.0000000000
111928  -43.147  -26.758  44.212 0.0000000000
49643  -42.521  -27.051  42.650 0.0000000000
108997  -42.881  -27.418  42.104 0.0000000000
48768  -43.339  -28.483  40.820 0.0000000000
47854  -43.113  -28.580  40.144 0.0000000000
118924  -42.267  -31.477  42.104 0.0000000000
46083  -40.916  -30.174  42.104 0.0000000000
46961  -40.324  -29.867  41.766 0.0000000000
46968  -39.957  -29.655  41.237 0.0000000000
46960  -39.880  -29.369  41.076 0.0000000000
47838  -40.256  -28.969  41.474 0.0000000000
47839  -40.258  -28.729  40.965 0.0000000000
107655  -38.779  -28.631  38.815 0.0000000000
48764  -39.502  -28.778  39.538 0.0000000000
48765  -40.410  -28.565  40.219 0.0000000000
48782  -41.213  -28.436  39.492 0.0000000000
122491  -41.606  -28.373  38.664 0.0000000000
47883  -42.443  -28.409  38.681 0.0000000000
32669  -29.218  -45.584  62.944 0.0000000000
32670  -30.091  -45.459  62.986 0.0000000000
32690  -32.586  -45.419  62.122 0.0000000000
32673  -32.643  -45.818  62.936 0.0000000000
33637  -29.540  -45.466  52.219 0.0000000000
32852  -30.017  -45.560  52.941 0.0000000000
124458  -30.721  -45.564  53.317 0.0000000000
32805  -31.770  -45.456  54.651 0.0000000000
32791  -32.374  -45.317  55.382 0.0000000000
112246  -33.606  -45.360  56.455 0.0000000000
112245  -33.228  -45.406  54.739 0.0000000000
32792  -33.381  -45.334  55.597 0.0000000000
106624  -34.461  -45.386  57.529 0.0000000000
35258  -33.711  -42.807  47.921 0.0000000000
36036  -35.168  -41.658  48.825 0.0000000000
125029  -35.017  -42.622  48.533 0.0000000000
34473  -34.725  -43.578  48.949 0.0000000000
33640  -35.251  -44.942  51.511 0.0000000000
36004  -36.730  -41.792  52.532 0.0000000000
35189  -37.369  -42.330  53.229 0.0000000000
34410  -37.232  -43.497  52.970 0.0000000000
34400  -37.606  -43.443  54.456 0.0000000000
34423  -36.955  -43.924  52.173 0.0000000000
118784  -36.831  -44.341  53.019 0.0000000000
114816  -36.233  -44.866  53.249 0.0000000000
32858  -35.610  -44.985  52.716 0.0000000000
121280  -36.205  -45.303  54.853 0.0000000000
112379  -36.304  -45.339  55.700 0.0000000000
32778  -36.508  -45.378  56.500 0.0000000000
32761  -37.949  -45.365  57.709 0.0000000000
124250  -36.676  -45.447  56.991 0.0000000000
32750  -37.405  -45.501  58.417 0.0000000000
105713  -37.304  -45.507  59.502 0.0000000000
31855  -38.723  -46.028  61.577 0.0000000000
31024  -39.003  -47.166  60.752 0.0000000000
31048  -39.362  -47.510  59.844 0.0000000000
115435  -39.805  -47.152  59.622 0.0000000000
31068  -39.634  -47.552  59.134 0.0000000000
30146  -39.048  -48.146  59.261 0.0000000000
31903  -39.238  -46.638  56.510 0.0000000000
31922  -38.738  -47.473  56.414 0.0000000000
31897  -17.932  -46.178  56.961 0.0000000000
31877  -19.041  -47.185  57.994 0.0000000000
31876  -18.204  -46.966  58.260 0.0000000000
31867  -18.046  -46.988  59.117 0.0000000000
123436  -18.545  -47.183  59.562 0.0000000000
110114  -19.212  -47.311  60.546 0.0000000000
47857  -46.743  -28.185  40.493 0.0000000000
47832  -46.873  -28.273  41.974 0.0000000000
48744  -46.478  -28.041  42.729 0.0000000000
48731  -47.019  -27.593  43.299 0.0000000000
49610  -48.417  -26.438  44.738 0.0000000000
49663  -48.588  -26.643  40.348 0.0000000000
49654  -48.968  -27.094  40.967 0.0000000000
48747  -49.081  -27.229  41.744 0.0000000000
49647  -50.389  -26.380  42.610 0.0000000000
49630  -48.911  -27.015  42.682 0.0000000000
50465  -49.013  -25.946  45.206 0.0000000000
114272  -48.560  -25.687  45.578 0.0000000000
50434  -48.991  -24.901  46.094 0.0000000000
109296  -49.328  -24.262  46.538 0.0000000000
51294  -49.644  -23.770  47.038 0.0000000000
52174  -50.194  -23.834  46.915 0.0000000000
52162  -50.010  -23.342  47.697 0.0000000000
53114  -51.510  -22.220  40.001 0.0000000000
52222  -51.955  -22.500  40.478 0.0000000000
52213  -52.462  -23.037  41.212 0.0000000000
53095  -53.900  -22.816  43.025 0.0000000000
52207  -53.406  -23.097  42.458 0.0000000000
51344  -53.170  -24.094  42.805 0.0000000000
51336  -53.388  -24.276  43.552 0.0000000000
51325  -52.893  -24.628  44.940 0.0000000000
122541  -53.774  -24.378  45.972 0.0000000000
51320  -53.043  -24.572  45.775 0.0000000000
51296  -52.867  -24.335  47.237 0.0000000000
59249  -58.559  -15.266  35.558 0.0000000000
60161  -58.775  -14.514  35.114 0.0000000000
60172  -58.345  -14.182  34.447 0.0000000000
60162  -59.438  -14.000  35.688 0.0000000000
61051  -59.803  -13.202  35.549 0.0000000000
61052  -60.501  -12.484  36.426 0.0000000000
62834  -55.307  -11.002  31.921 0.0000000000
62822  -56.450  -10.786  32.753 0.0000000000
107668  -57.589  -11.618  33.458 0.0000000000
63725  -57.545  -9.817  33.089 0.0000000000
62812  -57.492  -10.523  33.272 0.0000000000
61944  -58.414  -12.215  33.597 0.0000000000
61923  -60.117  -12.253  35.445 0.0000000000
61924  -60.722  -11.477  36.357 0.0000000000
62782  -61.389  -11.165  36.749 0.0000000000
106932  -60.627  -10.418  35.026 0.0000000000
62790  -62.155  -10.886  36.487 0.0000000000
64642  -58.169  -9.815  30.924 0.0000000000
64633  -59.949  -9.313  32.611 0.0000000000
64624  -60.301  -9.228  33.014 0.0000000000
65469  -61.264  -8.618  33.194 0.0000000000
64615  -61.576  -8.543  33.919 0.0000000000
66362  -63.863  -6.678  30.703 0.0000000000
66363  -63.986  -6.675  30.993 0.0000000000
31059  -22.384  -48.084  58.544 0.0000000000
31060  -23.080  -48.484  58.598 0.0000000000
31853  -37.471  -46.336  61.973 0.0000000000
31854  -38.061  -46.278  61.920 0.0000000000
31879  -28.738  -46.448  58.121 0.0000000000
31880  -40.260  -46.720  59.444 0.0000000000
31881  -40.948  -45.702  59.258 0.0000000000
31889  -27.757  -47.088  57.371 0.0000000000
31942  -38.530  -46.639  54.388 0.0000000000
31960  -37.928  -46.936  53.053 0.0000000000
32627  -13.040  -44.921  67.034 0.0000000000
32637  -19.254  -45.922  65.497 0.0000000000
32696  -38.214  -45.847  61.804 0.0000000000
32714  -38.744  -45.617  61.343 0.0000000000
32715  -39.463  -45.286  61.136 0.0000000000
32728  -31.680  -45.473  59.380 0.0000000000
32734  -38.254  -45.378  60.409 0.0000000000
32738  -41.560  -44.437  59.469 0.0000000000
32752  -41.538  -44.888  59.233 0.0000000000
32760  -36.820  -45.502  57.603 0.0000000000
32806  -33.932  -45.392  54.166 0.0000000000
32810  -39.372  -45.567  54.812 0.0000000000
32829  -31.226  -45.602  53.939 0.0000000000
32879  -34.511  -45.287  51.569 0.0000000000
33567  -40.309  -44.386  60.544 0.0000000000
33575  -39.521  -44.238  59.121 0.0000000000
33576  -41.621  -43.989  59.207 0.0000000000
33583  -39.744  -43.276  58.957 0.0000000000
33584  -41.770  -44.057  58.337 0.0000000000
33592  -38.686  -44.281  56.965 0.0000000000
33594  -41.611  -43.906  57.654 0.0000000000
33601  -37.559  -44.570  55.557 0.0000000000
33610  -36.175  -45.140  54.075 0.0000000000
33613  -40.361  -43.872  54.982 0.0000000000
33641  -36.449  -44.595  52.350 0.0000000000
33720  -32.465  -44.691  49.345 0.0000000000
33722  -34.287  -44.445  49.454 0.0000000000
34364  -41.100  -43.666  59.575 0.0000000000
34368  -40.075  -43.242  59.230 0.0000000000
34384  -41.275  -43.650  56.878 0.0000000000
34451  -35.745  -43.332  50.158 0.0000000000
34497  -34.292  -43.251  48.337 0.0000000000
35154  -40.810  -43.008  58.412 0.0000000000
35160  -39.716  -42.112  57.982 0.0000000000
35162  -41.058  -42.761  57.656 0.0000000000
35166  -38.089  -41.321  56.690 0.0000000000
35167  -38.323  -41.765  56.955 0.0000000000
35173  -40.833  -42.731  55.378 0.0000000000
35943  -40.181  -41.926  57.812 0.0000000000
35956  -38.309  -41.414  56.972 0.0000000000
35957  -39.756  -41.467  57.445 0.0000000000
35969  -40.845  -42.306  56.572 0.0000000000
35982  -40.772  -42.209  55.174 0.0000000000
36013  -35.515  -41.041  50.680 0.0000000000
36051  -34.199  -41.650  47.937 0.0000000000
36778  -37.931  -40.302  56.153 0.0000000000
36781  -40.064  -41.212  56.927 0.0000000000
36854  -35.308  -39.744  52.253 0.0000000000
36885  -34.329  -40.320  48.514 0.0000000000
37677  -37.806  -39.166  56.510 0.0000000000
37693  -38.977  -39.640  55.672 0.0000000000
37725  -35.269  -39.355  52.751 0.0000000000
38590  -37.762  -38.128  57.150 0.0000000000
38598  -36.023  -38.171  55.887 0.0000000000
38600  -39.204  -38.585  55.661 0.0000000000
38601  -40.094  -38.225  55.257 0.0000000000
38608  -35.670  -38.441  54.385 0.0000000000
38618  -33.825  -37.911  53.072 0.0000000000
38641  -34.679  -38.372  51.282 0.0000000000
39509  -38.405  -36.616  58.199 0.0000000000
39512  -40.958  -36.275  58.142 0.0000000000
39522  -37.248  -36.712  58.077 0.0000000000
39524  -38.683  -37.051  58.090 0.0000000000
39525  -40.447  -37.269  57.588 0.0000000000
39566  -40.867  -37.778  54.852 0.0000000000
39576  -33.833  -37.810  52.785 0.0000000000
39578  -35.081  -37.949  53.057 0.0000000000
39588  -33.905  -37.600  52.587 0.0000000000
39599  -36.764  -38.127  51.682 0.0000000000
39610  -34.362  -37.958  50.004 0.0000000000
39624  -34.298  -38.402  49.002 0.0000000000
39629  -37.365  -38.790  49.693 0.0000000000
40489  -39.051  -36.319  58.340 0.0000000000
40491  -41.154  -35.897  58.300 0.0000000000
40492  -42.581  -36.082  59.002 0.0000000000
40530  -36.599  -36.515  55.985 0.0000000000
40532  -37.741  -35.776  55.508 0.0000000000
40548  -36.917  -36.803  53.759 0.0000000000
40557  -38.765  -37.193  52.719 0.0000000000
41376  -42.928  -35.002  59.394 0.0000000000
41378  -44.428  -35.220  59.599 0.0000000000
41385  -39.590  -36.009  58.335 0.0000000000
41387  -42.505  -35.433  59.152 0.0000000000
41399  -37.983  -36.310  58.094 0.0000000000
41428  -39.291  -35.685  54.711 0.0000000000
41482  -41.553  -36.477  48.997 0.0000000000
42230  -41.868  -34.892  58.561 0.0000000000
42256  -44.129  -34.333  56.666 0.0000000000
42265  -40.687  -34.769  56.664 0.0000000000
42266  -41.491  -34.732  56.108 0.0000000000
42303  -44.057  -34.919  52.656 0.0000000000
42304  -44.571  -34.229  52.239 0.0000000000
42320  -43.515  -35.094  50.623 0.0000000000
42321  -44.149  -34.493  50.558 0.0000000000
42326  -44.353  -34.127  50.015 0.0000000000
43104  -43.829  -34.375  59.127 0.0000000000
45011  -45.134  -30.982  53.191 0.0000000000
46042  -44.157  -30.399  45.701 0.0000000000
46084  -41.825  -30.474  42.355 0.0000000000
46942  -41.579  -29.117  43.713 0.0000000000
47793  -42.311  -28.543  44.490 0.0000000000
47810  -41.697  -28.775  43.895 0.0000000000
47841  -44.591  -28.664  41.396 0.0000000000
47843  -46.369  -28.451  41.318 0.0000000000
47864  -42.039  -28.474  39.221 0.0000000000
47868  -46.267  -28.064  39.815 0.0000000000
48758  -48.397  -27.551  41.308 0.0000000000
48769  -46.899  -27.715  39.849 0.0000000000
49526  -44.556  -26.045  50.496 0.0000000000
49604  -42.181  -26.721  44.310 0.0000000000
49606  -44.369  -26.664  44.920 0.0000000000
49629  -47.457  -27.188  43.848 0.0000000000
49655  -49.593  -26.663  41.398 0.0000000000
49673  -46.987  -26.955  38.830 0.0000000000
49675  -48.238  -26.144  39.721 0.0000000000
49691  -45.756  -26.822  38.176 0.0000000000
50366  -44.847  -25.450  51.547 0.0000000000
50464  -42.334  -26.091  44.871 0.0000000000
50466  -49.541  -25.689  45.010 0.0000000000
50489  -52.163  -25.308  42.874 0.0000000000
50498  -50.595  -25.662  41.407 0.0000000000
50521  -49.104  -25.124  39.681 0.0000000000
51212  -46.893  -24.490  54.653 0.0000000000
51233  -45.402  -23.934  52.414 0.0000000000
51306  -50.466  -24.305  46.308 0.0000000000
51371  -50.231  -23.804  39.578 0.0000000000
51385  -49.423  -24.110  38.725 0.0000000000
51433  -46.451  -24.038  36.688 0.0000000000
52206  -52.829  -23.594  42.060 0.0000000000
52263  -49.628  -23.496  37.879 0.0000000000
53115  -52.182  -22.119  40.319 0.0000000000
53156  -50.251  -23.069  37.902 0.0000000000
53168  -47.264  -22.934  35.863 0.0000000000
53979  -53.753  -21.745  41.693 0.0000000000
54029  -52.523  -22.189  39.490 0.0000000000
54056  -51.581  -21.884  36.140 0.0000000000
54860  -54.669  -21.250  41.126 0.0000000000
54876  -55.337  -20.944  39.692 0.0000000000
54935  -52.335  -20.373  35.538 0.0000000000
55709  -55.401  -19.167  36.791 0.0000000000
56539  -56.975  -18.946  38.086 0.0000000000
56557  -56.414  -18.181  36.870 0.0000000000
56572  -52.676  -18.612  35.260 0.0000000000
56591  -49.818  -18.461  34.665 0.0000000000
56593  -51.436  -18.187  34.779 0.0000000000
57408  -57.867  -17.925  38.023 0.0000000000
57457  -53.287  -17.223  35.087 0.0000000000
60187  -53.215  -14.173  33.056 0.0000000000
61059  -56.978  -13.866  34.149 0.0000000000
61072  -54.748  -13.514  33.494 0.0000000000
61942  -55.852  -12.314  33.374 0.0000000000
62814  -59.314  -11.591  33.641 0.0000000000
63708  -62.086  -10.132  35.787 0.0000000000
63719  -60.688  -9.768  34.426 0.0000000000
63726  -58.663  -9.632  33.427 0.0000000000
63735  -57.095  -10.163  32.484 0.0000000000
64632  -58.825  -9.279  32.651 0.0000000000
65463  -62.714  -8.231  34.403 0.0000000000
65470  -62.227  -7.951  33.545 0.0000000000
65494  -61.981  -8.579  30.626 0.0000000000
66343  -62.980  -7.445  33.624 0.0000000000
66355  -63.436  -7.428  32.187 0.0000000000
67259  -65.076  -6.568  29.967 0.0000000000
105537  -35.727  -37.409  53.881 0.0000000000
105567  -41.139  -35.467  53.962 0.0000000000
105708  -34.866  -45.279  58.105 0.0000000000
105709  -34.033  -45.443  58.099 0.0000000000
106067  -34.747  -45.327  53.009 0.0000000000
106426  -26.806  -47.913  58.206 0.0000000000
106623  -35.196  -45.349  57.282 0.0000000000
106780  -44.491  -33.439  49.785 0.0000000000
106864  -37.222  -45.403  56.905 0.0000000000
107226  -38.756  -35.752  57.779 0.0000000000
107871  -39.799  -45.721  56.440 0.0000000000
108080  -41.885  -36.227  51.927 0.0000000000
108139  -56.924  -12.414  33.797 0.0000000000
109127  -41.981  -27.389  44.336 0.0000000000
109558  -39.656  -37.224  57.890 0.0000000000
109796  -38.970  -42.199  57.448 0.0000000000
109854  -57.749  -15.637  35.147 0.0000000000
110809  -56.730  -16.536  35.525 0.0000000000
112338  -43.250  -34.503  56.308 0.0000000000
113575  -39.521  -45.282  61.459 0.0000000000
114596  -38.169  -40.150  56.258 0.0000000000
114625  -63.825  -7.024  31.600 0.0000000000
114772  -44.753  -33.775  52.768 0.0000000000
114863  -46.166  -22.377  35.478 0.0000000000
115522  -44.799  -33.093  52.792 0.0000000000
115641  -40.443  -41.145  55.044 0.0000000000
116079  -35.864  -44.800  51.847 0.0000000000
116146  -51.231  -16.153  33.824 0.0000000000
116536  -44.816  -24.809  51.337 0.0000000000
118538  -20.646  -47.747  57.844 0.0000000000
119194  -49.577  -22.918  36.768 0.0000000000
119864  -37.818  -48.227  54.273 0.0000000000
120911  -43.893  -27.271  48.511 0.0000000000
120913  -44.926  -30.272  52.740 0.0000000000
121353  -42.229  -27.738  44.635 0.0000000000
121455  -46.945  -25.879  38.100 0.0000000000
122731  -31.979  -45.174  51.385 0.0000000000
123227  -42.487  -34.384  57.796 0.0000000000
123888  -44.995  -24.248  50.971 0.0000000000
124274  -41.575  -36.552  58.116 0.0000000000
124352  -62.877  -7.482  33.505 0.0000000000
124579  -44.748  -32.048  52.311 0.0000000000
124582  -55.239  -20.695  42.691 0.0000000000
124676  -54.395  -21.525  42.653 0.0000000000
124801  -40.794  -42.307  55.981 0.0000000000
124889  -49.797  -22.080  35.661 0.0000000000
124939  -36.043  -42.990  50.595 0.0000000000
125332  -65.358  -7.544  30.141 0.0000000000
126251  -36.426  -38.449  56.400 0.0000000000
126890  -63.028  -7.663  27.942 0.0000000000
127031  -44.661  -24.552  48.242 0.0000000000
127085  -30.788  -45.449  61.279 0.0000000000
127338  -40.663  -36.072  52.941 0.0000000000
