#!ascii label  , from subject freesurfer vox2ras=TkReg
1036
39675  -38.080  -38.551  46.603 0.0000000000
34467  -24.623  -43.816  49.460 0.0000000000
119021  -30.973  -39.826  45.177 0.0000000000
63732  -47.681  -11.128  32.854 0.0000000000
114553  -52.591  -6.841  28.269 0.0000000000
35197  -17.887  -41.778  53.103 0.0000000000
61048  -44.411  -14.014  35.229 0.0000000000
42369  -40.966  -35.071  45.321 0.0000000000
113286  -33.507  -38.318  46.073 0.0000000000
34431  -21.132  -43.437  50.996 0.0000000000
31914  -21.382  -47.498  54.962 0.0000000000
40669  -33.230  -36.527  42.335 0.0000000000
42423  -35.365  -34.194  40.710 0.0000000000
35273  -27.708  -43.396  46.823 0.0000000000
43301  -28.785  -33.395  43.522 0.0000000000
115076  -41.163  -23.198  35.392 0.0000000000
54927  -44.622  -20.094  35.072 0.0000000000
57470  -48.959  -17.168  33.944 0.0000000000
33586  -13.557  -44.251  56.520 0.0000000000
35142  -10.207  -42.990  59.177 0.0000000000
45188  -34.765  -31.180  38.769 0.0000000000
49687  -35.668  -26.854  38.405 0.0000000000
50560  -38.126  -25.713  36.107 0.0000000000
32784  -17.711  -45.388  55.642 0.0000000000
32873  -25.283  -45.844  51.459 0.0000000000
33660  -27.016  -45.527  50.829 0.0000000000
39672  -35.389  -38.043  46.083 0.0000000000
36034  -23.009  -41.593  49.143 0.0000000000
34448  -22.956  -43.881  50.038 0.0000000000
32846  -23.616  -46.069  51.945 0.0000000000
43305  -32.604  -33.591  43.562 0.0000000000
42401  -31.400  -34.598  42.224 0.0000000000
55721  -40.273  -19.501  35.784 0.0000000000
126503  -42.967  -21.260  35.320 0.0000000000
56568  -42.549  -18.463  35.533 0.0000000000
59274  -45.744  -15.454  33.525 0.0000000000
60200  -47.427  -14.217  32.525 0.0000000000
59279  -49.977  -15.898  33.367 0.0000000000
61094  -49.012  -12.603  31.976 0.0000000000
62829  -50.214  -11.791  31.254 0.0000000000
46082  -32.794  -30.318  42.763 0.0000000000
44258  -34.648  -32.493  39.594 0.0000000000
110915  -31.844  -29.046  40.852 0.0000000000
50528  -32.702  -25.675  38.540 0.0000000000
50539  -34.008  -24.513  37.492 0.0000000000
49703  -36.834  -26.264  37.234 0.0000000000
115864  -36.229  -23.474  36.532 0.0000000000
53166  -37.497  -22.266  36.453 0.0000000000
35302  -29.758  -42.432  45.474 0.0000000000
34396  -15.687  -43.076  54.385 0.0000000000
34398  -17.301  -43.477  54.091 0.0000000000
33556  -10.146  -44.766  61.386 0.0000000000
34351  -7.447  -43.766  63.108 0.0000000000
60151  -43.019  -15.096  36.563 0.0000000000
43310  -42.483  -33.401  43.769 0.0000000000
38682  -32.102  -39.362  45.300 0.0000000000
35199  -19.931  -42.560  51.648 0.0000000000
33620  -19.526  -44.561  53.128 0.0000000000
32844  -21.184  -45.357  52.417 0.0000000000
67270  -54.560  -6.364  27.613 0.0000000000
39740  -35.747  -37.735  43.665 0.0000000000
40660  -37.305  -37.015  43.084 0.0000000000
41551  -34.380  -35.736  41.588 0.0000000000
35269  -24.637  -42.196  47.946 0.0000000000
34489  -26.686  -43.972  48.191 0.0000000000
36077  -26.068  -41.289  46.569 0.0000000000
37831  -26.797  -39.491  45.536 0.0000000000
38716  -27.612  -38.513  44.552 0.0000000000
42377  -26.921  -34.358  44.724 0.0000000000
121582  -29.665  -37.004  44.068 0.0000000000
40647  -30.865  -37.224  43.656 0.0000000000
109705  -32.806  -37.770  43.795 0.0000000000
50564  -42.384  -25.675  36.180 0.0000000000
58391  -44.330  -16.643  34.534 0.0000000000
56588  -46.613  -18.709  34.442 0.0000000000
63748  -51.582  -10.277  30.124 0.0000000000
34372  -11.514  -43.133  57.538 0.0000000000
32718  -11.604  -45.298  59.895 0.0000000000
41555  -38.159  -35.731  41.680 0.0000000000
43349  -38.638  -33.587  40.271 0.0000000000
45163  -39.167  -31.299  39.326 0.0000000000
114691  -32.296  -27.987  39.357 0.0000000000
109227  -35.033  -28.779  38.592 0.0000000000
46100  -38.243  -29.807  39.101 0.0000000000
48780  -38.055  -28.577  38.347 0.0000000000
48816  -39.465  -27.659  37.685 0.0000000000
49707  -40.810  -27.066  36.770 0.0000000000
51427  -40.214  -24.557  36.011 0.0000000000
54067  -39.256  -21.250  35.931 0.0000000000
33717  -29.194  -44.515  49.601 0.0000000000
35962  -14.365  -41.672  55.687 0.0000000000
33588  -15.294  -44.765  56.187 0.0000000000
32786  -19.217  -46.152  55.017 0.0000000000
33546  -6.164  -43.961  62.950 0.0000000000
33658  -25.021  -45.232  50.798 0.0000000000
32874  -26.550  -45.642  51.359 0.0000000000
122476  -26.082  -44.686  49.624 0.0000000000
39674  -36.741  -38.919  46.667 0.0000000000
35255  -23.369  -42.564  48.983 0.0000000000
34465  -22.675  -43.150  49.511 0.0000000000
34449  -23.939  -44.107  50.150 0.0000000000
105104  -24.123  -45.024  50.585 0.0000000000
57421  -40.374  -17.465  36.816 0.0000000000
56567  -41.597  -18.535  35.794 0.0000000000
57422  -41.281  -17.215  36.593 0.0000000000
62808  -46.659  -12.207  33.120 0.0000000000
61083  -46.291  -13.375  32.878 0.0000000000
61950  -47.570  -12.518  32.476 0.0000000000
111893  -48.240  -13.755  32.363 0.0000000000
61959  -48.017  -12.003  32.227 0.0000000000
105148  -49.001  -11.437  31.597 0.0000000000
46089  -32.334  -30.330  42.011 0.0000000000
52243  -33.333  -23.290  38.201 0.0000000000
51421  -34.874  -23.922  36.865 0.0000000000
53153  -35.280  -22.556  37.370 0.0000000000
53154  -36.060  -22.344  37.160 0.0000000000
36095  -31.210  -41.592  45.412 0.0000000000
35274  -31.734  -43.046  46.657 0.0000000000
36067  -32.911  -41.915  47.026 0.0000000000
35180  -17.114  -42.824  53.855 0.0000000000
34407  -17.707  -43.047  53.519 0.0000000000
65501  -52.689  -8.117  28.377 0.0000000000
33555  -9.227  -44.395  61.817 0.0000000000
42348  -41.749  -35.580  46.936 0.0000000000
42384  -41.480  -34.449  44.786 0.0000000000
39649  -32.871  -39.201  45.357 0.0000000000
121569  -33.697  -39.071  46.923 0.0000000000
35228  -21.483  -42.295  50.227 0.0000000000
35213  -20.410  -41.965  51.063 0.0000000000
36012  -20.169  -41.283  51.508 0.0000000000
34430  -20.523  -42.961  51.261 0.0000000000
118020  -20.406  -44.173  52.101 0.0000000000
33633  -20.958  -44.599  51.995 0.0000000000
119393  -24.462  -46.715  53.352 0.0000000000
31956  -23.748  -46.645  53.415 0.0000000000
39751  -34.734  -37.400  42.587 0.0000000000
40671  -35.162  -37.214  42.015 0.0000000000
40678  -33.960  -36.464  41.930 0.0000000000
36893  -24.851  -40.943  47.885 0.0000000000
36066  -25.345  -41.337  47.294 0.0000000000
36905  -25.672  -40.361  47.127 0.0000000000
106349  -25.958  -38.801  46.855 0.0000000000
120531  -26.247  -37.532  46.015 0.0000000000
37832  -27.408  -39.361  44.906 0.0000000000
39689  -26.588  -37.232  45.299 0.0000000000
45114  -29.164  -31.619  44.948 0.0000000000
43291  -27.966  -33.407  43.843 0.0000000000
41522  -28.024  -35.557  43.957 0.0000000000
41532  -28.450  -35.016  43.575 0.0000000000
114148  -30.053  -36.950  43.904 0.0000000000
41533  -29.093  -35.303  43.246 0.0000000000
114612  -32.264  -35.335  42.362 0.0000000000
40658  -31.651  -36.980  42.973 0.0000000000
39749  -33.149  -37.198  42.696 0.0000000000
39738  -33.707  -37.635  43.679 0.0000000000
51429  -42.097  -24.849  35.944 0.0000000000
51430  -42.957  -25.071  36.024 0.0000000000
52296  -42.657  -23.298  35.610 0.0000000000
119077  -43.787  -20.437  35.169 0.0000000000
53184  -44.357  -22.384  35.520 0.0000000000
60159  -43.517  -14.752  35.476 0.0000000000
58380  -43.267  -16.341  35.312 0.0000000000
60166  -43.704  -14.998  34.812 0.0000000000
58407  -46.912  -16.285  33.536 0.0000000000
57467  -46.475  -16.809  33.936 0.0000000000
57451  -47.668  -17.754  34.152 0.0000000000
119031  -48.220  -19.122  34.652 0.0000000000
120325  -51.264  -10.863  30.624 0.0000000000
64637  -50.219  -9.519  30.132 0.0000000000
64638  -51.095  -9.551  29.647 0.0000000000
35157  -12.894  -42.385  56.857 0.0000000000
35156  -12.087  -42.737  57.077 0.0000000000
34373  -12.122  -43.575  57.103 0.0000000000
32719  -12.539  -45.428  59.818 0.0000000000
32680  -12.179  -45.512  61.605 0.0000000000
41553  -36.176  -35.767  41.363 0.0000000000
41544  -37.962  -36.335  42.348 0.0000000000
42414  -36.735  -35.061  40.955 0.0000000000
45174  -35.166  -31.986  38.807 0.0000000000
43348  -37.737  -33.783  40.025 0.0000000000
44260  -37.016  -32.540  38.990 0.0000000000
115149  -38.988  -32.706  40.119 0.0000000000
45176  -37.351  -31.624  38.743 0.0000000000
50505  -31.512  -25.828  40.619 0.0000000000
49685  -34.069  -26.643  38.364 0.0000000000
48794  -34.256  -27.586  38.431 0.0000000000
114565  -35.183  -27.851  38.638 0.0000000000
46981  -37.241  -29.334  38.738 0.0000000000
47860  -36.983  -28.661  38.491 0.0000000000
46983  -38.618  -29.495  39.175 0.0000000000
47882  -37.243  -28.236  38.182 0.0000000000
50559  -37.255  -25.603  36.380 0.0000000000
49705  -38.141  -27.000  37.218 0.0000000000
49721  -38.563  -26.497  36.353 0.0000000000
48817  -40.475  -27.695  37.449 0.0000000000
49722  -39.412  -26.610  36.211 0.0000000000
50562  -40.555  -25.537  36.141 0.0000000000
51426  -39.192  -24.345  35.982 0.0000000000
54910  -37.914  -20.955  36.899 0.0000000000
117436  -38.209  -21.804  36.303 0.0000000000
54911  -38.458  -20.606  36.588 0.0000000000
34511  -27.190  -43.851  47.433 0.0000000000
34470  -27.940  -44.180  49.017 0.0000000000
34491  -28.726  -43.944  48.288 0.0000000000
33597  -16.431  -44.473  55.275 0.0000000000
33596  -15.635  -44.238  55.489 0.0000000000
33589  -16.073  -45.040  55.932 0.0000000000
32799  -20.367  -46.215  53.925 0.0000000000
32798  -19.582  -45.830  54.269 0.0000000000
31933  -19.996  -46.576  54.712 0.0000000000
32825  -25.993  -46.339  52.965 0.0000000000
32826  -26.869  -46.161  52.868 0.0000000000
32850  -27.572  -45.900  52.274 0.0000000000
33636  -28.905  -45.441  51.988 0.0000000000
39671  -34.358  -37.842  46.089 0.0000000000
39651  -34.457  -37.893  47.554 0.0000000000
36033  -22.339  -41.485  49.658 0.0000000000
35240  -21.998  -42.789  49.834 0.0000000000
34447  -22.170  -43.514  50.157 0.0000000000
33634  -22.186  -44.966  51.474 0.0000000000
112348  -22.775  -45.029  51.061 0.0000000000
32847  -24.677  -46.299  52.040 0.0000000000
42391  -33.078  -34.167  42.863 0.0000000000
124399  -33.579  -34.638  42.338 0.0000000000
108814  -30.378  -32.115  43.851 0.0000000000
42390  -29.652  -34.422  42.784 0.0000000000
43320  -32.165  -33.669  42.750 0.0000000000
54924  -40.647  -20.784  35.467 0.0000000000
113925  -41.986  -22.017  35.425 0.0000000000
112233  -41.450  -20.588  35.394 0.0000000000
106618  -43.025  -19.911  35.207 0.0000000000
56569  -43.645  -18.629  35.248 0.0000000000
60182  -44.763  -14.801  34.110 0.0000000000
115684  -45.349  -13.640  33.601 0.0000000000
59295  -46.923  -14.984  32.719 0.0000000000
59277  -48.187  -15.791  33.144 0.0000000000
58410  -49.390  -16.532  33.633 0.0000000000
59297  -48.626  -15.156  32.741 0.0000000000
60202  -49.995  -14.452  32.498 0.0000000000
61087  -50.460  -13.624  32.266 0.0000000000
61961  -49.549  -11.884  31.499 0.0000000000
63740  -49.256  -10.509  31.229 0.0000000000
33580  -14.033  -44.994  57.017 0.0000000000
33579  -13.279  -44.610  57.325 0.0000000000
107716  -14.479  -45.706  58.710 0.0000000000
44232  -33.900  -32.361  41.053 0.0000000000
43346  -35.829  -33.650  40.182 0.0000000000
45162  -33.331  -31.683  40.706 0.0000000000
45172  -33.468  -31.293  39.810 0.0000000000
46108  -32.965  -30.292  39.958 0.0000000000
51368  -32.109  -24.384  39.517 0.0000000000
51381  -32.503  -24.228  38.822 0.0000000000
50529  -33.445  -25.023  37.996 0.0000000000
49701  -34.769  -25.878  37.931 0.0000000000
113928  -36.188  -26.612  38.023 0.0000000000
50541  -35.092  -25.423  37.287 0.0000000000
51423  -36.091  -24.440  36.508 0.0000000000
123652  -36.706  -23.966  36.309 0.0000000000
117275  -38.182  -24.100  35.974 0.0000000000
52278  -36.986  -23.218  36.305 0.0000000000
34524  -29.186  -42.829  46.174 0.0000000000
34492  -29.770  -43.948  48.093 0.0000000000
113907  -31.144  -43.718  47.324 0.0000000000
34397  -16.341  -43.129  54.082 0.0000000000
33598  -17.252  -44.720  55.154 0.0000000000
34359  -9.847  -43.931  60.099 0.0000000000
35139  -9.707  -42.641  59.725 0.0000000000
34358  -9.090  -43.450  60.489 0.0000000000
34357  -8.453  -43.070  61.197 0.0000000000
34353  -6.944  -43.216  62.720 0.0000000000
44221  -42.463  -32.118  42.482 0.0000000000
37812  -31.962  -39.636  45.479 0.0000000000
36906  -33.111  -40.800  46.922 0.0000000000
36001  -19.412  -41.327  52.100 0.0000000000
36000  -18.498  -41.719  52.566 0.0000000000
34408  -18.408  -43.345  53.191 0.0000000000
33631  -19.839  -43.994  52.461 0.0000000000
33632  -20.316  -44.909  52.616 0.0000000000
32800  -21.180  -46.500  53.636 0.0000000000
32845  -22.099  -45.601  52.176 0.0000000000
31954  -22.076  -46.502  53.559 0.0000000000
31936  -22.612  -46.843  54.235 0.0000000000
67269  -53.697  -6.288  27.792 0.0000000000
39698  -37.348  -38.435  45.163 0.0000000000
40636  -37.913  -37.544  44.951 0.0000000000
39741  -36.436  -37.492  43.081 0.0000000000
40680  -35.636  -36.583  41.669 0.0000000000
110409  -34.849  -34.814  41.219 0.0000000000
42404  -34.198  -34.125  42.099 0.0000000000
43321  -34.453  -33.398  41.951 0.0000000000
44233  -34.368  -32.872  41.445 0.0000000000
119907  -33.948  -31.152  43.147 0.0000000000
34487  -24.263  -43.129  48.830 0.0000000000
34468  -26.045  -44.036  49.025 0.0000000000
34509  -25.512  -43.311  47.792 0.0000000000
35271  -25.928  -42.977  47.101 0.0000000000
35288  -27.310  -42.628  46.429 0.0000000000
114848  -25.737  -39.387  47.162 0.0000000000
36918  -26.657  -40.931  46.093 0.0000000000
36078  -27.818  -42.032  45.894 0.0000000000
36092  -28.365  -41.512  45.374 0.0000000000
36945  -28.967  -40.355  44.635 0.0000000000
37844  -29.524  -39.517  44.484 0.0000000000
115688  -26.292  -35.057  45.888 0.0000000000
127314  -26.901  -35.710  44.674 0.0000000000
38717  -28.592  -38.113  44.267 0.0000000000
38719  -30.496  -38.503  44.747 0.0000000000
38704  -31.102  -38.290  44.899 0.0000000000
39691  -31.537  -38.161  44.198 0.0000000000
39693  -32.446  -38.032  44.385 0.0000000000
40667  -30.871  -36.388  42.817 0.0000000000
39721  -31.791  -37.660  43.823 0.0000000000
39694  -33.150  -37.980  45.024 0.0000000000
39696  -34.832  -37.770  45.247 0.0000000000
39697  -35.771  -38.057  45.077 0.0000000000
36048  -23.712  -41.581  48.600 0.0000000000
117737  -43.409  -22.673  35.564 0.0000000000
58378  -42.176  -16.906  36.220 0.0000000000
127051  -43.645  -17.552  35.233 0.0000000000
56586  -44.704  -18.070  34.886 0.0000000000
58404  -44.632  -16.064  34.147 0.0000000000
106105  -45.250  -17.712  34.540 0.0000000000
121746  -45.939  -18.978  34.675 0.0000000000
54944  -47.121  -20.256  34.996 0.0000000000
63759  -52.923  -9.920  29.724 0.0000000000
65493  -52.005  -8.570  28.761 0.0000000000
66376  -51.935  -7.166  28.614 0.0000000000
35921  -11.534  -41.943  58.619 0.0000000000
35147  -10.762  -43.167  58.629 0.0000000000
33572  -12.222  -44.589  58.339 0.0000000000
33571  -11.390  -44.321  58.547 0.0000000000
34366  -10.703  -43.877  58.968 0.0000000000
33557  -10.900  -45.055  60.978 0.0000000000
40649  -38.471  -36.411  44.177 0.0000000000
41535  -38.814  -35.898  43.547 0.0000000000
41546  -39.321  -35.184  42.801 0.0000000000
42425  -37.268  -34.444  40.468 0.0000000000
42417  -39.243  -34.595  41.458 0.0000000000
42395  -40.919  -34.683  43.165 0.0000000000
43335  -41.156  -33.697  41.621 0.0000000000
44235  -41.427  -32.809  41.468 0.0000000000
45156  -41.030  -31.543  40.986 0.0000000000
47850  -32.065  -28.749  39.999 0.0000000000
46979  -33.207  -29.706  39.200 0.0000000000
49672  -32.282  -26.494  38.996 0.0000000000
47878  -33.438  -28.266  38.505 0.0000000000
46125  -35.273  -30.316  38.534 0.0000000000
46126  -36.375  -30.005  38.519 0.0000000000
46101  -38.842  -30.289  39.301 0.0000000000
49689  -37.654  -27.593  37.763 0.0000000000
48798  -38.158  -28.188  38.095 0.0000000000
123795  -41.526  -26.892  36.636 0.0000000000
51428  -41.166  -24.724  35.897 0.0000000000
51441  -40.793  -23.860  35.625 0.0000000000
52280  -38.625  -23.328  36.023 0.0000000000
52293  -39.716  -22.812  35.752 0.0000000000
121799  -39.832  -21.589  35.611 0.0000000000
55720  -39.575  -19.765  36.066 0.0000000000
56565  -39.764  -18.969  36.224 0.0000000000
33714  -26.677  -44.668  49.348 0.0000000000
118837  -28.130  -45.126  49.986 0.0000000000
33718  -30.623  -44.477  49.453 0.0000000000
34381  -13.974  -43.537  55.967 0.0000000000
35170  -14.783  -42.399  55.285 0.0000000000
34387  -14.554  -43.130  55.524 0.0000000000
33587  -14.428  -44.496  56.319 0.0000000000
33581  -14.856  -45.319  56.774 0.0000000000
33619  -18.795  -44.201  53.525 0.0000000000
32797  -18.800  -45.469  54.586 0.0000000000
32785  -18.462  -45.762  55.319 0.0000000000
34345  -7.450  -44.493  63.852 0.0000000000
124833  -6.701  -43.762  63.093 0.0000000000
35133  -6.248  -42.411  62.290 0.0000000000
121765  -38.721  -37.823  46.094 0.0000000000
33687  -24.789  -44.587  50.123 0.0000000000
33688  -25.712  -45.008  50.273 0.0000000000
33713  -25.414  -44.333  49.615 0.0000000000
112732  -37.388  -38.706  45.921 0.0000000000
34466  -23.592  -43.447  49.440 0.0000000000
57429  -40.933  -17.979  36.302 0.0000000000
58367  -40.891  -16.879  37.259 0.0000000000
62809  -47.171  -11.630  33.311 0.0000000000
61949  -46.879  -12.774  32.769 0.0000000000
62818  -47.364  -11.909  32.682 0.0000000000
62819  -48.008  -11.296  32.312 0.0000000000
53152  -34.421  -22.734  37.607 0.0000000000
36938  -31.197  -40.682  45.249 0.0000000000
36079  -31.700  -41.983  45.817 0.0000000000
36919  -31.879  -40.954  45.669 0.0000000000
35187  -17.476  -42.305  53.475 0.0000000000
35188  -18.095  -42.480  53.033 0.0000000000
66377  -52.594  -7.430  28.303 0.0000000000
65502  -53.535  -8.330  28.298 0.0000000000
107824  -53.216  -7.691  28.166 0.0000000000
42370  -41.673  -34.851  45.771 0.0000000000
115998  -33.089  -38.817  45.217 0.0000000000
39650  -33.481  -38.912  46.170 0.0000000000
35214  -21.000  -42.592  50.725 0.0000000000
35227  -21.089  -41.838  50.608 0.0000000000
34422  -20.794  -43.803  51.622 0.0000000000
33656  -21.501  -44.306  51.327 0.0000000000
122697  -33.710  -37.001  42.341 0.0000000000
41550  -33.527  -35.627  42.079 0.0000000000
36904  -25.314  -40.458  47.684 0.0000000000
40623  -25.931  -36.408  46.810 0.0000000000
106743  -25.991  -37.404  46.959 0.0000000000
40635  -26.226  -36.687  45.960 0.0000000000
105526  -26.522  -38.065  45.615 0.0000000000
44204  -28.633  -32.639  43.894 0.0000000000
44189  -28.413  -32.028  44.402 0.0000000000
42379  -28.204  -34.196  43.621 0.0000000000
42389  -28.860  -34.253  43.202 0.0000000000
41543  -32.686  -35.922  42.358 0.0000000000
40668  -32.484  -36.756  42.641 0.0000000000
39750  -33.920  -37.409  42.814 0.0000000000
51442  -41.781  -23.876  35.611 0.0000000000
52295  -41.847  -22.885  35.417 0.0000000000
54072  -44.526  -20.998  35.221 0.0000000000
54928  -45.323  -20.554  35.111 0.0000000000
60160  -44.014  -14.286  35.741 0.0000000000
111482  -44.016  -14.416  35.008 0.0000000000
58408  -47.750  -16.417  33.517 0.0000000000
57468  -47.294  -17.007  33.907 0.0000000000
57469  -48.138  -17.128  33.888 0.0000000000
57452  -48.508  -17.822  34.263 0.0000000000
65487  -50.130  -8.620  29.926 0.0000000000
34380  -13.258  -43.563  56.367 0.0000000000
34379  -12.717  -43.198  56.669 0.0000000000
34374  -12.776  -44.002  56.741 0.0000000000
42413  -35.754  -34.962  41.047 0.0000000000
105163  -36.287  -32.098  38.669 0.0000000000
44261  -37.851  -32.389  39.070 0.0000000000
45189  -35.788  -31.141  38.409 0.0000000000
112318  -35.090  -27.053  38.516 0.0000000000
48795  -35.855  -27.494  38.632 0.0000000000
47880  -36.013  -28.343  38.732 0.0000000000
47881  -36.622  -27.936  38.498 0.0000000000
48796  -36.400  -27.283  38.372 0.0000000000
49720  -37.711  -26.381  36.694 0.0000000000
50561  -39.020  -25.755  35.714 0.0000000000
112769  -38.454  -24.999  35.900 0.0000000000
106154  -28.184  -43.785  47.476 0.0000000000
33590  -16.969  -45.063  55.905 0.0000000000
32768  -17.430  -45.695  56.404 0.0000000000
31934  -20.812  -46.948  54.396 0.0000000000
35908  -10.426  -42.103  59.518 0.0000000000
41499  -41.061  -36.068  46.796 0.0000000000
32848  -25.583  -46.274  52.222 0.0000000000
124092  -26.283  -46.149  52.367 0.0000000000
32875  -27.315  -45.659  51.603 0.0000000000
32851  -28.460  -45.820  52.472 0.0000000000
33661  -27.822  -45.459  51.088 0.0000000000
112244  -34.705  -37.848  46.973 0.0000000000
118376  -23.512  -40.722  48.957 0.0000000000
35241  -22.517  -42.323  49.432 0.0000000000
33657  -22.322  -44.333  50.706 0.0000000000
33686  -23.261  -44.663  50.553 0.0000000000
32872  -24.358  -45.749  51.229 0.0000000000
43306  -33.670  -33.986  43.754 0.0000000000
122960  -32.463  -33.245  44.450 0.0000000000
109237  -40.806  -20.036  35.487 0.0000000000
55723  -42.132  -19.354  35.397 0.0000000000
106114  -43.038  -19.062  35.294 0.0000000000
115588  -43.115  -18.531  35.368 0.0000000000
121181  -45.788  -13.254  33.219 0.0000000000
111228  -46.909  -13.563  32.628 0.0000000000
60199  -46.569  -14.161  32.757 0.0000000000
59296  -47.761  -15.092  32.696 0.0000000000
118599  -48.215  -14.525  32.520 0.0000000000
61085  -48.985  -13.381  32.184 0.0000000000
60201  -49.037  -14.336  32.430 0.0000000000
61095  -49.713  -13.001  32.037 0.0000000000
123970  -49.471  -12.383  31.790 0.0000000000
63739  -48.562  -10.876  31.819 0.0000000000
45153  -33.589  -31.766  41.712 0.0000000000
46090  -32.882  -31.115  41.403 0.0000000000
46966  -31.965  -29.659  41.315 0.0000000000
46099  -32.979  -30.997  40.517 0.0000000000
46098  -32.458  -30.404  40.920 0.0000000000
46973  -32.291  -29.619  40.401 0.0000000000
51398  -33.619  -23.986  37.754 0.0000000000
51382  -33.045  -24.141  38.265 0.0000000000
50540  -34.281  -25.249  37.581 0.0000000000
51400  -34.559  -24.601  37.097 0.0000000000
52277  -35.500  -23.724  36.687 0.0000000000
51422  -35.265  -24.585  36.777 0.0000000000
51424  -36.905  -24.726  36.242 0.0000000000
54054  -36.856  -22.002  36.936 0.0000000000
35290  -30.093  -43.005  45.971 0.0000000000
34525  -29.645  -43.331  46.661 0.0000000000
34517  -33.085  -43.529  47.751 0.0000000000
34495  -32.680  -44.071  48.027 0.0000000000
33606  -16.846  -43.907  54.674 0.0000000000
33607  -17.650  -44.312  54.487 0.0000000000
33560  -10.297  -44.593  60.492 0.0000000000
33559  -9.453  -44.231  60.851 0.0000000000
33554  -8.457  -43.851  62.500 0.0000000000
34355  -8.711  -43.728  61.374 0.0000000000
34354  -7.945  -43.287  62.191 0.0000000000
35135  -7.552  -42.546  62.145 0.0000000000
43296  -42.881  -33.526  44.458 0.0000000000
44180  -43.439  -32.814  44.513 0.0000000000
44209  -42.657  -32.580  43.166 0.0000000000
37811  -31.509  -39.009  45.336 0.0000000000
37798  -32.511  -39.725  45.944 0.0000000000
35212  -19.779  -41.825  51.582 0.0000000000
123390  -19.974  -40.824  51.917 0.0000000000
35198  -19.272  -42.187  52.047 0.0000000000
34420  -19.523  -43.095  52.236 0.0000000000
32820  -20.737  -45.787  53.136 0.0000000000
32821  -21.613  -45.987  52.949 0.0000000000
33635  -22.822  -45.515  51.678 0.0000000000
108455  -22.868  -45.869  52.340 0.0000000000
31937  -23.423  -46.872  54.132 0.0000000000
31955  -22.950  -46.468  53.539 0.0000000000
121894  -36.641  -38.317  44.719 0.0000000000
109217  -36.613  -37.983  43.945 0.0000000000
39752  -35.480  -37.483  42.798 0.0000000000
40679  -34.752  -36.571  41.669 0.0000000000
41552  -35.214  -35.760  41.383 0.0000000000
42392  -33.946  -34.027  42.911 0.0000000000
42393  -34.439  -33.538  42.731 0.0000000000
44207  -34.639  -32.236  43.228 0.0000000000
44219  -34.562  -32.632  42.468 0.0000000000
45154  -34.213  -32.301  41.913 0.0000000000
35257  -24.804  -42.863  48.169 0.0000000000
35286  -25.729  -42.157  46.927 0.0000000000
35287  -26.429  -42.393  46.633 0.0000000000
38680  -26.348  -38.821  45.985 0.0000000000
37810  -26.261  -39.517  46.302 0.0000000000
36935  -26.744  -40.260  45.831 0.0000000000
36091  -27.409  -41.084  45.628 0.0000000000
36936  -27.385  -40.164  45.249 0.0000000000
36944  -28.087  -39.952  44.743 0.0000000000
37842  -28.104  -39.222  44.544 0.0000000000
36946  -29.829  -40.263  44.559 0.0000000000
108417  -28.791  -38.970  44.413 0.0000000000
43280  -26.850  -32.869  45.220 0.0000000000
44158  -27.030  -31.990  46.634 0.0000000000
44172  -26.748  -32.731  46.169 0.0000000000
43279  -26.568  -33.581  45.889 0.0000000000
42367  -26.520  -34.387  45.534 0.0000000000
41520  -26.645  -35.262  45.099 0.0000000000
40644  -28.296  -36.324  44.011 0.0000000000
39717  -28.681  -37.107  44.111 0.0000000000
38718  -29.680  -38.492  44.465 0.0000000000
110626  -29.636  -37.563  44.285 0.0000000000
38703  -30.366  -38.104  44.527 0.0000000000
40646  -30.251  -37.052  43.837 0.0000000000
39719  -30.788  -37.447  43.879 0.0000000000
39720  -31.559  -37.834  43.850 0.0000000000
39692  -32.067  -38.287  44.195 0.0000000000
42400  -30.624  -34.516  42.362 0.0000000000
41534  -29.998  -35.693  42.818 0.0000000000
41541  -31.008  -35.460  42.363 0.0000000000
39737  -32.475  -37.418  43.127 0.0000000000
122823  -32.619  -37.943  44.429 0.0000000000
39722  -33.368  -37.806  44.506 0.0000000000
39695  -33.885  -37.809  45.276 0.0000000000
39739  -34.729  -37.582  43.485 0.0000000000
39724  -35.234  -37.737  44.395 0.0000000000
125273  -36.029  -37.977  44.354 0.0000000000
36049  -24.370  -41.541  48.120 0.0000000000
36892  -24.285  -40.609  48.453 0.0000000000
35256  -24.168  -42.340  48.423 0.0000000000
49709  -43.231  -27.201  36.647 0.0000000000
51444  -43.776  -24.499  35.977 0.0000000000
50566  -44.495  -25.780  36.669 0.0000000000
114712  -42.942  -21.845  35.456 0.0000000000
119777  -42.588  -22.545  35.512 0.0000000000
59239  -42.592  -15.422  36.941 0.0000000000
58369  -42.265  -16.027  36.532 0.0000000000
58390  -43.774  -16.494  34.871 0.0000000000
57432  -43.345  -17.152  35.340 0.0000000000
57447  -43.967  -17.171  35.016 0.0000000000
56585  -44.049  -17.919  35.151 0.0000000000
57448  -44.577  -17.358  34.711 0.0000000000
60183  -45.351  -14.566  33.603 0.0000000000
59273  -45.040  -15.403  33.953 0.0000000000
58405  -45.379  -16.062  33.893 0.0000000000
57450  -46.754  -17.718  34.193 0.0000000000
57449  -45.915  -17.261  34.240 0.0000000000
56587  -45.960  -18.174  34.477 0.0000000000
118129  -46.432  -19.559  34.731 0.0000000000
55738  -47.372  -19.229  34.576 0.0000000000
122005  -48.578  -20.138  35.050 0.0000000000
113819  -51.012  -11.608  31.071 0.0000000000
126325  -52.016  -10.735  30.545 0.0000000000
63749  -52.444  -10.354  30.182 0.0000000000
64649  -51.196  -8.693  29.204 0.0000000000
64650  -51.720  -9.212  29.222 0.0000000000
115410  -51.415  -7.941  28.828 0.0000000000
35149  -11.729  -42.331  57.771 0.0000000000
35148  -11.156  -42.759  58.175 0.0000000000
34367  -11.159  -43.565  58.217 0.0000000000
33573  -13.037  -44.867  58.173 0.0000000000
33566  -11.950  -44.934  59.124 0.0000000000
33565  -11.107  -44.735  59.339 0.0000000000
33561  -10.905  -45.024  60.095 0.0000000000
32661  -11.795  -45.333  62.043 0.0000000000
40648  -37.720  -37.051  44.101 0.0000000000
41545  -38.621  -35.744  42.686 0.0000000000
41536  -39.526  -35.424  43.596 0.0000000000
44247  -35.183  -33.154  39.769 0.0000000000
43347  -36.793  -33.761  40.013 0.0000000000
43332  -39.018  -34.124  40.867 0.0000000000
42406  -39.874  -34.656  42.037 0.0000000000
43333  -39.881  -34.116  41.140 0.0000000000
43323  -40.969  -34.353  42.296 0.0000000000
43322  -40.624  -34.123  41.538 0.0000000000
123155  -39.355  -32.023  39.687 0.0000000000
44250  -40.444  -32.676  40.578 0.0000000000
45165  -40.544  -31.931  40.450 0.0000000000
45157  -41.769  -31.919  41.348 0.0000000000
45164  -39.836  -31.375  39.999 0.0000000000
48778  -31.722  -27.041  40.169 0.0000000000
48762  -31.587  -27.343  40.865 0.0000000000
48763  -31.790  -27.773  40.127 0.0000000000
47859  -32.770  -28.797  39.078 0.0000000000
50518  -32.316  -25.029  38.984 0.0000000000
123897  -32.104  -25.769  39.154 0.0000000000
49684  -32.954  -26.603  38.477 0.0000000000
47879  -34.303  -28.451  38.482 0.0000000000
126177  -34.298  -29.171  38.581 0.0000000000
46994  -34.744  -29.653  38.603 0.0000000000
46111  -37.715  -29.692  38.883 0.0000000000
110099  -39.876  -30.537  40.439 0.0000000000
46091  -39.446  -29.974  40.131 0.0000000000
112572  -38.442  -29.077  38.928 0.0000000000
49688  -36.918  -27.044  37.965 0.0000000000
48815  -38.515  -27.640  37.801 0.0000000000
48799  -38.987  -28.015  38.412 0.0000000000
49706  -39.890  -27.233  36.791 0.0000000000
48818  -41.537  -27.528  37.254 0.0000000000
112808  -39.774  -25.190  36.050 0.0000000000
52281  -39.947  -23.635  35.847 0.0000000000
52279  -37.797  -23.191  36.098 0.0000000000
113762  -38.270  -22.468  36.121 0.0000000000
54066  -38.596  -21.242  36.291 0.0000000000
53179  -38.766  -21.854  36.082 0.0000000000
53180  -39.442  -22.045  35.787 0.0000000000
117303  -39.909  -20.967  35.572 0.0000000000
54922  -39.432  -20.496  35.961 0.0000000000
55706  -39.148  -19.327  36.535 0.0000000000
115129  -25.910  -43.803  48.161 0.0000000000
34469  -27.123  -44.228  48.909 0.0000000000
33716  -28.419  -44.689  49.514 0.0000000000
33691  -28.870  -44.952  50.371 0.0000000000
33663  -29.474  -45.229  51.316 0.0000000000
33736  -31.177  -44.270  48.672 0.0000000000
33735  -30.256  -44.166  48.783 0.0000000000
36050  -33.668  -41.235  47.555 0.0000000000
35164  -13.440  -42.744  56.262 0.0000000000
35165  -14.133  -42.567  55.751 0.0000000000
35171  -15.373  -42.387  54.764 0.0000000000
35963  -15.179  -41.432  55.222 0.0000000000
34382  -14.896  -43.904  55.794 0.0000000000
34409  -19.138  -43.672  52.846 0.0000000000
33599  -18.022  -45.120  54.865 0.0000000000
34346  -6.433  -44.088  63.066 0.0000000000
34347  -6.954  -43.936  63.247 0.0000000000
34350  -6.404  -43.596  62.771 0.0000000000
118551  -26.081  -45.922  51.718 0.0000000000
33659  -25.823  -45.463  51.077 0.0000000000
119347  -26.315  -45.371  50.744 0.0000000000
33689  -26.679  -45.163  50.033 0.0000000000
127543  -35.988  -38.795  46.374 0.0000000000
43281  -32.608  -32.917  45.267 0.0000000000
56566  -40.573  -18.740  36.005 0.0000000000
55722  -41.111  -19.336  35.596 0.0000000000
57430  -41.810  -17.745  36.091 0.0000000000
61070  -46.122  -12.717  33.113 0.0000000000
61084  -47.524  -13.269  32.463 0.0000000000
61951  -48.270  -12.785  32.227 0.0000000000
61960  -48.635  -12.044  31.955 0.0000000000
118583  -49.101  -12.051  31.741 0.0000000000
62827  -48.445  -11.528  31.982 0.0000000000
46958  -32.386  -29.636  42.726 0.0000000000
113898  -31.947  -29.461  42.123 0.0000000000
47837  -31.754  -28.871  41.679 0.0000000000
51399  -34.277  -23.708  37.278 0.0000000000
52260  -34.959  -23.208  36.992 0.0000000000
53164  -35.704  -22.958  36.837 0.0000000000
35303  -30.748  -42.460  45.611 0.0000000000
112577  -30.730  -43.056  46.133 0.0000000000
35291  -31.359  -42.780  46.175 0.0000000000
35292  -32.121  -42.355  46.454 0.0000000000
35276  -32.999  -42.853  47.437 0.0000000000
64665  -52.955  -8.858  28.645 0.0000000000
64666  -53.857  -9.134  28.564 0.0000000000
33549  -9.995  -44.788  62.401 0.0000000000
33548  -9.178  -44.174  63.070 0.0000000000
33547  -8.272  -43.978  63.616 0.0000000000
43282  -42.346  -34.213  45.310 0.0000000000
43295  -42.165  -33.907  44.423 0.0000000000
38671  -32.232  -39.132  45.045 0.0000000000
38672  -32.652  -39.472  45.619 0.0000000000
38664  -33.370  -39.230  46.263 0.0000000000
38656  -34.165  -39.125  48.675 0.0000000000
36024  -21.675  -41.435  50.277 0.0000000000
123413  -20.927  -41.129  50.933 0.0000000000
34421  -20.198  -43.410  51.922 0.0000000000
116774  -24.136  -46.459  52.764 0.0000000000
32823  -23.307  -46.159  52.890 0.0000000000
31938  -24.259  -46.943  53.957 0.0000000000
40670  -34.364  -37.092  42.142 0.0000000000
36065  -24.834  -41.693  47.697 0.0000000000
38670  -25.858  -38.195  47.425 0.0000000000
39667  -26.169  -38.183  46.519 0.0000000000
38702  -26.859  -38.702  45.173 0.0000000000
38715  -26.967  -37.860  44.841 0.0000000000
44174  -28.170  -31.641  45.113 0.0000000000
44188  -27.495  -32.309  44.678 0.0000000000
43290  -27.216  -33.334  44.423 0.0000000000
41521  -27.279  -35.161  44.371 0.0000000000
42378  -27.528  -34.233  44.091 0.0000000000
40645  -29.201  -36.584  43.901 0.0000000000
41523  -28.780  -35.865  43.714 0.0000000000
41524  -29.574  -36.432  43.661 0.0000000000
40656  -30.279  -36.728  43.551 0.0000000000
114439  -31.718  -35.183  42.284 0.0000000000
41542  -31.774  -36.053  42.483 0.0000000000
121081  -33.185  -37.532  43.160 0.0000000000
117168  -43.100  -25.827  36.178 0.0000000000
51443  -42.788  -24.197  35.802 0.0000000000
54071  -43.601  -21.283  35.293 0.0000000000
53183  -43.707  -21.976  35.431 0.0000000000
114711  -44.213  -21.673  35.363 0.0000000000
60158  -43.132  -15.028  35.941 0.0000000000
59245  -42.795  -15.532  36.170 0.0000000000
59246  -43.225  -15.488  35.434 0.0000000000
59255  -43.655  -15.780  34.762 0.0000000000
122659  -44.047  -16.064  34.371 0.0000000000
59275  -46.520  -15.583  33.218 0.0000000000
58406  -46.109  -16.128  33.638 0.0000000000
124959  -47.278  -18.391  34.301 0.0000000000
56589  -47.997  -18.489  34.397 0.0000000000
56590  -48.889  -18.614  34.625 0.0000000000
62838  -50.393  -11.065  30.794 0.0000000000
63747  -50.710  -10.286  30.289 0.0000000000
122130  -50.601  -8.899  29.589 0.0000000000
32698  -11.406  -45.323  60.559 0.0000000000
40681  -36.640  -36.475  41.872 0.0000000000
40673  -37.304  -36.647  42.379 0.0000000000
122185  -37.492  -36.216  41.924 0.0000000000
41554  -37.178  -35.753  41.423 0.0000000000
42415  -37.737  -35.113  40.969 0.0000000000
44259  -35.498  -32.644  39.191 0.0000000000
43361  -36.275  -33.084  39.402 0.0000000000
43362  -37.313  -33.166  39.471 0.0000000000
44248  -38.209  -33.021  39.693 0.0000000000
123809  -39.686  -33.316  40.525 0.0000000000
106066  -38.715  -32.202  39.303 0.0000000000
45177  -38.340  -31.356  38.935 0.0000000000
49671  -31.742  -26.314  39.804 0.0000000000
111824  -33.441  -25.955  38.292 0.0000000000
46996  -36.498  -29.073  38.661 0.0000000000
46982  -37.939  -29.294  38.854 0.0000000000
126159  -37.518  -29.001  38.630 0.0000000000
47861  -37.692  -28.708  38.404 0.0000000000
48797  -37.619  -28.216  38.024 0.0000000000
49704  -37.459  -26.832  37.432 0.0000000000
111205  -38.986  -27.183  36.950 0.0000000000
49723  -40.278  -26.502  36.295 0.0000000000
114280  -39.806  -25.939  36.068 0.0000000000
54055  -38.042  -21.402  36.531 0.0000000000
54921  -38.933  -20.719  36.248 0.0000000000
55719  -38.987  -20.091  36.367 0.0000000000
34510  -26.306  -43.677  47.516 0.0000000000
34490  -27.713  -43.940  48.316 0.0000000000
125834  -28.238  -43.996  48.718 0.0000000000
34389  -15.929  -43.715  54.665 0.0000000000
34388  -15.243  -43.303  55.143 0.0000000000
32766  -15.676  -45.594  56.583 0.0000000000
32767  -16.574  -45.636  56.499 0.0000000000
32819  -19.953  -45.390  53.515 0.0000000000
33609  -19.233  -44.981  53.936 0.0000000000
42359  -41.150  -35.485  46.158 0.0000000000
42368  -40.347  -35.302  44.851 0.0000000000
122651  -25.692  -46.600  53.501 0.0000000000
31958  -26.415  -46.541  53.606 0.0000000000
31959  -27.420  -46.607  53.711 0.0000000000
32801  -28.264  -46.432  53.692 0.0000000000
32849  -26.794  -45.897  52.036 0.0000000000
39670  -33.685  -37.951  45.848 0.0000000000
111024  -33.721  -37.968  47.121 0.0000000000
35239  -21.962  -42.079  49.831 0.0000000000
34446  -21.511  -43.106  50.375 0.0000000000
34432  -21.669  -43.780  50.657 0.0000000000
32871  -23.452  -45.433  51.095 0.0000000000
32824  -25.104  -46.532  52.953 0.0000000000
42403  -32.921  -35.021  42.439 0.0000000000
44190  -29.388  -31.992  44.220 0.0000000000
44205  -29.537  -32.575  43.571 0.0000000000
43302  -29.572  -33.363  43.085 0.0000000000
43303  -30.468  -32.566  43.069 0.0000000000
43318  -30.483  -33.396  42.597 0.0000000000
44218  -31.122  -32.735  42.667 0.0000000000
43304  -31.604  -32.965  42.873 0.0000000000
43319  -31.454  -33.551  42.398 0.0000000000
42402  -32.153  -34.439  42.423 0.0000000000
53182  -41.036  -22.339  35.327 0.0000000000
54069  -41.299  -21.398  35.390 0.0000000000
54070  -42.258  -21.156  35.344 0.0000000000
127482  -41.519  -19.906  35.403 0.0000000000
54925  -42.221  -20.278  35.301 0.0000000000
54926  -42.998  -20.737  35.238 0.0000000000
106617  -43.899  -19.478  35.160 0.0000000000
60167  -44.335  -14.593  34.490 0.0000000000
61057  -44.807  -14.095  34.031 0.0000000000
60198  -45.859  -13.927  33.119 0.0000000000
60184  -46.143  -14.793  33.118 0.0000000000
59276  -47.335  -15.699  33.115 0.0000000000
58409  -48.590  -16.504  33.539 0.0000000000
59278  -49.051  -15.847  33.204 0.0000000000
59298  -49.518  -15.172  32.790 0.0000000000
114372  -50.022  -12.402  31.668 0.0000000000
62828  -49.672  -11.210  31.122 0.0000000000
33574  -13.789  -45.271  57.916 0.0000000000
43345  -34.931  -33.578  40.403 0.0000000000
44246  -34.387  -32.918  40.424 0.0000000000
44245  -33.906  -32.123  40.131 0.0000000000
45173  -34.254  -31.751  39.355 0.0000000000
124285  -34.018  -31.096  39.204 0.0000000000
46109  -33.588  -30.504  39.275 0.0000000000
118063  -32.780  -24.836  38.451 0.0000000000
52242  -32.752  -23.413  38.732 0.0000000000
50530  -34.153  -25.846  38.126 0.0000000000
49686  -34.930  -26.421  38.289 0.0000000000
49702  -35.428  -26.233  38.012 0.0000000000
50542  -35.942  -25.838  37.360 0.0000000000
50557  -35.711  -25.192  36.801 0.0000000000
50558  -36.415  -25.377  36.642 0.0000000000
51425  -37.709  -24.870  36.028 0.0000000000
113820  -37.383  -23.987  36.104 0.0000000000
53165  -36.497  -22.665  36.696 0.0000000000
124751  -37.511  -21.612  36.801 0.0000000000
54901  -37.928  -20.563  37.480 0.0000000000
34512  -28.705  -43.273  46.831 0.0000000000
34513  -29.215  -43.710  47.424 0.0000000000
34514  -30.298  -43.644  47.206 0.0000000000
34493  -30.740  -43.920  47.999 0.0000000000
34527  -31.079  -43.418  46.636 0.0000000000
34494  -31.738  -43.958  47.865 0.0000000000
35178  -15.911  -42.548  54.213 0.0000000000
35179  -16.699  -42.114  53.960 0.0000000000
31915  -22.305  -47.439  54.865 0.0000000000
34362  -10.173  -43.659  59.536 0.0000000000
34361  -9.563  -43.171  59.786 0.0000000000
35138  -9.082  -42.789  60.398 0.0000000000
35136  -8.519  -42.442  61.374 0.0000000000
116805  -7.866  -41.851  61.920 0.0000000000
35895  -6.997  -41.708  62.687 0.0000000000
60138  -43.149  -14.817  37.341 0.0000000000
60152  -43.514  -14.620  36.382 0.0000000000
60153  -44.333  -14.184  36.713 0.0000000000
61039  -44.723  -13.897  35.938 0.0000000000
45131  -42.701  -31.651  42.961 0.0000000000
37834  -31.748  -40.117  45.556 0.0000000000
123018  -32.391  -40.325  46.094 0.0000000000
37799  -33.123  -40.115  46.824 0.0000000000
123157  -33.800  -38.504  47.243 0.0000000000
36851  -18.694  -40.813  52.657 0.0000000000
34419  -18.777  -42.753  52.587 0.0000000000
31935  -21.722  -46.921  54.286 0.0000000000
116008  -21.579  -44.979  51.871 0.0000000000
32822  -22.510  -46.037  52.932 0.0000000000
67265  -52.928  -6.282  28.030 0.0000000000
39699  -38.087  -38.135  45.682 0.0000000000
39725  -37.290  -38.035  44.370 0.0000000000
39742  -37.120  -37.700  43.660 0.0000000000
40659  -36.747  -36.997  42.483 0.0000000000
40672  -35.997  -37.146  42.220 0.0000000000
122611  -34.808  -34.049  40.850 0.0000000000
42411  -34.141  -34.907  41.671 0.0000000000
42412  -34.539  -34.185  41.346 0.0000000000
42422  -34.519  -33.536  40.917 0.0000000000
45142  -33.277  -31.047  42.445 0.0000000000
124460  -25.286  -43.914  49.195 0.0000000000
34488  -25.160  -43.602  48.620 0.0000000000
35270  -25.214  -42.411  47.503 0.0000000000
35272  -26.772  -43.304  46.886 0.0000000000
37791  -25.573  -38.846  48.291 0.0000000000
106124  -26.185  -40.260  46.458 0.0000000000
114277  -26.938  -41.756  46.180 0.0000000000
35289  -28.239  -42.753  46.291 0.0000000000
35301  -28.771  -42.248  45.701 0.0000000000
36093  -29.296  -41.684  45.195 0.0000000000
36937  -28.156  -40.728  45.046 0.0000000000
36102  -28.887  -41.076  44.969 0.0000000000
36103  -29.643  -40.970  44.765 0.0000000000
36104  -30.438  -40.536  44.807 0.0000000000
36947  -30.344  -39.730  44.697 0.0000000000
41513  -26.323  -35.813  45.759 0.0000000000
40642  -26.637  -36.262  45.029 0.0000000000
39715  -27.083  -36.991  44.611 0.0000000000
40643  -27.360  -36.123  44.361 0.0000000000
121721  -27.762  -36.827  44.226 0.0000000000
39716  -27.697  -37.576  44.331 0.0000000000
37845  -30.200  -38.990  44.704 0.0000000000
37833  -30.806  -38.949  45.321 0.0000000000
38681  -31.813  -38.820  44.854 0.0000000000
39690  -30.941  -37.741  44.204 0.0000000000
39668  -32.268  -38.785  44.653 0.0000000000
122809  -32.586  -38.469  44.636 0.0000000000
39669  -33.307  -38.179  45.225 0.0000000000
40657  -30.966  -37.047  43.492 0.0000000000
39723  -34.291  -37.685  44.446 0.0000000000
39673  -36.475  -38.625  45.656 0.0000000000
49726  -43.741  -26.420  36.499 0.0000000000
52297  -43.505  -23.579  35.723 0.0000000000
58368  -41.598  -16.470  36.906 0.0000000000
57431  -42.595  -17.620  35.718 0.0000000000
58379  -42.740  -16.195  35.865 0.0000000000
118185  -42.841  -16.863  35.693 0.0000000000
106991  -43.277  -17.978  35.392 0.0000000000
56570  -44.393  -18.709  35.100 0.0000000000
55724  -44.736  -19.343  35.052 0.0000000000
59256  -44.271  -15.393  34.335 0.0000000000
57466  -45.792  -16.566  33.996 0.0000000000
58392  -45.112  -16.775  34.246 0.0000000000
55737  -45.219  -18.677  34.833 0.0000000000
54942  -45.484  -19.662  34.913 0.0000000000
54945  -48.012  -19.817  34.907 0.0000000000
63758  -52.008  -9.832  29.588 0.0000000000
64651  -52.463  -9.340  29.136 0.0000000000
65500  -52.067  -7.838  28.513 0.0000000000
67263  -51.612  -6.426  29.041 0.0000000000
35143  -10.857  -42.436  58.862 0.0000000000
33578  -12.475  -44.301  57.510 0.0000000000
33577  -11.688  -43.965  57.752 0.0000000000
32741  -12.795  -45.136  58.981 0.0000000000
33564  -10.491  -44.381  59.734 0.0000000000
32679  -11.563  -45.383  61.298 0.0000000000
40637  -38.568  -37.070  45.523 0.0000000000
40661  -38.099  -36.469  43.233 0.0000000000
41526  -39.806  -35.486  44.377 0.0000000000
42382  -40.357  -34.991  43.926 0.0000000000
42424  -36.303  -34.324  40.581 0.0000000000
42426  -38.200  -34.398  40.534 0.0000000000
42416  -38.584  -34.885  41.177 0.0000000000
42405  -38.898  -35.011  42.065 0.0000000000
42394  -40.200  -34.928  42.959 0.0000000000
118408  -40.832  -34.843  44.565 0.0000000000
42383  -41.097  -34.457  43.937 0.0000000000
43308  -41.447  -34.083  43.094 0.0000000000
43309  -41.977  -33.307  43.132 0.0000000000
43334  -40.727  -33.370  41.000 0.0000000000
43324  -41.619  -33.333  42.293 0.0000000000
44208  -42.094  -32.676  42.620 0.0000000000
44220  -42.007  -32.318  41.980 0.0000000000
47826  -31.688  -28.186  41.992 0.0000000000
49653  -31.529  -26.824  41.524 0.0000000000
47849  -31.622  -28.233  41.016 0.0000000000
46978  -32.639  -29.450  39.682 0.0000000000
46124  -34.345  -30.460  38.845 0.0000000000
48779  -32.013  -27.169  39.532 0.0000000000
48793  -33.279  -27.415  38.478 0.0000000000
48792  -32.545  -27.311  38.871 0.0000000000
47877  -32.790  -28.003  38.735 0.0000000000
46993  -33.589  -29.087  38.666 0.0000000000
46980  -33.924  -29.804  38.832 0.0000000000
45175  -36.843  -30.883  38.563 0.0000000000
46110  -37.214  -29.994  38.804 0.0000000000
46112  -37.789  -30.400  38.886 0.0000000000
45155  -40.355  -31.202  40.614 0.0000000000
45144  -41.494  -31.073  41.631 0.0000000000
124503  -39.348  -29.593  39.992 0.0000000000
113331  -37.103  -27.763  38.106 0.0000000000
49708  -42.289  -27.082  36.662 0.0000000000
49724  -41.928  -26.330  36.395 0.0000000000
116762  -41.108  -26.308  36.373 0.0000000000
50563  -41.538  -25.561  36.160 0.0000000000
52294  -40.470  -23.011  35.506 0.0000000000
126649  -39.306  -23.338  35.950 0.0000000000
53167  -39.019  -22.629  36.004 0.0000000000
53181  -40.153  -22.220  35.524 0.0000000000
54068  -40.465  -21.543  35.453 0.0000000000
54923  -40.063  -20.242  35.637 0.0000000000
56554  -40.003  -18.171  36.469 0.0000000000
57414  -40.156  -17.199  37.534 0.0000000000
33690  -27.556  -45.300  50.300 0.0000000000
33715  -27.508  -44.883  49.484 0.0000000000
33662  -28.582  -45.316  51.221 0.0000000000
33734  -29.407  -44.187  48.906 0.0000000000
33692  -29.906  -44.769  50.224 0.0000000000
123784  -30.981  -44.742  50.197 0.0000000000
33664  -30.475  -45.145  51.046 0.0000000000
33638  -30.185  -45.383  51.995 0.0000000000
36080  -32.435  -41.333  46.286 0.0000000000
36068  -33.522  -42.105  47.536 0.0000000000
35946  -13.501  -41.877  56.592 0.0000000000
34399  -18.087  -43.818  53.896 0.0000000000
33608  -18.414  -44.695  54.202 0.0000000000
31117  -21.197  -47.775  55.710 0.0000000000
31913  -20.487  -47.258  55.355 0.0000000000
31911  -18.963  -46.286  55.849 0.0000000000
32769  -18.219  -45.921  56.169 0.0000000000
66378  -53.290  -6.999  28.022 0.0000000000
33536  -8.235  -44.276  64.321 0.0000000000
34348  -7.565  -44.069  63.754 0.0000000000
35134  -6.499  -42.516  62.545 0.0000000000
120541  -6.265  -43.150  62.380 0.0000000000
32876  -28.138  -45.595  51.787 0.0000000000
34471  -28.641  -44.277  49.034 0.0000000000
34515  -31.750  -43.495  47.134 0.0000000000
34516  -32.456  -43.538  47.487 0.0000000000
34526  -30.388  -43.331  46.471 0.0000000000
35275  -32.352  -42.914  46.992 0.0000000000
36094  -30.343  -41.573  45.089 0.0000000000
37843  -28.681  -39.638  44.532 0.0000000000
39718  -30.377  -37.314  44.080 0.0000000000
41525  -39.176  -35.891  44.321 0.0000000000
43289  -26.753  -33.702  45.121 0.0000000000
43294  -41.743  -33.909  43.866 0.0000000000
44234  -41.104  -32.360  40.899 0.0000000000
44249  -39.825  -32.340  40.187 0.0000000000
46102  -39.489  -30.604  39.747 0.0000000000
46995  -35.683  -29.327  38.590 0.0000000000
49661  -31.546  -26.589  40.678 0.0000000000
49725  -42.768  -26.465  36.351 0.0000000000
50565  -43.720  -25.426  36.230 0.0000000000
61930  -45.683  -12.860  33.738 0.0000000000
106670  -27.858  -32.689  44.122 0.0000000000
108724  -38.245  -36.800  44.803 0.0000000000
109135  -43.015  -32.896  43.893 0.0000000000
110338  -34.740  -32.989  42.991 0.0000000000
112674  -27.893  -34.857  43.895 0.0000000000
116186  -39.097  -38.071  46.767 0.0000000000
118387  -28.217  -45.255  50.605 0.0000000000
120613  -29.867  -44.384  49.420 0.0000000000
123298  -31.270  -39.392  45.365 0.0000000000
123648  -39.041  -35.513  43.196 0.0000000000
123737  -28.244  -38.692  44.409 0.0000000000
124800  -37.685  -36.644  42.749 0.0000000000
126079  -42.150  -18.105  35.796 0.0000000000
