#!ascii label  , from subject freesurfer vox2ras=TkReg
371
70234  -27.412  -3.714  -16.540 0.0000000000
66824  -24.022  -7.724  -14.054 0.0000000000
66845  -30.447  -8.648  -16.160 0.0000000000
62449  -26.846  -12.073  -13.377 0.0000000000
79277  -32.690  6.988  -14.732 0.0000000000
104999  -33.213  2.803  -13.739 0.0000000000
74592  -25.473  1.342  -17.338 0.0000000000
58857  -25.252  -16.382  -11.917 0.0000000000
65097  -25.046  -9.837  -13.944 0.0000000000
62417  -24.221  -12.164  -11.754 0.0000000000
106431  -32.779  4.296  -14.074 0.0000000000
75423  -29.793  2.941  -15.147 0.0000000000
71939  -22.675  -1.970  -14.642 0.0000000000
73645  -21.206  0.434  -13.266 0.0000000000
71964  -26.019  -1.834  -16.814 0.0000000000
122842  -29.742  -0.849  -15.763 0.0000000000
71078  -30.275  -2.884  -15.735 0.0000000000
69405  -31.152  -4.514  -15.750 0.0000000000
68527  -22.568  -5.316  -13.417 0.0000000000
68558  -24.757  -5.004  -14.914 0.0000000000
68562  -28.617  -5.891  -15.874 0.0000000000
66843  -26.982  -7.661  -15.108 0.0000000000
64234  -28.170  -10.146  -14.201 0.0000000000
62452  -29.255  -12.579  -14.001 0.0000000000
76313  -26.630  4.815  -18.378 0.0000000000
74575  -29.987  1.516  -15.554 0.0000000000
123560  -32.719  0.636  -13.530 0.0000000000
61560  -24.060  -13.601  -10.883 0.0000000000
60682  -26.143  -14.614  -12.657 0.0000000000
113018  -23.947  -10.963  -12.472 0.0000000000
62416  -23.189  -11.723  -11.287 0.0000000000
76276  -30.270  3.161  -14.737 0.0000000000
76291  -28.495  3.917  -16.377 0.0000000000
71076  -25.041  -3.000  -16.242 0.0000000000
71954  -23.931  -1.830  -15.674 0.0000000000
71085  -26.207  -2.447  -16.765 0.0000000000
71087  -27.809  -2.453  -17.134 0.0000000000
125994  -29.133  -3.226  -16.878 0.0000000000
70238  -31.078  -3.506  -15.347 0.0000000000
105634  -29.844  -4.238  -16.445 0.0000000000
67672  -23.292  -6.639  -13.703 0.0000000000
69392  -23.587  -4.639  -14.488 0.0000000000
125659  -24.439  -6.532  -14.378 0.0000000000
67688  -25.877  -6.447  -15.087 0.0000000000
65957  -25.606  -7.951  -14.292 0.0000000000
63330  -26.194  -11.454  -13.510 0.0000000000
65099  -27.151  -9.898  -14.071 0.0000000000
63331  -27.507  -11.468  -13.604 0.0000000000
64222  -29.484  -11.492  -14.415 0.0000000000
62451  -28.656  -12.970  -13.843 0.0000000000
104782  -31.874  5.677  -14.229 0.0000000000
119676  -30.855  6.785  -14.441 0.0000000000
104838  -31.352  7.341  -14.775 0.0000000000
79983  -30.833  7.967  -15.197 0.0000000000
117721  -33.505  6.779  -15.193 0.0000000000
104616  -32.746  3.532  -13.736 0.0000000000
109323  -23.485  0.900  -15.910 0.0000000000
74583  -23.852  1.647  -16.234 0.0000000000
109838  -25.782  2.296  -17.528 0.0000000000
109221  -28.312  2.380  -16.848 0.0000000000
74595  -28.019  1.276  -17.183 0.0000000000
72829  -31.123  -1.135  -14.578 0.0000000000
72812  -30.949  -0.270  -14.355 0.0000000000
73653  -33.133  -0.009  -13.512 0.0000000000
66864  -29.971  -7.587  -15.947 0.0000000000
67707  -31.072  -6.838  -16.161 0.0000000000
59770  -24.469  -15.822  -11.211 0.0000000000
59771  -25.043  -15.412  -11.969 0.0000000000
60663  -25.230  -14.579  -12.258 0.0000000000
59786  -25.783  -15.233  -12.475 0.0000000000
118894  -23.634  -9.125  -13.527 0.0000000000
105511  -24.575  -9.136  -14.024 0.0000000000
64205  -24.066  -10.401  -13.050 0.0000000000
64206  -24.617  -10.970  -13.266 0.0000000000
63316  -25.920  -12.240  -13.265 0.0000000000
104971  -31.910  4.764  -14.146 0.0000000000
104931  -32.783  6.270  -14.497 0.0000000000
76260  -31.952  3.891  -13.834 0.0000000000
122370  -31.765  3.378  -13.852 0.0000000000
75404  -32.024  2.801  -14.014 0.0000000000
71914  -21.257  -1.582  -13.093 0.0000000000
72785  -22.254  -0.742  -14.281 0.0000000000
72824  -23.319  -0.213  -15.454 0.0000000000
72836  -25.843  -0.354  -17.041 0.0000000000
72845  -28.116  -0.344  -17.300 0.0000000000
71971  -27.703  -1.112  -17.376 0.0000000000
127050  -29.571  -1.520  -16.031 0.0000000000
118593  -32.441  -1.799  -13.869 0.0000000000
71069  -32.427  -2.628  -13.964 0.0000000000
58843  -26.382  -17.102  -11.629 0.0000000000
58858  -26.807  -16.464  -11.952 0.0000000000
70200  -22.138  -3.608  -13.494 0.0000000000
70221  -24.325  -3.814  -15.464 0.0000000000
69400  -26.170  -4.299  -15.659 0.0000000000
69402  -28.376  -4.975  -16.302 0.0000000000
67703  -26.886  -5.815  -15.541 0.0000000000
67690  -27.604  -7.214  -15.268 0.0000000000
66844  -28.451  -7.776  -15.326 0.0000000000
65945  -25.687  -8.864  -14.017 0.0000000000
65109  -27.759  -9.352  -14.596 0.0000000000
106258  -29.233  -9.255  -15.295 0.0000000000
64237  -30.696  -11.040  -15.417 0.0000000000
64224  -30.502  -11.346  -14.884 0.0000000000
104823  -33.542  5.883  -14.973 0.0000000000
75452  -28.122  3.392  -17.121 0.0000000000
75440  -29.569  2.435  -15.616 0.0000000000
74558  -31.489  1.813  -13.918 0.0000000000
73689  -29.708  0.633  -15.808 0.0000000000
114577  -31.431  1.057  -13.646 0.0000000000
75406  -33.331  1.808  -13.849 0.0000000000
69403  -29.958  -5.019  -16.453 0.0000000000
68550  -32.271  -6.200  -15.293 0.0000000000
115937  -23.276  -12.947  -10.619 0.0000000000
110916  -24.141  -12.989  -11.322 0.0000000000
62418  -24.996  -13.018  -12.185 0.0000000000
112066  -26.949  -13.471  -13.138 0.0000000000
59788  -27.422  -15.123  -12.908 0.0000000000
60684  -27.776  -14.622  -13.109 0.0000000000
62436  -27.930  -13.379  -13.477 0.0000000000
77150  -28.457  4.349  -16.101 0.0000000000
70233  -26.112  -3.494  -16.278 0.0000000000
70232  -25.847  -2.960  -16.525 0.0000000000
70242  -26.395  -2.953  -16.688 0.0000000000
70243  -27.163  -3.052  -16.828 0.0000000000
70244  -28.297  -3.309  -16.955 0.0000000000
116799  -29.100  -3.799  -16.702 0.0000000000
70235  -28.317  -4.140  -16.590 0.0000000000
66823  -23.365  -7.458  -13.598 0.0000000000
67673  -23.943  -6.963  -14.065 0.0000000000
67686  -23.933  -6.196  -14.167 0.0000000000
66840  -24.593  -7.131  -14.368 0.0000000000
66841  -25.326  -7.202  -14.672 0.0000000000
66825  -24.777  -7.815  -14.249 0.0000000000
63332  -28.854  -12.177  -13.921 0.0000000000
62450  -27.823  -12.514  -13.555 0.0000000000
120118  -31.840  6.653  -14.472 0.0000000000
104986  -32.152  7.307  -14.883 0.0000000000
79280  -32.794  7.622  -15.326 0.0000000000
76278  -33.442  3.596  -14.248 0.0000000000
76261  -33.981  2.873  -14.384 0.0000000000
74569  -24.081  0.846  -16.515 0.0000000000
74568  -23.271  1.660  -15.392 0.0000000000
74584  -24.477  1.881  -16.765 0.0000000000
74591  -25.076  2.140  -17.255 0.0000000000
74593  -26.627  2.113  -17.527 0.0000000000
114402  -26.682  1.199  -17.391 0.0000000000
112639  -32.360  -1.146  -13.609 0.0000000000
72793  -32.698  -0.617  -13.159 0.0000000000
66865  -30.729  -7.842  -16.130 0.0000000000
58011  -25.318  -17.122  -11.684 0.0000000000
58856  -24.695  -16.652  -11.292 0.0000000000
121116  -26.072  -16.036  -12.475 0.0000000000
65083  -23.508  -9.839  -12.932 0.0000000000
65096  -24.242  -9.796  -13.610 0.0000000000
63303  -23.822  -11.466  -11.952 0.0000000000
63314  -24.536  -11.548  -12.583 0.0000000000
63315  -25.242  -11.558  -13.303 0.0000000000
62433  -25.115  -12.304  -12.803 0.0000000000
77135  -31.047  4.398  -14.241 0.0000000000
76277  -30.864  3.623  -14.343 0.0000000000
75425  -31.151  2.894  -14.169 0.0000000000
111870  -21.831  -2.211  -13.512 0.0000000000
71915  -22.068  -1.526  -13.969 0.0000000000
71963  -25.305  -1.547  -16.399 0.0000000000
72825  -23.677  -0.938  -15.455 0.0000000000
120223  -24.992  -0.799  -16.414 0.0000000000
73685  -24.289  -0.131  -16.397 0.0000000000
72835  -25.674  -1.023  -16.692 0.0000000000
72843  -26.573  -0.406  -17.251 0.0000000000
108077  -26.273  -1.221  -17.032 0.0000000000
71077  -29.519  -2.781  -16.559 0.0000000000
71967  -29.256  -2.045  -16.583 0.0000000000
107977  -29.822  -2.094  -15.881 0.0000000000
121336  -31.307  -1.823  -14.687 0.0000000000
71079  -31.106  -2.554  -14.966 0.0000000000
71068  -31.840  -2.196  -14.430 0.0000000000
70222  -31.739  -3.097  -14.558 0.0000000000
108134  -31.753  -4.127  -14.734 0.0000000000
69395  -32.490  -4.579  -14.279 0.0000000000
58002  -25.912  -17.705  -11.391 0.0000000000
58003  -26.824  -17.395  -10.861 0.0000000000
69376  -21.874  -4.459  -13.017 0.0000000000
71041  -21.587  -2.924  -13.215 0.0000000000
69393  -24.194  -4.468  -14.966 0.0000000000
69398  -24.871  -4.236  -15.434 0.0000000000
68559  -25.497  -4.684  -15.270 0.0000000000
68560  -26.832  -4.863  -15.743 0.0000000000
68547  -26.176  -5.354  -15.265 0.0000000000
66842  -26.169  -7.364  -14.872 0.0000000000
67689  -26.772  -6.742  -15.302 0.0000000000
124115  -27.661  -7.892  -15.174 0.0000000000
65098  -26.123  -9.806  -13.872 0.0000000000
105095  -28.354  -8.941  -15.060 0.0000000000
65110  -28.896  -9.768  -14.813 0.0000000000
65111  -30.056  -10.125  -15.476 0.0000000000
64245  -29.507  -10.366  -14.953 0.0000000000
110219  -29.668  -12.014  -14.236 0.0000000000
64223  -30.130  -11.537  -14.748 0.0000000000
63333  -29.880  -11.956  -14.408 0.0000000000
63318  -30.309  -11.954  -14.081 0.0000000000
104615  -32.965  5.246  -14.381 0.0000000000
73644  -20.547  -0.105  -12.858 0.0000000000
77168  -25.764  4.562  -17.964 0.0000000000
76314  -27.421  4.785  -18.166 0.0000000000
76302  -27.932  4.199  -17.333 0.0000000000
76301  -27.628  3.881  -17.619 0.0000000000
74574  -29.108  1.969  -16.167 0.0000000000
74557  -30.754  1.348  -14.495 0.0000000000
72838  -28.699  -0.313  -16.756 0.0000000000
73700  -28.303  0.458  -16.961 0.0000000000
72839  -29.387  -0.189  -16.095 0.0000000000
73652  -32.219  0.038  -13.429 0.0000000000
73674  -31.456  0.240  -13.794 0.0000000000
74541  -31.956  0.879  -13.279 0.0000000000
74542  -32.660  1.307  -13.546 0.0000000000
107125  -33.999  1.312  -14.220 0.0000000000
108118  -29.198  -5.224  -16.287 0.0000000000
68563  -29.776  -5.797  -16.187 0.0000000000
68549  -31.598  -6.374  -15.646 0.0000000000
60643  -23.854  -14.297  -10.488 0.0000000000
61559  -23.225  -13.404  -10.134 0.0000000000
123302  -23.370  -12.967  -10.735 0.0000000000
61575  -25.482  -13.866  -12.555 0.0000000000
62434  -25.859  -13.119  -12.935 0.0000000000
61590  -26.534  -13.978  -12.864 0.0000000000
59772  -27.326  -15.691  -12.393 0.0000000000
61591  -27.514  -14.077  -13.157 0.0000000000
64204  -23.370  -10.419  -12.342 0.0000000000
63302  -23.311  -10.997  -11.785 0.0000000000
110387  -29.667  3.520  -15.155 0.0000000000
112454  -29.101  3.317  -15.732 0.0000000000
71066  -23.384  -2.503  -15.268 0.0000000000
71940  -23.223  -1.539  -15.089 0.0000000000
71075  -24.214  -2.742  -15.823 0.0000000000
71084  -25.570  -2.352  -16.485 0.0000000000
71965  -26.512  -1.901  -16.988 0.0000000000
71086  -26.786  -2.462  -16.919 0.0000000000
70245  -28.841  -2.656  -17.044 0.0000000000
70236  -29.728  -3.488  -16.460 0.0000000000
70237  -30.460  -3.919  -16.095 0.0000000000
67671  -22.712  -6.213  -13.326 0.0000000000
68545  -23.273  -5.112  -14.035 0.0000000000
68528  -23.272  -5.825  -13.865 0.0000000000
106689  -23.954  -5.312  -14.455 0.0000000000
109600  -24.589  -5.863  -14.600 0.0000000000
68546  -25.324  -5.636  -14.967 0.0000000000
67687  -25.033  -6.485  -14.710 0.0000000000
64219  -25.436  -10.694  -13.685 0.0000000000
64220  -26.645  -10.638  -13.748 0.0000000000
64221  -27.593  -10.585  -13.813 0.0000000000
63346  -28.492  -11.038  -13.942 0.0000000000
64235  -29.095  -10.623  -14.540 0.0000000000
104777  -31.309  4.906  -14.248 0.0000000000
77136  -33.659  4.318  -14.745 0.0000000000
75434  -23.062  2.284  -14.750 0.0000000000
75450  -24.302  2.605  -16.415 0.0000000000
75461  -24.823  2.936  -17.033 0.0000000000
75463  -26.134  3.269  -17.776 0.0000000000
75464  -27.564  3.995  -17.667 0.0000000000
106336  -27.353  2.750  -17.546 0.0000000000
75465  -27.886  2.164  -17.291 0.0000000000
74586  -28.542  1.359  -16.617 0.0000000000
72828  -30.458  -0.768  -15.143 0.0000000000
72813  -31.775  -0.657  -13.938 0.0000000000
67705  -29.396  -6.659  -15.672 0.0000000000
67706  -30.347  -6.701  -16.131 0.0000000000
127403  -24.307  -15.028  -11.074 0.0000000000
60662  -24.575  -14.437  -11.452 0.0000000000
61574  -24.785  -13.749  -11.818 0.0000000000
65928  -22.873  -8.754  -13.004 0.0000000000
65942  -23.468  -8.269  -13.557 0.0000000000
65943  -24.196  -8.466  -14.034 0.0000000000
64218  -24.667  -10.377  -13.622 0.0000000000
108860  -32.472  3.191  -13.783 0.0000000000
73646  -21.823  -0.124  -13.844 0.0000000000
72808  -22.979  -0.765  -14.906 0.0000000000
73667  -22.602  -0.017  -14.717 0.0000000000
73684  -23.647  0.227  -16.036 0.0000000000
73698  -24.639  0.433  -16.744 0.0000000000
73699  -25.277  0.481  -17.065 0.0000000000
73704  -27.025  0.473  -17.290 0.0000000000
72844  -27.394  -0.378  -17.353 0.0000000000
117678  -29.107  -1.130  -16.496 0.0000000000
126731  -27.964  -1.705  -17.266 0.0000000000
71956  -30.032  -1.405  -15.596 0.0000000000
71943  -31.835  -1.455  -14.237 0.0000000000
71923  -32.935  -1.257  -12.961 0.0000000000
71049  -33.086  -2.162  -13.378 0.0000000000
65962  -30.899  -9.854  -16.401 0.0000000000
123574  -25.748  -17.320  -11.690 0.0000000000
58012  -25.892  -16.832  -12.087 0.0000000000
114450  -21.296  -2.332  -12.924 0.0000000000
71042  -22.267  -2.846  -13.869 0.0000000000
124434  -22.833  -4.381  -13.958 0.0000000000
70219  -22.787  -3.486  -14.403 0.0000000000
114930  -23.273  -3.234  -15.018 0.0000000000
70231  -23.829  -3.307  -15.485 0.0000000000
107572  -24.972  -3.616  -15.885 0.0000000000
109673  -26.751  -4.001  -16.140 0.0000000000
69401  -27.509  -4.514  -16.227 0.0000000000
68561  -27.589  -5.415  -15.915 0.0000000000
125947  -26.433  -6.093  -15.297 0.0000000000
68548  -27.607  -6.336  -15.559 0.0000000000
67704  -28.493  -6.842  -15.370 0.0000000000
66863  -29.152  -7.337  -15.456 0.0000000000
65976  -29.503  -8.180  -15.727 0.0000000000
65944  -24.921  -8.477  -14.187 0.0000000000
65958  -26.451  -8.203  -14.524 0.0000000000
65108  -26.745  -9.114  -14.378 0.0000000000
65959  -27.422  -8.476  -14.890 0.0000000000
125700  -28.126  -8.324  -15.172 0.0000000000
65960  -28.926  -8.568  -15.383 0.0000000000
65961  -29.899  -9.076  -15.772 0.0000000000
65112  -31.062  -10.720  -16.166 0.0000000000
64236  -29.926  -10.977  -14.983 0.0000000000
77915  -33.969  5.029  -15.264 0.0000000000
77161  -28.164  4.226  -17.129 0.0000000000
76303  -28.456  3.562  -16.568 0.0000000000
75453  -28.780  2.851  -16.320 0.0000000000
75424  -30.455  2.279  -14.868 0.0000000000
75405  -32.645  2.246  -13.525 0.0000000000
73705  -27.820  0.474  -17.295 0.0000000000
73701  -28.966  0.526  -16.348 0.0000000000
114459  -30.565  0.044  -14.916 0.0000000000
73690  -30.404  0.701  -15.212 0.0000000000
110369  -31.960  1.216  -13.708 0.0000000000
75407  -33.911  2.115  -14.229 0.0000000000
108970  -29.152  -4.537  -16.488 0.0000000000
69404  -30.587  -4.809  -16.320 0.0000000000
116866  -30.677  -5.744  -16.316 0.0000000000
68564  -31.142  -5.443  -16.075 0.0000000000
69394  -31.833  -5.283  -15.053 0.0000000000
62411  -23.261  -12.601  -10.950 0.0000000000
62435  -26.879  -12.782  -13.249 0.0000000000
59787  -26.690  -15.318  -12.723 0.0000000000
60683  -27.123  -14.753  -13.044 0.0000000000
69399  -25.546  -3.889  -15.777 0.0000000000
70220  -23.560  -3.901  -14.888 0.0000000000
71065  -22.758  -2.741  -14.641 0.0000000000
71955  -24.774  -2.140  -16.097 0.0000000000
71957  -30.614  -1.801  -15.246 0.0000000000
71966  -27.220  -1.849  -17.179 0.0000000000
72784  -21.584  -0.813  -13.545 0.0000000000
72826  -24.448  -1.089  -15.984 0.0000000000
72827  -30.092  -0.047  -15.514 0.0000000000
72837  -26.910  -1.202  -17.268 0.0000000000
73666  -21.966  0.622  -14.021 0.0000000000
73673  -30.877  0.553  -14.245 0.0000000000
73683  -23.181  0.397  -15.403 0.0000000000
73703  -26.097  0.564  -17.362 0.0000000000
74543  -33.375  0.907  -13.855 0.0000000000
74585  -24.766  1.168  -17.001 0.0000000000
74594  -27.446  1.496  -17.337 0.0000000000
75449  -23.590  2.346  -15.796 0.0000000000
75451  -27.855  3.086  -17.414 0.0000000000
75462  -25.067  3.003  -17.323 0.0000000000
76312  -25.701  4.731  -18.059 0.0000000000
77170  -26.866  4.952  -18.326 0.0000000000
106167  -22.603  -1.301  -14.583 0.0000000000
107997  -28.635  -1.851  -17.048 0.0000000000
110377  -22.292  -2.242  -14.153 0.0000000000
110847  -25.108  -0.225  -16.709 0.0000000000
112165  -26.680  -3.383  -16.507 0.0000000000
115380  -26.097  1.490  -17.502 0.0000000000
119060  -28.423  -1.081  -17.165 0.0000000000
119978  -23.852  -0.382  -15.917 0.0000000000
120093  -29.275  1.208  -16.086 0.0000000000
125307  -24.487  -3.317  -15.801 0.0000000000
125846  -25.532  -3.370  -16.182 0.0000000000
126016  -31.088  -6.053  -16.219 0.0000000000
126811  -28.117  1.781  -17.069 0.0000000000
