#!ascii label  , from subject freesurfer vox2ras=TkReg
921
110916  -24.141  -12.989  -11.322 0.5555555820
62418  -24.996  -13.018  -12.185 0.6666666865
63315  -25.242  -11.558  -13.303 0.7777777910
63330  -26.194  -11.454  -13.510 0.7777777910
65097  -25.046  -9.837  -13.944 0.8888888955
64234  -28.170  -10.146  -14.201 0.8888888955
123302  -23.370  -12.967  -10.735 0.5555555820
62411  -23.261  -12.601  -10.950 0.5555555820
63303  -23.822  -11.466  -11.952 0.6666666865
113018  -23.947  -10.963  -12.472 0.8888888955
65098  -26.123  -9.806  -13.872 0.8888888955
65108  -26.745  -9.114  -14.378 1.0000000000
65109  -27.759  -9.352  -14.596 0.8888888955
125700  -28.126  -8.324  -15.172 1.0000000000
63302  -23.311  -10.997  -11.785 0.7777777910
65096  -24.242  -9.796  -13.610 1.0000000000
65942  -23.468  -8.269  -13.557 1.0000000000
105511  -24.575  -9.136  -14.024 1.0000000000
65957  -25.606  -7.951  -14.292 1.0000000000
65943  -24.196  -8.466  -14.034 1.0000000000
66842  -26.169  -7.364  -14.872 1.0000000000
66841  -25.326  -7.202  -14.672 1.0000000000
66844  -28.451  -7.776  -15.326 1.0000000000
67688  -25.877  -6.447  -15.087 1.0000000000
67689  -26.772  -6.742  -15.302 1.0000000000
67704  -28.493  -6.842  -15.370 1.0000000000
68562  -28.617  -5.891  -15.874 1.0000000000
66823  -23.365  -7.458  -13.598 0.8888888955
66824  -24.022  -7.724  -14.054 1.0000000000
67687  -25.033  -6.485  -14.710 1.0000000000
67686  -23.933  -6.196  -14.167 1.0000000000
109600  -24.589  -5.863  -14.600 1.0000000000
68547  -26.176  -5.354  -15.265 1.0000000000
67703  -26.886  -5.815  -15.541 1.0000000000
68561  -27.589  -5.415  -15.915 1.0000000000
108118  -29.198  -5.224  -16.287 1.0000000000
68563  -29.776  -5.797  -16.187 0.8888888955
69403  -29.958  -5.019  -16.453 0.7777777910
68564  -31.142  -5.443  -16.075 0.7777777910
68527  -22.568  -5.316  -13.417 0.5555555820
71042  -22.267  -2.846  -13.869 0.7777777910
124434  -22.833  -4.381  -13.958 0.8888888955
69393  -24.194  -4.468  -14.966 1.0000000000
68558  -24.757  -5.004  -14.914 1.0000000000
70221  -24.325  -3.814  -15.464 0.8888888955
69398  -24.871  -4.236  -15.434 1.0000000000
69400  -26.170  -4.299  -15.659 1.0000000000
69401  -27.509  -4.514  -16.227 1.0000000000
108970  -29.152  -4.537  -16.488 0.8888888955
70235  -28.317  -4.140  -16.590 1.0000000000
105634  -29.844  -4.238  -16.445 0.8888888955
108134  -31.753  -4.127  -14.734 0.7777777910
69395  -32.490  -4.579  -14.279 0.6666666865
71898  -20.733  -2.138  -12.367 0.4444444478
114450  -21.296  -2.332  -12.924 0.7777777910
71914  -21.257  -1.582  -13.093 0.6666666865
71940  -23.223  -1.539  -15.089 0.7777777910
71066  -23.384  -2.503  -15.268 0.8888888955
71076  -25.041  -3.000  -16.242 0.8888888955
109673  -26.751  -4.001  -16.140 1.0000000000
70232  -25.847  -2.960  -16.525 1.0000000000
70242  -26.395  -2.953  -16.688 1.0000000000
70244  -28.297  -3.309  -16.955 1.0000000000
125994  -29.133  -3.226  -16.878 0.8888888955
70236  -29.728  -3.488  -16.460 0.7777777910
70238  -31.078  -3.506  -15.347 0.7777777910
70224  -33.094  -4.097  -13.577 0.5555555820
70222  -31.739  -3.097  -14.558 0.7777777910
70223  -32.409  -3.612  -14.023 0.6666666865
73646  -21.823  -0.124  -13.844 0.6666666865
72783  -20.620  -0.797  -13.018 0.6666666865
72808  -22.979  -0.765  -14.906 0.7777777910
71954  -23.931  -1.830  -15.674 0.8888888955
71084  -25.570  -2.352  -16.485 0.8888888955
71963  -25.305  -1.547  -16.399 1.0000000000
71964  -26.019  -1.834  -16.814 1.0000000000
71086  -26.786  -2.462  -16.919 1.0000000000
70243  -27.163  -3.052  -16.828 0.8888888955
71077  -29.519  -2.781  -16.559 0.8888888955
71078  -30.275  -2.884  -15.735 0.8888888955
71967  -29.256  -2.045  -16.583 0.8888888955
107977  -29.822  -2.094  -15.881 0.7777777910
71079  -31.106  -2.554  -14.966 0.7777777910
71069  -32.427  -2.628  -13.964 0.7777777910
70206  -33.117  -3.102  -13.483 0.6666666865
73645  -21.206  0.434  -13.266 0.6666666865
73644  -20.547  -0.105  -12.858 0.5555555820
73667  -22.602  -0.017  -14.717 0.7777777910
72824  -23.319  -0.213  -15.454 0.8888888955
120223  -24.992  -0.799  -16.414 0.8888888955
72835  -25.674  -1.023  -16.692 1.0000000000
126731  -27.964  -1.705  -17.266 1.0000000000
71087  -27.809  -2.453  -17.134 0.8888888955
121336  -31.307  -1.823  -14.687 0.7777777910
71943  -31.835  -1.455  -14.237 0.7777777910
71049  -33.086  -2.162  -13.378 0.6666666865
71924  -33.655  -1.538  -13.016 0.5555555820
71050  -33.977  -2.538  -13.159 0.5555555820
107006  -22.712  0.785  -14.766 0.7777777910
122238  -23.119  0.977  -15.262 0.6666666865
73684  -23.647  0.227  -16.036 0.8888888955
72836  -25.843  -0.354  -17.041 1.0000000000
72843  -26.573  -0.406  -17.251 1.0000000000
117678  -29.107  -1.130  -16.496 0.8888888955
127050  -29.571  -1.520  -16.031 0.8888888955
122842  -29.742  -0.849  -15.763 0.8888888955
72829  -31.123  -1.135  -14.578 0.7777777910
72793  -32.698  -0.617  -13.159 0.7777777910
112639  -32.360  -1.146  -13.609 0.7777777910
72812  -30.949  -0.270  -14.355 0.7777777910
72794  -33.383  -0.902  -13.226 0.5555555820
72795  -34.235  -0.885  -13.197 0.5555555820
73653  -33.133  -0.009  -13.512 0.6666666865
77128  -22.519  3.048  -13.955 0.4444444478
74567  -22.981  1.694  -14.716 0.5555555820
74584  -24.477  1.881  -16.765 0.7777777910
73699  -25.277  0.481  -17.065 1.0000000000
74569  -24.081  0.846  -16.515 0.8888888955
73704  -27.025  0.473  -17.290 1.0000000000
72845  -28.116  -0.344  -17.300 0.8888888955
73700  -28.303  0.458  -16.961 0.8888888955
72838  -28.699  -0.313  -16.756 0.8888888955
72839  -29.387  -0.189  -16.095 0.8888888955
73652  -32.219  0.038  -13.429 0.6666666865
115570  -33.936  -0.289  -13.453 0.5555555820
76313  -26.630  4.815  -18.378 0.6666666865
75461  -24.823  2.936  -17.033 0.6666666865
106336  -27.353  2.750  -17.546 0.7777777910
74595  -28.019  1.276  -17.183 0.8888888955
75465  -27.886  2.164  -17.291 0.7777777910
74586  -28.542  1.359  -16.617 0.7777777910
73701  -28.966  0.526  -16.348 0.8888888955
74575  -29.987  1.516  -15.554 0.7777777910
73689  -29.708  0.633  -15.808 0.8888888955
73690  -30.404  0.701  -15.212 0.7777777910
73674  -31.456  0.240  -13.794 0.6666666865
74558  -31.489  1.813  -13.918 0.6666666865
74542  -32.660  1.307  -13.546 0.6666666865
74541  -31.956  0.879  -13.279 0.6666666865
75405  -32.645  2.246  -13.525 0.6666666865
75406  -33.331  1.808  -13.849 0.5555555820
107125  -33.999  1.312  -14.220 0.5555555820
73654  -34.154  0.459  -13.933 0.4444444478
77935  -28.323  4.446  -16.338 0.3333333433
77934  -28.056  4.253  -17.239 0.3333333433
76302  -27.932  4.199  -17.333 0.5555555820
76301  -27.628  3.881  -17.619 0.6666666865
76303  -28.456  3.562  -16.568 0.5555555820
75452  -28.122  3.392  -17.121 0.7777777910
74574  -29.108  1.969  -16.167 0.7777777910
75440  -29.569  2.435  -15.616 0.6666666865
75404  -32.024  2.801  -14.014 0.6666666865
104999  -33.213  2.803  -13.739 0.6666666865
75407  -33.911  2.115  -14.229 0.5555555820
76261  -33.981  2.873  -14.384 0.5555555820
104966  -28.731  4.229  -15.696 0.4444444478
104858  -27.835  3.986  -14.846 0.4444444478
77150  -28.457  4.349  -16.101 0.4444444478
104948  -29.087  3.897  -15.458 0.5555555820
76291  -28.495  3.917  -16.377 0.5555555820
112454  -29.101  3.317  -15.732 0.6666666865
75423  -29.793  2.941  -15.147 0.6666666865
75424  -30.455  2.279  -14.868 0.6666666865
108860  -32.472  3.191  -13.783 0.6666666865
76278  -33.442  3.596  -14.248 0.6666666865
76279  -34.194  3.474  -14.918 0.5555555820
77133  -29.671  3.623  -15.120 0.4444444478
76276  -30.270  3.161  -14.737 0.6666666865
75425  -31.151  2.894  -14.169 0.6666666865
104616  -32.746  3.532  -13.736 0.6666666865
64219  -25.436  -10.694  -13.685 0.8888888955
64205  -24.066  -10.401  -13.050 1.0000000000
65945  -25.687  -8.864  -14.017 1.0000000000
65959  -27.422  -8.476  -14.890 1.0000000000
111822  -20.257  -1.360  -12.427 0.5555555820
70245  -28.841  -2.656  -17.044 0.8888888955
74534  -21.390  1.229  -13.388 0.5555555820
76287  -23.288  2.968  -15.078 0.5555555820
109323  -23.485  0.900  -15.910 0.7777777910
72828  -30.458  -0.768  -15.143 0.8888888955
77130  -23.247  3.411  -14.714 0.2222222239
123560  -32.719  0.636  -13.530 0.6666666865
74543  -33.375  0.907  -13.855 0.4444444478
110387  -29.667  3.520  -15.155 0.6666666865
76277  -30.864  3.623  -14.343 0.6666666865
72764  -19.939  -0.644  -12.426 0.4444444478
118307  -20.603  0.559  -12.718 0.4444444478
76292  -34.576  2.833  -15.924 0.5555555820
117762  -34.452  2.758  -15.036 0.5555555820
104807  -28.475  3.944  -14.820 0.2222222239
119625  -29.308  3.920  -15.560 0.3333333433
77137  -34.441  3.874  -15.895 0.5555555820
60662  -24.575  -14.437  -11.452 0.5555555820
60663  -25.230  -14.579  -12.258 0.5555555820
62433  -25.115  -12.304  -12.803 0.5555555820
62434  -25.859  -13.119  -12.935 0.5555555820
63331  -27.507  -11.468  -13.604 0.7777777910
63346  -28.492  -11.038  -13.942 0.8888888955
60643  -23.854  -14.297  -10.488 0.5555555820
63316  -25.920  -12.240  -13.265 0.6666666865
65110  -28.896  -9.768  -14.813 0.7777777910
65960  -28.926  -8.568  -15.383 0.8888888955
110030  -23.079  -13.852  -10.066 0.4444444478
62410  -23.266  -12.324  -10.979 0.5555555820
126718  -23.188  -11.160  -11.432 0.2222222239
64204  -23.370  -10.419  -12.342 0.6666666865
66864  -29.971  -7.587  -15.947 0.8888888955
67706  -30.347  -6.701  -16.131 0.6666666865
116866  -30.677  -5.744  -16.316 0.7777777910
68549  -31.598  -6.374  -15.646 0.6666666865
65928  -22.873  -8.754  -13.004 0.5555555820
68550  -32.271  -6.200  -15.293 0.6666666865
67661  -22.503  -6.512  -12.859 0.4444444478
109355  -32.748  -5.528  -14.803 0.5555555820
69377  -33.884  -4.456  -13.757 0.5555555820
70178  -20.915  -3.376  -12.304 0.2222222239
105306  -19.698  -1.219  -11.589 0.4444444478
71051  -34.577  -3.210  -13.356 0.5555555820
74487  -19.611  1.791  -10.224 0.3333333433
71925  -35.061  -2.500  -13.284 0.5555555820
75417  -21.973  2.289  -14.176 0.4444444478
105837  -35.153  -0.905  -13.545 0.4444444478
77117  -22.229  2.544  -13.926 0.3333333433
108255  -34.700  -0.215  -13.746 0.5555555820
77148  -26.812  4.562  -17.294 0.3333333433
77159  -26.931  4.253  -17.880 0.3333333433
77169  -26.357  4.883  -18.313 0.4444444478
74559  -34.490  1.528  -14.659 0.4444444478
75426  -34.432  2.126  -14.838 0.4444444478
104908  -29.518  3.657  -14.784 0.3333333433
112940  -30.054  3.578  -14.841 0.6666666865
122370  -31.765  3.378  -13.852 0.6666666865
106431  -32.779  4.296  -14.074 0.6666666865
77136  -33.659  4.318  -14.745 0.6666666865
62417  -24.221  -12.164  -11.754 0.6666666865
61560  -24.060  -13.601  -10.883 0.5555555820
61574  -24.785  -13.749  -11.818 0.6666666865
63314  -24.536  -11.548  -12.583 0.7777777910
64206  -24.617  -10.970  -13.266 0.8888888955
64218  -24.667  -10.377  -13.622 1.0000000000
65099  -27.151  -9.898  -14.071 0.8888888955
64221  -27.593  -10.585  -13.813 0.8888888955
61559  -23.225  -13.404  -10.134 0.4444444478
115937  -23.276  -12.947  -10.619 0.5555555820
62416  -23.189  -11.723  -11.287 0.6666666865
64220  -26.645  -10.638  -13.748 0.8888888955
65958  -26.451  -8.203  -14.524 1.0000000000
105095  -28.354  -8.941  -15.060 1.0000000000
124115  -27.661  -7.892  -15.174 1.0000000000
65083  -23.508  -9.839  -12.932 0.8888888955
118894  -23.634  -9.125  -13.527 0.8888888955
65944  -24.921  -8.477  -14.187 1.0000000000
66825  -24.777  -7.815  -14.249 1.0000000000
66843  -26.982  -7.661  -15.108 1.0000000000
66840  -24.593  -7.131  -14.368 1.0000000000
125659  -24.439  -6.532  -14.378 1.0000000000
67690  -27.604  -7.214  -15.268 1.0000000000
66863  -29.152  -7.337  -15.456 0.8888888955
125947  -26.433  -6.093  -15.297 1.0000000000
68546  -25.324  -5.636  -14.967 1.0000000000
68548  -27.607  -6.336  -15.559 1.0000000000
67705  -29.396  -6.659  -15.672 0.8888888955
67672  -23.292  -6.639  -13.703 1.0000000000
67671  -22.712  -6.213  -13.326 0.5555555820
66810  -22.821  -7.939  -13.014 0.6666666865
67673  -23.943  -6.963  -14.065 1.0000000000
66822  -22.752  -7.055  -13.031 0.5555555820
106689  -23.954  -5.312  -14.455 1.0000000000
68528  -23.272  -5.825  -13.865 0.8888888955
68559  -25.497  -4.684  -15.270 1.0000000000
68560  -26.832  -4.863  -15.743 1.0000000000
69402  -28.376  -4.975  -16.302 1.0000000000
69404  -30.587  -4.809  -16.320 0.8888888955
69394  -31.833  -5.283  -15.053 0.6666666865
69356  -22.093  -5.087  -12.840 0.5555555820
68511  -22.363  -5.820  -13.028 0.5555555820
69376  -21.874  -4.459  -13.017 0.6666666865
70200  -22.138  -3.608  -13.494 0.6666666865
68545  -23.273  -5.112  -14.035 0.7777777910
111870  -21.831  -2.211  -13.512 0.6666666865
71939  -22.675  -1.970  -14.642 0.8888888955
70219  -22.787  -3.486  -14.403 0.8888888955
114930  -23.273  -3.234  -15.018 0.8888888955
69392  -23.587  -4.639  -14.488 0.8888888955
70231  -23.829  -3.307  -15.485 0.8888888955
107572  -24.972  -3.616  -15.885 1.0000000000
70234  -27.412  -3.714  -16.540 1.0000000000
116799  -29.100  -3.799  -16.702 0.8888888955
70237  -30.460  -3.919  -16.095 0.8888888955
69405  -31.152  -4.514  -15.750 0.7777777910
69396  -33.312  -4.895  -14.190 0.5555555820
71008  -19.809  -1.852  -11.364 0.3333333433
71021  -20.465  -2.545  -11.839 0.3333333433
71022  -20.991  -2.879  -12.529 0.4444444478
71041  -21.587  -2.924  -13.215 0.6666666865
72785  -22.254  -0.742  -14.281 0.6666666865
71915  -22.068  -1.526  -13.969 0.7777777910
71075  -24.214  -2.742  -15.823 0.8888888955
70233  -26.112  -3.494  -16.278 1.0000000000
71085  -26.207  -2.447  -16.765 1.0000000000
70207  -33.838  -3.579  -13.371 0.5555555820
72825  -23.677  -0.938  -15.455 0.8888888955
71965  -26.512  -1.901  -16.988 1.0000000000
118593  -32.441  -1.799  -13.869 0.7777777910
71068  -31.840  -2.196  -14.430 0.7777777910
73624  -20.047  0.205  -12.164 0.4444444478
73685  -24.289  -0.131  -16.397 0.8888888955
108077  -26.273  -1.221  -17.032 1.0000000000
71971  -27.703  -1.112  -17.376 0.8888888955
71923  -32.935  -1.257  -12.961 0.6666666865
121785  -34.612  -1.660  -13.142 0.5555555820
74552  -22.155  1.553  -14.186 0.5555555820
74568  -23.271  1.660  -15.392 0.6666666865
73698  -24.639  0.433  -16.744 0.8888888955
72844  -27.394  -0.378  -17.353 1.0000000000
71956  -30.032  -1.405  -15.596 0.8888888955
72813  -31.775  -0.657  -13.938 0.8888888955
114459  -30.565  0.044  -14.916 0.8888888955
75434  -23.062  2.284  -14.750 0.5555555820
74583  -23.852  1.647  -16.234 0.5555555820
74592  -25.473  1.342  -17.338 1.0000000000
74591  -25.076  2.140  -17.255 0.7777777910
73705  -27.820  0.474  -17.295 0.8888888955
114402  -26.682  1.199  -17.391 0.7777777910
73655  -34.993  0.351  -14.285 0.5555555820
77168  -25.764  4.562  -17.964 0.5555555820
76311  -25.265  3.870  -17.712 0.5555555820
76314  -27.421  4.785  -18.166 0.4444444478
75463  -26.134  3.269  -17.776 0.6666666865
75464  -27.564  3.995  -17.667 0.6666666865
109838  -25.782  2.296  -17.528 0.7777777910
75450  -24.302  2.605  -16.415 0.7777777910
76300  -24.595  3.517  -16.937 0.6666666865
109221  -28.312  2.380  -16.848 0.7777777910
74593  -26.627  2.113  -17.527 0.7777777910
74557  -30.754  1.348  -14.495 0.6666666865
114577  -31.431  1.057  -13.646 0.6666666865
110369  -31.960  1.216  -13.708 0.6666666865
74544  -34.698  0.908  -14.546 0.4444444478
77160  -27.551  4.727  -18.002 0.4444444478
77161  -28.164  4.226  -17.129 0.5555555820
75453  -28.780  2.851  -16.320 0.7777777910
75378  -20.695  1.710  -12.579 0.4444444478
77145  -24.175  2.944  -15.505 0.3333333433
72746  -19.509  -0.511  -11.169 0.4444444478
74498  -19.987  0.773  -11.687 0.4444444478
75441  -34.688  2.037  -15.900 0.3333333433
60642  -23.137  -14.417  -9.866 0.4444444478
59754  -23.587  -15.182  -10.278 0.5555555820
65976  -29.503  -8.180  -15.727 0.7777777910
67707  -31.072  -6.838  -16.161 0.6666666865
108922  -23.030  -9.364  -12.813 0.7777777910
70179  -21.414  -3.590  -12.756 0.3333333433
121742  -21.355  -4.049  -12.482 0.3333333433
69355  -21.701  -4.518  -12.564 0.1111111119
118296  -20.404  -3.096  -10.649 0.1111111119
73608  -19.484  0.200  -11.074 0.4444444478
76227  -20.165  1.696  -11.276 0.3333333433
75398  -20.980  2.086  -13.204 0.3333333433
77147  -25.929  4.026  -17.913 0.3333333433
77915  -33.969  5.029  -15.264 0.6666666865
60664  -27.920  -15.042  -12.752 0.4444444478
60666  -29.249  -14.177  -11.365 0.2222222239
59771  -25.043  -15.412  -11.969 0.4444444478
59786  -25.783  -15.233  -12.475 0.4444444478
60682  -26.143  -14.614  -12.657 0.4444444478
60684  -27.776  -14.622  -13.109 0.4444444478
61592  -28.183  -13.924  -13.310 0.4444444478
61594  -29.233  -13.382  -12.672 0.2222222239
112066  -26.949  -13.471  -13.138 0.4444444478
62436  -27.930  -13.379  -13.477 0.4444444478
62419  -29.831  -12.845  -12.352 0.1111111119
62420  -30.719  -12.302  -11.990 0.1111111119
62451  -28.656  -12.970  -13.843 0.4444444478
62452  -29.255  -12.579  -14.001 0.3333333433
62435  -26.879  -12.782  -13.249 0.4444444478
62439  -30.025  -12.299  -13.152 0.2222222239
62449  -26.846  -12.073  -13.377 0.5555555820
62450  -27.823  -12.514  -13.555 0.4444444478
64224  -30.502  -11.346  -14.884 0.2222222239
63334  -30.953  -11.445  -14.011 0.1111111119
65084  -31.715  -10.223  -14.115 0.1111111119
64223  -30.130  -11.537  -14.748 0.3333333433
64237  -30.696  -11.040  -15.417 0.3333333433
64245  -29.507  -10.366  -14.953 0.4444444478
65111  -30.056  -10.125  -15.476 0.5555555820
65962  -30.899  -9.854  -16.401 0.6666666865
120418  -32.099  -9.954  -16.278 0.4444444478
65961  -29.899  -9.076  -15.772 0.6666666865
65964  -32.692  -9.238  -16.012 0.3333333433
66845  -30.447  -8.648  -16.160 0.6666666865
66866  -31.468  -8.142  -16.032 0.5555555820
66847  -32.453  -8.451  -16.047 0.5555555820
106567  -33.450  -8.926  -16.197 0.4444444478
110924  -33.400  -8.243  -16.298 0.3333333433
66865  -30.729  -7.842  -16.130 0.5555555820
68551  -33.190  -6.813  -15.711 0.4444444478
120431  -33.690  -5.858  -14.947 0.5555555820
67692  -32.377  -7.231  -15.766 0.4444444478
120147  -34.050  -5.250  -14.348 0.4444444478
76260  -31.952  3.891  -13.834 0.5555555820
104615  -32.965  5.246  -14.381 0.5555555820
104823  -33.542  5.883  -14.973 0.5555555820
59788  -27.422  -15.123  -12.908 0.4444444478
61576  -28.895  -13.899  -12.296 0.2222222239
61575  -25.482  -13.866  -12.555 0.4444444478
63317  -29.657  -12.336  -14.022 0.2222222239
63318  -30.309  -11.954  -14.081 0.2222222239
64238  -30.992  -10.857  -15.845 0.4444444478
65100  -31.558  -10.483  -15.706 0.3333333433
65963  -31.521  -9.845  -16.496 0.4444444478
70208  -34.604  -4.061  -13.594 0.4444444478
104971  -31.910  4.764  -14.146 0.5555555820
104782  -31.874  5.677  -14.229 0.5555555820
65946  -32.676  -9.330  -15.846 0.2222222239
58012  -25.892  -16.832  -12.087 0.4444444478
58858  -26.807  -16.464  -11.952 0.4444444478
59755  -27.773  -15.961  -11.364 0.4444444478
127444  -28.434  -15.384  -11.029 0.2222222239
60644  -28.816  -14.837  -11.157 0.2222222239
60645  -29.567  -14.609  -10.641 0.1111111119
59770  -24.469  -15.822  -11.211 0.4444444478
58857  -25.252  -16.382  -11.917 0.4444444478
61577  -29.631  -13.507  -11.767 0.1111111119
63304  -30.776  -11.749  -12.935 0.1111111119
64208  -32.023  -10.374  -12.734 0.1111111119
65085  -32.292  -9.729  -13.426 0.1111111119
65947  -33.067  -9.035  -14.920 0.2222222239
67693  -34.296  -8.052  -16.970 0.2222222239
67694  -35.166  -7.695  -17.450 0.2222222239
115904  -34.164  -7.010  -15.978 0.3333333433
69378  -34.664  -4.998  -14.224 0.4444444478
69379  -35.287  -4.575  -14.061 0.3333333433
70209  -35.494  -3.568  -13.621 0.3333333433
77157  -25.283  3.808  -17.628 0.4444444478
77135  -31.047  4.398  -14.241 0.5555555820
104931  -32.783  6.270  -14.497 0.5555555820
117721  -33.505  6.779  -15.193 0.5555555820
63332  -28.854  -12.177  -13.921 0.5555555820
64235  -29.095  -10.623  -14.540 0.6666666865
106258  -29.233  -9.255  -15.295 0.6666666865
64222  -29.484  -11.492  -14.415 0.3333333433
60665  -28.523  -14.584  -12.046 0.4444444478
59773  -28.150  -15.284  -11.825 0.3333333433
60685  -28.293  -14.335  -12.926 0.4444444478
121116  -26.072  -16.036  -12.475 0.4444444478
59787  -26.690  -15.318  -12.723 0.4444444478
61590  -26.534  -13.978  -12.864 0.4444444478
60683  -27.123  -14.753  -13.044 0.4444444478
61591  -27.514  -14.077  -13.157 0.4444444478
61593  -28.704  -13.664  -13.225 0.4444444478
62437  -28.687  -13.304  -13.719 0.4444444478
62438  -29.268  -12.973  -13.522 0.4444444478
114468  -31.259  -12.835  -11.267 0.1111111119
63333  -29.880  -11.956  -14.408 0.3333333433
110219  -29.668  -12.014  -14.236 0.3333333433
64225  -31.159  -11.010  -14.881 0.2222222239
64207  -31.436  -10.864  -13.704 0.1111111119
64236  -29.926  -10.977  -14.983 0.3333333433
65112  -31.062  -10.720  -16.166 0.4444444478
65113  -31.330  -10.433  -16.341 0.4444444478
65965  -33.559  -9.003  -16.141 0.1111111119
105909  -31.924  -9.316  -16.339 0.4444444478
66846  -31.135  -9.053  -16.465 0.5555555820
67691  -31.752  -7.382  -15.829 0.5555555820
59772  -27.326  -15.691  -12.393 0.4444444478
63319  -31.468  -11.230  -12.864 0.1111111119
120118  -31.840  6.653  -14.472 0.5555555820
65101  -32.312  -9.668  -14.917 0.2222222239
61578  -30.516  -13.150  -11.478 0.1111111119
61561  -30.170  -13.910  -10.816 0.1111111119
63305  -31.453  -11.670  -11.977 0.1111111119
53677  -27.680  -22.125  -8.468 0.1111111119
55364  -24.829  -20.826  -9.650 0.3333333433
54570  -27.036  -21.500  -8.589 0.2222222239
54571  -28.409  -22.228  -8.102 0.1111111119
105318  -28.044  -21.361  -8.453 0.1111111119
56203  -23.860  -19.548  -9.750 0.3333333433
125376  -24.068  -20.003  -9.516 0.3333333433
56206  -25.585  -19.599  -10.163 0.3333333433
56185  -25.952  -19.888  -9.265 0.3333333433
109934  -26.784  -20.574  -8.712 0.2222222239
56186  -27.174  -19.731  -8.928 0.2222222239
125256  -27.480  -20.960  -8.577 0.2222222239
106498  -27.862  -20.412  -8.524 0.1111111119
57983  -23.158  -17.663  -9.782 0.2222222239
57068  -23.512  -18.747  -9.883 0.2222222239
56204  -24.859  -19.862  -11.070 0.3333333433
127134  -25.165  -20.263  -11.274 0.3333333433
56184  -24.767  -20.324  -10.490 0.3333333433
56187  -28.115  -19.529  -8.654 0.1111111119
58826  -22.516  -16.580  -9.350 0.2222222239
58827  -23.608  -16.857  -10.247 0.3333333433
57984  -24.298  -17.869  -10.604 0.3333333433
126087  -24.269  -16.774  -10.786 0.3333333433
58000  -24.757  -17.436  -11.193 0.3333333433
57069  -24.528  -18.829  -10.857 0.3333333433
57087  -25.035  -18.526  -11.439 0.3333333433
57985  -26.264  -18.099  -10.711 0.3333333433
57088  -25.108  -18.415  -11.367 0.3333333433
57072  -26.835  -18.513  -9.831 0.3333333433
57986  -27.298  -17.749  -9.991 0.3333333433
57973  -27.820  -18.213  -9.290 0.1111111119
59740  -22.843  -15.788  -9.773 0.2222222239
58856  -24.695  -16.652  -11.292 0.3333333433
58001  -25.311  -17.794  -11.474 0.3333333433
123574  -25.748  -17.320  -11.690 0.3333333433
58002  -25.912  -17.705  -11.391 0.3333333433
58843  -26.382  -17.102  -11.629 0.3333333433
57987  -28.176  -17.457  -9.402 0.1111111119
59739  -22.660  -15.533  -9.553 0.3333333433
59753  -22.861  -15.076  -9.710 0.3333333433
127403  -24.307  -15.028  -11.074 0.3333333433
58011  -25.318  -17.122  -11.684 0.3333333433
58844  -27.255  -16.703  -11.104 0.3333333433
58845  -27.947  -16.308  -10.583 0.3333333433
68552  -34.746  -6.229  -15.372 0.2222222239
68532  -35.527  -5.591  -14.996 0.2222222239
71926  -35.579  -1.700  -13.491 0.3333333433
71052  -36.063  -2.555  -13.608 0.2222222239
120856  -25.586  -20.615  -9.061 0.3333333433
121512  -28.590  -19.972  -8.176 0.1111111119
57071  -25.624  -18.942  -10.601 0.3333333433
56207  -26.471  -19.219  -9.597 0.3333333433
115610  -23.894  -16.140  -10.518 0.3333333433
52760  -27.755  -23.044  -8.227 0.1111111119
55363  -24.155  -20.571  -9.242 0.3333333433
54568  -24.661  -21.426  -9.087 0.3333333433
113720  -25.369  -21.364  -8.881 0.3333333433
54569  -26.059  -21.898  -8.586 0.3333333433
52761  -28.816  -23.095  -7.667 0.1111111119
118065  -28.901  -21.492  -7.911 0.1111111119
57972  -22.349  -17.850  -8.911 0.2222222239
118245  -21.938  -16.953  -8.723 0.2222222239
57056  -28.410  -18.767  -8.790 0.1111111119
57974  -28.725  -17.978  -8.847 0.1111111119
112386  -22.343  -15.983  -9.203 0.2222222239
58828  -27.769  -16.919  -10.133 0.1111111119
59756  -28.494  -15.803  -10.525 0.1111111119
60630  -22.974  -14.917  -9.728 0.1111111119
69380  -36.267  -4.755  -14.486 0.2222222239
72796  -35.998  -1.025  -14.055 0.2222222239
71927  -36.453  -1.782  -13.961 0.2222222239
117073  -23.358  -13.077  -9.618 0.2222222239
65070  -22.906  -9.824  -12.281 0.5555555820
70210  -36.678  -3.531  -13.949 0.2222222239
56183  -24.842  -20.357  -10.600 0.3333333433
55365  -26.158  -21.143  -8.669 0.3333333433
57054  -22.607  -18.720  -8.923 0.2222222239
56205  -24.967  -19.937  -11.106 0.3333333433
57055  -27.516  -19.006  -9.192 0.2222222239
57070  -25.020  -19.283  -11.398 0.3333333433
58003  -26.824  -17.395  -10.861 0.3333333433
52759  -26.667  -23.419  -8.340 0.1111111119
53676  -26.879  -22.467  -8.492 0.2222222239
54567  -23.845  -21.295  -8.757 0.2222222239
53674  -25.080  -22.231  -8.809 0.3333333433
56182  -23.083  -19.632  -8.809 0.2222222239
68533  -36.296  -6.008  -15.901 0.1111111119
110615  -37.740  -5.153  -15.875 0.1111111119
69381  -37.345  -4.428  -14.743 0.1111111119
70211  -37.584  -3.460  -14.534 0.1111111119
70225  -38.210  -3.233  -15.421 0.1111111119
71054  -37.753  -2.601  -14.872 0.1111111119
71053  -37.020  -2.605  -14.074 0.1111111119
71928  -37.346  -1.740  -14.773 0.1111111119
114503  -35.535  1.214  -15.951 0.1111111119
75427  -34.908  1.589  -15.548 0.1111111119
73675  -35.659  0.629  -15.126 0.1111111119
104777  -31.309  4.906  -14.248 0.4444444478
75454  -34.945  2.094  -17.049 0.1111111119
77924  -34.235  5.868  -15.792 0.3333333433
77925  -34.346  4.575  -16.459 0.2222222239
77162  -34.408  3.293  -17.491 0.1111111119
76304  -34.646  2.701  -17.213 0.1111111119
76315  -34.461  2.256  -18.380 0.1111111119
79277  -32.690  6.988  -14.732 0.4444444478
104986  -32.152  7.307  -14.883 0.4444444478
79280  -32.794  7.622  -15.326 0.4444444478
121309  -33.436  7.408  -15.798 0.4444444478
78609  -33.925  6.760  -16.072 0.2222222239
78610  -34.217  6.005  -16.540 0.2222222239
122243  -34.148  5.166  -17.525 0.2222222239
80689  -33.338  9.883  -18.117 0.1111111119
116276  -33.696  8.341  -18.078 0.1111111119
78626  -33.926  4.664  -18.389 0.1111111119
119522  -31.226  6.083  -14.228 0.4444444478
119676  -30.855  6.785  -14.441 0.4444444478
104838  -31.352  7.341  -14.775 0.4444444478
79984  -31.841  7.857  -15.288 0.4444444478
79992  -31.378  8.397  -15.612 0.4444444478
123173  -30.671  9.279  -16.141 0.3333333433
79994  -33.056  8.131  -16.175 0.3333333433
116489  -33.377  8.192  -16.845 0.1111111119
79284  -33.556  7.475  -16.531 0.1111111119
79292  -33.675  7.612  -17.429 0.1111111119
79285  -33.900  6.599  -16.969 0.2222222239
79293  -34.017  6.320  -17.857 0.1111111119
79301  -33.867  7.413  -18.434 0.1111111119
119597  -30.329  7.307  -14.835 0.3333333433
79983  -30.833  7.967  -15.197 0.3333333433
79993  -32.221  8.428  -15.863 0.4444444478
81340  -31.385  9.623  -16.327 0.2222222239
80682  -32.097  9.161  -16.325 0.2222222239
79999  -33.154  8.882  -16.746 0.2222222239
80685  -32.673  9.453  -16.678 0.1111111119
80002  -33.432  8.831  -17.493 0.1111111119
81341  -32.081  9.834  -16.534 0.1111111119
80686  -33.091  9.626  -17.215 0.1111111119
105243  -28.574  7.019  -16.406 0.3333333433
104617  -28.735  7.720  -16.579 0.3333333433
80666  -29.437  8.400  -16.252 0.3333333433
80667  -30.444  8.610  -15.780 0.3333333433
80680  -29.708  9.165  -16.273 0.2222222239
81339  -30.390  10.073  -16.349 0.1111111119
117004  -31.551  10.522  -16.569 0.1111111119
81351  -32.952  10.307  -17.555 0.1111111119
82112  -32.278  11.837  -17.819 0.1111111119
119673  -28.169  6.250  -14.906 0.1111111119
79990  -26.755  7.254  -17.282 0.1111111119
119657  -27.115  7.201  -17.515 0.2222222239
104896  -26.969  7.804  -17.439 0.2222222239
80679  -28.322  8.416  -16.993 0.3333333433
124608  -27.330  8.913  -17.061 0.2222222239
81338  -28.647  9.792  -16.487 0.1111111119
119553  -28.013  11.043  -16.139 0.1111111119
82094  -29.627  10.902  -16.362 0.1111111119
81349  -30.714  10.961  -16.547 0.1111111119
82104  -31.331  11.487  -16.690 0.1111111119
82105  -32.052  11.214  -16.958 0.1111111119
81355  -32.905  10.738  -18.313 0.1111111119
80692  -33.420  9.890  -19.437 0.1111111119
104965  -27.135  7.193  -14.972 0.1111111119
121420  -24.481  8.348  -14.787 0.1111111119
79989  -25.934  7.954  -16.655 0.1111111119
104808  -24.670  10.604  -15.162 0.1111111119
119527  -25.051  9.365  -16.105 0.1111111119
119541  -26.286  9.110  -16.835 0.2222222239
104789  -25.558  10.672  -16.516 0.1111111119
120394  -26.896  10.060  -16.811 0.1111111119
119526  -25.564  12.272  -17.303 0.1111111119
104622  -27.431  11.954  -16.583 0.1111111119
82102  -29.064  11.799  -16.273 0.1111111119
80648  -24.612  9.533  -13.711 0.1111111119
104866  -25.181  11.320  -11.905 0.1111111119
119521  -24.552  11.016  -13.420 0.1111111119
104769  -24.855  12.250  -14.875 0.1111111119
104761  -24.583  11.787  -16.114 0.1111111119
124446  -24.456  12.483  -16.135 0.1111111119
119678  -25.312  13.076  -17.341 0.1111111119
81327  -26.316  11.987  -11.965 0.1111111119
104763  -25.566  12.136  -13.006 0.1111111119
68534  -37.050  -5.600  -15.801 0.1111111119
110977  -38.215  -4.251  -15.723 0.1111111119
112024  -36.703  -1.176  -14.553 0.1111111119
72815  -36.556  -0.492  -14.846 0.1111111119
75442  -35.311  1.717  -16.768 0.1111111119
116147  -34.245  5.133  -16.793 0.2222222239
116667  -34.248  3.732  -17.860 0.1111111119
125725  -33.883  6.906  -18.937 0.1111111119
82728  -26.608  12.892  -17.185 0.1111111119
119520  -25.796  12.982  -14.000 0.1111111119
119529  -26.793  12.533  -12.784 0.1111111119
104523  -39.157  -4.104  -17.828 0.1111111119
104522  -38.811  -4.606  -18.014 0.1111111119
72814  -35.641  -0.182  -14.329 0.2222222239
77134  -30.717  3.586  -14.390 0.4444444478
79998  -32.704  8.817  -16.362 0.2222222239
79965  -25.770  8.691  -13.798 0.1111111119
104619  -27.117  10.099  -11.647 0.1111111119
114911  -26.059  11.660  -11.896 0.1111111119
104803  -24.691  11.543  -13.949 0.1111111119
112693  -38.875  -5.217  -18.423 0.1111111119
108894  -38.235  -5.239  -17.034 0.1111111119
70239  -39.522  -3.437  -17.503 0.1111111119
106966  -39.281  -4.420  -17.932 0.1111111119
70246  -39.632  -2.929  -17.633 0.1111111119
71070  -38.555  -2.496  -15.947 0.1111111119
71946  -38.896  -1.698  -16.425 0.1111111119
71945  -38.317  -1.157  -15.782 0.1111111119
72830  -37.442  0.093  -15.734 0.1111111119
71944  -37.484  -0.766  -15.371 0.1111111119
73676  -36.393  0.130  -15.162 0.1111111119
74577  -37.103  1.213  -16.595 0.1111111119
74576  -36.101  1.399  -16.803 0.1111111119
74587  -35.570  1.779  -17.523 0.1111111119
122937  -34.974  1.577  -17.918 0.1111111119
77171  -34.448  2.641  -18.568 0.1111111119
76316  -34.678  2.016  -18.679 0.1111111119
77949  -33.949  3.221  -19.173 0.1111111119
78625  -33.705  4.533  -19.053 0.1111111119
119514  -30.449  6.649  -14.375 0.2222222239
119674  -30.006  6.841  -14.588 0.3333333433
104618  -29.321  6.994  -15.329 0.2222222239
119512  -29.011  6.654  -14.514 0.1111111119
104904  -27.704  7.099  -17.127 0.2222222239
80005  -33.631  8.596  -18.933 0.1111111119
79266  -27.964  7.254  -13.645 0.1111111119
80649  -27.149  9.190  -12.525 0.1111111119
82113  -32.576  11.377  -18.421 0.1111111119
80650  -27.964  9.264  -12.082 0.1111111119
81318  -28.227  10.653  -12.526 0.1111111119
83430  -27.976  13.724  -16.699 0.1111111119
83431  -29.648  13.384  -16.486 0.1111111119
83432  -30.774  13.213  -16.587 0.1111111119
83433  -31.531  13.007  -17.057 0.1111111119
119598  -27.951  11.245  -12.471 0.1111111119
104620  -24.612  13.111  -15.832 0.1111111119
83428  -25.283  13.925  -17.215 0.1111111119
122889  -35.036  1.162  -15.100 0.2222222239
70226  -38.941  -3.341  -17.133 0.1111111119
116083  -38.138  -1.920  -15.423 0.1111111119
73691  -36.240  0.952  -16.143 0.1111111119
75466  -34.828  1.830  -18.344 0.1111111119
107911  -33.509  9.100  -18.346 0.1111111119
81354  -32.524  10.940  -17.580 0.1111111119
105921  -33.716  7.675  -19.531 0.1111111119
77941  -34.273  3.582  -18.521 0.1111111119
80681  -31.374  8.910  -16.020 0.3333333433
105128  -29.683  7.749  -15.627 0.3333333433
81350  -32.458  10.282  -16.954 0.1111111119
119511  -28.426  6.743  -16.281 0.1111111119
79991  -27.811  7.355  -17.321 0.3333333433
82732  -31.725  12.071  -17.065 0.1111111119
119647  -28.756  7.047  -13.736 0.1111111119
119672  -27.564  6.853  -17.071 0.1111111119
79997  -27.304  7.280  -17.434 0.1111111119
105087  -26.725  7.405  -17.311 0.1111111119
80678  -25.900  8.322  -16.662 0.1111111119
119554  -26.108  11.326  -16.902 0.1111111119
82103  -30.386  11.673  -16.514 0.1111111119
82731  -31.063  12.348  -16.651 0.1111111119
82730  -30.005  12.512  -16.464 0.1111111119
79982  -25.417  7.578  -15.031 0.1111111119
79966  -26.981  8.139  -13.739 0.1111111119
80677  -24.845  8.712  -16.032 0.1111111119
80665  -24.632  9.741  -15.126 0.1111111119
104771  -25.085  11.829  -17.133 0.1111111119
82729  -28.551  12.717  -16.422 0.1111111119
126221  -26.158  9.654  -13.308 0.1111111119
119633  -25.421  11.223  -12.061 0.1111111119
104621  -24.705  12.564  -16.957 0.1111111119
68555  -37.511  -6.436  -18.141 0.1111111119
120523  -33.885  6.035  -18.601 0.1111111119
78633  -33.715  6.213  -19.395 0.1111111119
83429  -26.073  13.530  -17.418 0.1111111119
104989  -26.226  13.637  -14.626 0.1111111119
73692  -36.861  0.617  -15.953 0.1111111119
104603  -33.441  4.827  -19.919 0.1111111119
127173  -33.713  6.999  -19.907 0.1111111119
104964  -24.894  13.483  -16.886 0.1111111119
84103  -24.867  14.505  -16.960 0.1111111119
122660  -24.366  -21.956  -8.808 0.2222222239
66792  -22.014  -7.768  -11.069 0.2222222239
67660  -21.895  -6.509  -11.573 0.2222222239
63291  -23.162  -11.750  -11.328 0.3333333433
65911  -22.670  -9.208  -12.417 0.3333333433
65927  -22.558  -8.393  -12.608 0.4444444478
66809  -22.522  -7.603  -12.617 0.3333333433
119516  -30.039  4.122  -13.649 0.1111111119
119675  -30.151  5.144  -13.664 0.1111111119
107316  -26.473  4.168  -17.935 0.2222222239
77146  -24.631  3.202  -16.636 0.1111111119
65052  -22.707  -9.771  -12.012 0.2222222239
104614  -27.896  4.132  -14.742 0.1111111119
76258  -28.437  3.889  -14.854 0.1111111119
104611  -29.975  3.377  -14.303 0.1111111119
104764  -30.136  4.728  -13.482 0.1111111119
126058  -22.789  -9.781  -10.609 0.2222222239
64196  -22.956  -10.401  -11.824 0.3333333433
71885  -19.571  -1.331  -11.127 0.2222222239
71000  -20.208  -2.680  -10.061 0.1111111119
72730  -19.690  -0.360  -9.614 0.3333333433
104610  -29.236  3.246  -14.965 0.1111111119
119654  -30.131  2.733  -14.017 0.1111111119
76259  -30.650  2.899  -13.898 0.1111111119
119677  -30.508  3.523  -13.685 0.1111111119
65086  -32.892  -9.159  -13.514 0.1111111119
53666  -24.452  -22.732  -8.531 0.1111111119
123235  -25.173  -23.079  -8.569 0.1111111119
53665  -23.699  -22.550  -7.937 0.1111111119
54558  -23.730  -21.952  -8.473 0.1111111119
54566  -22.989  -21.222  -8.314 0.1111111119
55362  -23.059  -20.486  -8.478 0.1111111119
62372  -23.581  -12.643  -8.995 0.1111111119
67630  -21.921  -6.697  -11.065 0.1111111119
66808  -21.835  -7.117  -11.328 0.1111111119
76229  -20.761  2.155  -11.988 0.2222222239
77107  -21.242  2.149  -13.230 0.2222222239
116919  -21.292  1.734  -12.983 0.2222222239
75380  -22.004  1.370  -13.591 0.2222222239
54557  -22.957  -21.754  -7.846 0.1111111119
68493  -21.912  -5.893  -11.806 0.1111111119
53655  -22.818  -22.309  -6.961 0.1111111119
52740  -24.260  -23.396  -7.940 0.1111111119
116438  -24.935  -23.677  -8.286 0.1111111119
53675  -25.922  -22.807  -8.504 0.1111111119
54542  -22.006  -21.316  -7.164 0.1111111119
123407  -22.382  -21.023  -7.683 0.1111111119
55354  -22.321  -20.395  -7.786 0.1111111119
56176  -22.241  -19.593  -7.952 0.1111111119
57041  -21.926  -18.811  -8.201 0.1111111119
64161  -23.865  -11.326  -9.236 0.1111111119
66780  -22.350  -7.356  -10.820 0.1111111119
75363  -21.049  1.725  -11.896 0.2222222239
75401  -23.058  1.718  -14.879 0.2222222239
76273  -23.997  2.998  -15.113 0.1111111119
76257  -23.115  3.224  -14.621 0.2222222239
77131  -23.596  3.689  -14.894 0.1111111119
74492  -20.554  1.576  -10.715 0.2222222239
62394  -23.354  -12.369  -9.657 0.1111111119
58820  -22.068  -16.596  -8.769 0.1111111119
65897  -22.334  -8.700  -11.185 0.1111111119
63274  -23.428  -11.575  -9.680 0.1111111119
63262  -23.713  -11.892  -8.941 0.1111111119
115953  -22.844  -9.057  -10.492 0.1111111119
52739  -23.605  -23.094  -7.283 0.1111111119
62373  -24.192  -12.253  -8.443 0.1111111119
117557  -22.056  1.124  -13.424 0.1111111119
62357  -23.892  -13.019  -8.650 0.1111111119
64169  -23.620  -10.747  -9.805 0.1111111119
75402  -23.725  1.255  -14.959 0.1111111119
75435  -24.981  2.811  -14.896 0.1111111119
111960  -26.665  3.675  -15.404 0.1111111119
117973  -20.375  1.331  -9.642 0.1111111119
76289  -26.032  3.286  -15.387 0.1111111119
77149  -26.890  3.860  -15.396 0.1111111119
77132  -26.946  4.828  -15.276 0.1111111119
66779  -21.929  -7.103  -10.959 0.1111111119
69354  -20.787  -4.215  -11.263 0.1111111119
69399  -25.546  -3.889  -15.777 1.0000000000
70220  -23.560  -3.901  -14.888 0.8888888955
71065  -22.758  -2.741  -14.641 0.8888888955
71088  -39.976  -2.170  -17.502 0.1111111119
71874  -19.557  -1.024  -9.873 0.3333333433
71955  -24.774  -2.140  -16.097 0.8888888955
71957  -30.614  -1.801  -15.246 0.7777777910
71966  -27.220  -1.849  -17.179 1.0000000000
72733  -19.411  0.216  -9.683 0.3333333433
72747  -19.664  -0.381  -11.684 0.4444444478
72784  -21.584  -0.813  -13.545 0.6666666865
72826  -24.448  -1.089  -15.984 1.0000000000
72827  -30.092  -0.047  -15.514 0.8888888955
72837  -26.910  -1.202  -17.268 1.0000000000
73599  -19.506  1.311  -9.629 0.4444444478
73600  -20.911  0.388  -10.019 0.1111111119
73609  -19.603  0.205  -11.387 0.4444444478
73666  -21.966  0.622  -14.021 0.6666666865
73673  -30.877  0.553  -14.245 0.7777777910
73683  -23.181  0.397  -15.403 0.8888888955
73703  -26.097  0.564  -17.362 1.0000000000
74486  -19.611  1.574  -10.563 0.3333333433
74488  -19.928  2.021  -9.747 0.3333333433
74514  -20.474  0.978  -12.278 0.4444444478
74533  -20.798  1.132  -12.904 0.4444444478
74585  -24.766  1.168  -17.001 1.0000000000
74594  -27.446  1.496  -17.337 0.8888888955
75354  -19.652  1.692  -10.561 0.3333333433
75358  -20.198  2.023  -10.628 0.2222222239
75359  -20.642  1.735  -11.084 0.2222222239
75362  -20.374  1.321  -11.964 0.3333333433
75377  -20.586  1.813  -12.246 0.3333333433
75379  -21.437  1.361  -12.798 0.1111111119
75399  -21.495  1.902  -13.390 0.5555555820
75400  -22.621  1.027  -14.066 0.2222222239
75416  -21.786  2.443  -13.869 0.4444444478
75418  -22.805  2.273  -14.446 0.4444444478
75419  -24.238  1.745  -15.185 0.1111111119
75449  -23.590  2.346  -15.796 0.5555555820
75451  -27.855  3.086  -17.414 0.6666666865
75462  -25.067  3.003  -17.323 0.6666666865
76211  -19.858  1.966  -10.574 0.3333333433
76221  -20.179  1.792  -11.102 0.3333333433
76228  -20.642  1.725  -11.737 0.3333333433
76240  -20.744  1.973  -12.630 0.3333333433
76241  -21.113  2.264  -12.887 0.2222222239
76242  -21.991  1.955  -13.837 0.3333333433
76256  -22.181  1.877  -13.820 0.3333333433
76271  -22.333  2.523  -14.290 0.4444444478
76272  -22.903  2.944  -14.584 0.4444444478
76299  -24.111  3.102  -15.961 0.6666666865
76312  -25.701  4.731  -18.059 0.6666666865
77108  -21.834  2.284  -13.843 0.2222222239
77116  -22.089  2.804  -13.817 0.4444444478
77118  -22.740  3.109  -14.027 0.2222222239
77127  -22.284  2.940  -13.881 0.4444444478
77129  -22.961  3.426  -14.226 0.2222222239
77144  -23.317  3.216  -15.030 0.2222222239
77156  -24.442  3.467  -16.573 0.3333333433
77158  -26.043  4.683  -18.116 0.4444444478
77170  -26.866  4.952  -18.326 0.4444444478
77914  -24.336  3.175  -15.508 0.3333333433
77933  -26.988  4.152  -17.852 0.3333333433
104601  -19.946  0.990  -11.522 0.4444444478
104921  -19.747  1.660  -10.784 0.3333333433
104935  -19.538  1.404  -10.442 0.3333333433
105072  -27.126  4.562  -15.235 0.3333333433
106167  -22.603  -1.301  -14.583 0.7777777910
107997  -28.635  -1.851  -17.048 1.0000000000
110377  -22.292  -2.242  -14.153 0.6666666865
110847  -25.108  -0.225  -16.709 1.0000000000
112165  -26.680  -3.383  -16.507 1.0000000000
113514  -21.055  2.009  -12.602 0.2222222239
115190  -39.820  -2.534  -17.555 0.1111111119
115380  -26.097  1.490  -17.502 0.7777777910
116153  -20.915  1.704  -13.107 0.4444444478
117348  -19.652  0.635  -11.268 0.4444444478
117420  -21.204  -0.271  -13.281 0.6666666865
118495  -20.949  0.990  -10.493 0.1111111119
119060  -28.423  -1.081  -17.165 0.8888888955
119978  -23.852  -0.382  -15.917 0.8888888955
120093  -29.275  1.208  -16.086 0.7777777910
120609  -21.674  2.654  -13.717 0.2222222239
123272  -23.722  3.224  -15.312 0.3333333433
124694  -20.110  -1.921  -11.780 0.4444444478
125307  -24.487  -3.317  -15.801 0.8888888955
125661  -22.488  -7.032  -12.620 0.3333333433
125846  -25.532  -3.370  -16.182 1.0000000000
126016  -31.088  -6.053  -16.219 0.7777777910
126811  -28.117  1.781  -17.069 0.7777777910
127505  -27.603  4.512  -17.914 0.4444444478
