#!ascii label  , from subject freesurfer vox2ras=TkReg
752
110179  -35.107  -67.676  -18.380 0.5000000000
14181  -34.360  -68.496  -19.795 0.8000000119
110612  -35.077  -68.561  -21.114 0.8000000119
13335  -34.564  -68.743  -20.737 0.8000000119
15088  -35.327  -68.320  -19.642 0.8000000119
15059  -33.907  -67.508  -17.088 0.5000000000
15072  -34.294  -67.920  -18.872 0.5000000000
16031  -36.356  -67.402  -21.170 0.6999999881
15106  -36.069  -68.266  -21.222 0.6999999881
15089  -36.275  -68.389  -20.232 0.8000000119
15074  -36.858  -67.864  -19.493 0.6999999881
15046  -34.747  -67.437  -16.347 0.6000000238
15060  -34.880  -67.320  -17.283 0.5000000000
15061  -35.915  -67.558  -17.605 0.6000000238
16955  -34.646  -65.832  -20.949 0.6999999881
15073  -36.078  -67.914  -18.907 0.6000000238
15062  -36.863  -67.477  -18.029 0.6000000238
115891  -35.550  -66.279  -21.110 0.6999999881
16030  -35.256  -67.151  -21.356 0.6999999881
15107  -37.064  -67.965  -20.879 0.6999999881
124013  -37.441  -67.472  -18.851 0.6000000238
15075  -38.216  -67.266  -19.063 0.6000000238
15108  -37.910  -67.747  -20.846 0.8000000119
15091  -38.632  -67.568  -20.443 0.8000000119
107753  -37.683  -67.757  -19.999 0.6999999881
15035  -36.481  -67.381  -15.816 0.4000000060
15048  -36.678  -67.432  -16.760 0.6000000238
17877  -35.815  -64.138  -20.703 0.6999999881
120096  -38.160  -66.872  -18.038 0.6000000238
107387  -35.330  -65.111  -20.857 0.6999999881
16956  -36.402  -66.202  -20.953 0.6999999881
113823  -37.428  -67.380  -21.096 0.6999999881
16032  -38.604  -67.406  -21.153 0.6999999881
16020  -38.887  -67.555  -21.003 0.6000000238
15076  -39.102  -67.299  -19.771 0.6999999881
16944  -40.582  -66.356  -19.800 0.5000000000
16958  -39.159  -66.625  -21.364 0.6000000238
16033  -39.831  -67.372  -21.194 0.6000000238
16022  -40.771  -67.211  -21.153 0.6000000238
16951  -41.123  -66.773  -21.002 0.6000000238
16959  -40.340  -66.756  -21.423 0.6000000238
16952  -41.392  -65.416  -21.057 0.5000000000
15972  -37.264  -66.741  -16.019 0.4000000060
15979  -37.081  -67.231  -16.216 0.5000000000
18807  -34.727  -63.117  -20.321 0.6999999881
122364  -37.559  -66.998  -16.540 0.6000000238
116578  -37.875  -66.905  -17.180 0.6000000238
109517  -36.379  -65.166  -20.747 0.6999999881
15991  -39.141  -66.323  -18.536 0.6000000238
17879  -38.394  -65.107  -20.862 0.6999999881
16943  -39.992  -66.066  -18.575 0.5000000000
17865  -40.645  -65.314  -19.052 0.6000000238
17874  -41.779  -64.741  -20.699 0.5000000000
17866  -41.542  -64.619  -19.764 0.5000000000
115870  -40.649  -65.717  -21.366 0.5000000000
18801  -33.500  -62.720  -19.297 0.6000000238
121076  -33.923  -61.567  -19.629 0.6000000238
16919  -36.875  -66.451  -15.455 0.5000000000
16925  -37.173  -65.859  -16.033 0.5000000000
19662  -34.362  -62.418  -20.054 0.6999999881
15980  -37.712  -66.281  -16.740 0.5000000000
17857  -37.749  -64.389  -17.149 0.4000000060
18808  -35.461  -63.170  -20.646 0.6999999881
16934  -38.078  -65.377  -17.357 0.5000000000
18809  -36.477  -63.422  -20.581 0.6999999881
18810  -37.803  -63.790  -20.543 0.6999999881
17858  -38.521  -64.486  -17.704 0.5000000000
17864  -39.622  -64.913  -18.378 0.5000000000
17880  -39.784  -65.603  -21.354 0.6000000238
18803  -40.796  -64.182  -18.712 0.5000000000
19672  -40.394  -63.295  -20.746 0.5000000000
18812  -41.223  -64.104  -21.540 0.5000000000
18813  -42.104  -63.903  -21.307 0.5000000000
18804  -41.951  -63.869  -19.678 0.5000000000
17875  -42.140  -64.374  -21.074 0.5000000000
19659  -42.772  -62.807  -19.964 0.3000000119
18789  -36.454  -63.145  -16.274 0.3000000119
20466  -32.860  -61.237  -18.907 0.6000000238
20467  -33.399  -61.417  -19.316 0.6000000238
17850  -36.729  -64.840  -16.120 0.4000000060
17851  -37.091  -64.025  -16.576 0.4000000060
20477  -35.141  -61.789  -19.833 0.6000000238
127275  -38.012  -63.974  -17.370 0.5000000000
19669  -36.057  -62.623  -20.506 0.6999999881
18802  -39.243  -63.831  -18.147 0.5000000000
19671  -38.661  -63.106  -20.534 0.5000000000
19658  -40.097  -63.186  -18.391 0.5000000000
18811  -39.514  -64.249  -20.805 0.5000000000
19655  -41.456  -62.518  -18.673 0.4000000060
108230  -41.787  -63.298  -19.159 0.3000000119
20465  -41.721  -61.633  -18.555 0.4000000060
19674  -42.614  -63.368  -21.149 0.5000000000
19660  -42.709  -63.273  -20.468 0.4000000060
21214  -33.264  -60.803  -18.786 0.6000000238
21206  -34.036  -60.961  -17.975 0.6000000238
21215  -33.924  -61.180  -19.104 0.6000000238
20461  -34.742  -61.374  -18.446 0.6000000238
20469  -35.369  -61.446  -19.096 0.6000000238
19653  -38.136  -62.746  -17.286 0.3000000119
18798  -38.367  -63.584  -17.530 0.4000000060
19663  -35.848  -62.051  -20.119 0.6000000238
112409  -38.729  -62.001  -17.449 0.3000000119
19664  -36.749  -62.404  -19.970 0.6000000238
19670  -37.201  -62.950  -20.374 0.6999999881
19657  -38.954  -63.129  -17.813 0.3000000119
19665  -38.055  -62.577  -19.960 0.6000000238
123187  -40.070  -61.131  -17.590 0.3000000119
20464  -39.995  -61.845  -17.691 0.3000000119
20480  -38.896  -62.029  -19.427 0.5000000000
19666  -39.620  -62.569  -20.284 0.5000000000
21852  -41.724  -60.238  -18.139 0.3000000119
21211  -40.971  -60.763  -17.833 0.3000000119
19667  -41.317  -62.574  -20.939 0.5000000000
21212  -42.688  -61.128  -18.867 0.3000000119
114257  -40.576  -62.022  -20.295 0.5000000000
21221  -43.453  -61.220  -19.999 0.4000000060
117071  -43.238  -61.530  -19.721 0.3000000119
21205  -33.079  -60.103  -18.381 0.5000000000
21196  -33.869  -60.340  -17.392 0.6000000238
21207  -35.037  -60.932  -17.586 0.5000000000
116252  -36.320  -61.330  -18.815 0.6000000238
21217  -36.541  -60.701  -18.088 0.5000000000
22485  -39.537  -59.167  -17.096 0.3000000119
122746  -37.101  -61.523  -18.925 0.6000000238
23128  -40.361  -58.060  -17.342 0.3000000119
21851  -40.109  -59.841  -17.452 0.3000000119
20479  -37.561  -62.026  -19.274 0.6000000238
20473  -41.118  -60.991  -20.355 0.5000000000
20482  -42.664  -61.966  -20.848 0.4000000060
21225  -43.001  -60.936  -20.615 0.4000000060
21842  -34.213  -59.849  -16.725 0.5000000000
21197  -34.591  -60.429  -17.144 0.5000000000
113053  -35.245  -60.314  -17.131 0.5000000000
21208  -35.904  -60.355  -17.607 0.5000000000
23125  -39.274  -57.649  -16.811 0.3000000119
22480  -39.452  -58.490  -16.990 0.3000000119
20470  -37.296  -60.982  -18.442 0.6000000238
21219  -38.385  -60.535  -18.586 0.6000000238
20471  -38.154  -61.474  -18.798 0.5000000000
21857  -43.292  -60.618  -19.168 0.4000000060
21859  -43.702  -59.774  -19.941 0.4000000060
22476  -35.600  -59.074  -16.630 0.5000000000
21847  -35.753  -59.698  -17.064 0.5000000000
21848  -36.403  -59.535  -17.473 0.5000000000
23839  -38.248  -56.823  -16.140 0.4000000060
23840  -38.707  -56.093  -16.289 0.4000000060
21209  -36.665  -60.072  -17.767 0.5000000000
21218  -37.311  -60.245  -18.052 0.5000000000
116272  -39.033  -56.855  -16.545 0.4000000060
115646  -40.068  -57.001  -17.115 0.3000000119
22484  -37.452  -58.832  -17.946 0.4000000060
21220  -39.824  -60.431  -19.490 0.4000000060
21861  -43.109  -60.251  -20.501 0.4000000060
114770  -35.487  -58.350  -16.418 0.5000000000
22477  -36.199  -58.258  -16.899 0.5000000000
117650  -36.765  -57.823  -17.478 0.5000000000
23835  -37.967  -56.066  -15.849 0.4000000060
21849  -37.076  -59.483  -17.804 0.5000000000
22483  -36.762  -58.683  -17.542 0.4000000060
24675  -39.187  -55.375  -16.351 0.4000000060
23841  -39.564  -56.146  -16.596 0.4000000060
116025  -37.442  -57.952  -17.899 0.4000000060
21854  -37.821  -59.513  -18.260 0.4000000060
23842  -40.447  -56.105  -17.007 0.4000000060
21855  -38.776  -59.514  -18.877 0.4000000060
22491  -40.106  -58.574  -19.593 0.4000000060
21856  -40.096  -59.576  -19.608 0.4000000060
21224  -41.675  -60.506  -20.565 0.4000000060
22493  -41.433  -58.857  -20.088 0.4000000060
22494  -42.672  -59.531  -20.454 0.4000000060
22496  -43.841  -58.891  -19.803 0.4000000060
22495  -43.417  -59.297  -20.248 0.4000000060
23121  -35.796  -57.533  -16.523 0.5000000000
25499  -37.712  -54.351  -15.394 0.4000000060
24674  -38.399  -55.340  -16.023 0.4000000060
23122  -36.479  -57.269  -17.101 0.5000000000
23126  -37.048  -57.140  -17.641 0.4000000060
22489  -38.130  -58.599  -18.436 0.4000000060
24676  -40.034  -55.411  -16.608 0.4000000060
125637  -38.504  -58.164  -18.711 0.4000000060
22490  -38.960  -58.660  -19.090 0.4000000060
22492  -44.119  -58.359  -19.236 0.3000000119
23137  -42.257  -58.421  -20.248 0.4000000060
23838  -36.078  -56.611  -16.746 0.4000000060
23844  -36.677  -56.467  -17.336 0.5000000000
23845  -37.300  -56.420  -17.765 0.4000000060
26375  -38.842  -53.724  -15.908 0.4000000060
23127  -37.691  -57.077  -18.107 0.4000000060
23849  -37.929  -56.371  -18.260 0.4000000060
23132  -38.383  -57.021  -18.570 0.4000000060
117934  -39.106  -57.024  -18.966 0.4000000060
23134  -40.640  -58.004  -19.669 0.4000000060
23136  -44.339  -56.885  -19.754 0.4000000060
23855  -43.754  -57.356  -20.204 0.4000000060
23138  -43.561  -58.240  -20.218 0.4000000060
23843  -36.227  -55.775  -17.048 0.4000000060
24678  -36.870  -55.744  -17.505 0.4000000060
24679  -37.531  -55.728  -17.884 0.4000000060
24683  -38.215  -55.656  -18.335 0.4000000060
23850  -38.627  -56.347  -18.686 0.4000000060
23851  -39.419  -56.391  -19.086 0.4000000060
23135  -44.340  -57.270  -19.235 0.4000000060
117936  -41.085  -57.489  -19.734 0.4000000060
23854  -40.614  -56.564  -19.528 0.4000000060
117890  -41.785  -56.360  -19.688 0.4000000060
108591  -43.092  -56.585  -20.073 0.4000000060
25509  -37.053  -54.328  -17.693 0.4000000060
25514  -37.776  -54.968  -17.926 0.4000000060
25515  -38.644  -54.822  -18.363 0.4000000060
24684  -38.956  -55.673  -18.761 0.4000000060
25516  -39.385  -54.405  -18.700 0.4000000060
24685  -39.768  -55.696  -19.155 0.4000000060
24688  -40.827  -55.660  -19.437 0.4000000060
23853  -44.284  -56.377  -19.708 0.3000000119
24689  -42.319  -55.607  -19.674 0.4000000060
23856  -44.179  -56.726  -20.065 0.4000000060
26380  -36.582  -53.585  -17.490 0.4000000060
26381  -37.418  -53.398  -17.730 0.4000000060
26384  -38.030  -54.068  -17.950 0.4000000060
26385  -38.854  -53.834  -18.342 0.4000000060
25517  -39.966  -54.140  -18.953 0.4000000060
25520  -40.761  -54.233  -19.244 0.4000000060
25512  -44.010  -55.019  -18.106 0.4000000060
23852  -44.410  -56.441  -19.189 0.3000000119
116403  -41.155  -54.952  -19.378 0.4000000060
24690  -43.588  -56.029  -19.952 0.5000000000
112504  -44.194  -54.999  -19.511 0.4000000060
25521  -42.234  -54.429  -19.547 0.5000000000
28252  -37.136  -52.073  -17.195 0.4000000060
27317  -37.683  -52.514  -17.702 0.4000000060
27318  -38.413  -52.127  -17.970 0.4000000060
27322  -38.339  -53.045  -18.064 0.4000000060
26389  -41.361  -53.550  -19.377 0.4000000060
25522  -43.676  -54.135  -19.620 0.5000000000
28248  -37.330  -51.305  -16.880 0.4000000060
29151  -38.058  -50.723  -17.265 0.4000000060
28253  -37.949  -51.587  -17.631 0.4000000060
26390  -42.620  -53.426  -19.573 0.5000000000
29146  -37.307  -50.401  -16.487 0.4000000060
30051  -37.627  -49.595  -16.307 0.4000000060
27329  -42.636  -52.534  -19.500 0.5000000000
32615  -37.749  -46.859  -15.047 0.4000000060
30047  -37.522  -49.006  -15.798 0.4000000060
30914  -38.007  -48.271  -16.040 0.4000000060
121925  -38.280  -49.011  -16.508 0.5000000000
30913  -37.373  -48.307  -15.296 0.4000000060
20481  -41.795  -61.539  -21.006 0.5000000000
105895  -42.559  -61.285  -20.878 0.5000000000
21222  -43.507  -60.548  -20.104 0.4000000060
121728  -34.309  -67.575  -17.941 0.5000000000
13334  -33.754  -69.131  -21.131 0.8000000119
14209  -34.835  -68.446  -21.402 0.8000000119
15116  -34.406  -68.247  -21.856 0.6999999881
15045  -33.980  -67.711  -16.158 0.5000000000
16029  -34.256  -66.634  -21.296 0.6999999881
15033  -34.537  -67.745  -15.504 0.5000000000
16954  -33.882  -66.011  -20.563 0.6999999881
15971  -36.841  -67.106  -15.527 0.4000000060
15034  -35.615  -67.574  -15.394 0.4000000060
16950  -34.593  -64.798  -20.471 0.6999999881
19661  -33.687  -62.054  -19.757 0.6999999881
15019  -36.324  -67.306  -15.015 0.4000000060
16913  -36.485  -66.164  -14.984 0.4000000060
19652  -33.121  -62.525  -18.954 0.6000000238
108930  -36.370  -64.035  -16.083 0.4000000060
21213  -32.591  -60.387  -18.621 0.6000000238
113682  -32.300  -59.645  -18.244 0.5000000000
21841  -33.199  -59.670  -17.478 0.5000000000
114048  -34.706  -58.996  -16.307 0.5000000000
23120  -34.955  -57.871  -16.035 0.4000000060
117396  -35.330  -56.896  -16.220 0.4000000060
24673  -35.604  -55.119  -16.871 0.4000000060
25507  -35.722  -54.340  -17.102 0.4000000060
25508  -36.298  -54.181  -17.445 0.4000000060
27316  -36.868  -52.849  -17.399 0.4000000060
119288  -36.694  -51.725  -16.729 0.4000000060
29145  -36.564  -51.078  -16.460 0.4000000060
31782  -37.278  -47.584  -14.773 0.4000000060
14183  -33.483  -68.880  -20.232 0.8000000119
14184  -36.294  -68.390  -20.973 0.8000000119
15047  -35.804  -67.492  -16.466 0.5000000000
15117  -35.220  -68.165  -21.463 0.6999999881
16957  -37.575  -66.082  -20.988 0.6999999881
16004  -39.812  -66.926  -19.556 0.6999999881
16021  -39.945  -67.526  -20.901 0.6999999881
16935  -38.884  -65.594  -18.098 0.6000000238
16005  -40.725  -67.301  -20.805 0.6000000238
116826  -35.111  -62.377  -20.331 0.6999999881
20476  -34.348  -61.893  -20.012 0.6000000238
108281  -36.555  -65.535  -15.508 0.5000000000
16926  -37.411  -65.116  -16.681 0.5000000000
18797  -37.713  -63.610  -17.127 0.3000000119
19673  -42.033  -63.349  -21.349 0.5000000000
21216  -35.676  -61.153  -18.179 0.6000000238
20472  -39.683  -61.309  -19.579 0.5000000000
124179  -42.064  -62.028  -21.264 0.5000000000
121195  -43.872  -59.306  -19.504 0.4000000060
118042  -39.944  -57.153  -19.417 0.4000000060
24677  -36.390  -54.941  -17.386 0.4000000060
10259  -23.827  -72.829  -22.495 0.4000000060
10260  -24.271  -73.122  -21.795 0.4000000060
122442  -24.622  -73.059  -20.349 0.4000000060
10249  -25.383  -73.479  -20.360 0.4000000060
11017  -23.656  -72.227  -20.633 0.4000000060
11018  -24.127  -72.489  -19.994 0.4000000060
10237  -24.830  -72.906  -19.608 0.4000000060
11000  -24.818  -71.968  -18.382 0.4000000060
10212  -25.903  -73.259  -17.538 0.5000000000
121050  -23.812  -71.597  -19.818 0.4000000060
11008  -24.431  -72.143  -19.197 0.4000000060
122947  -25.278  -71.851  -17.798 0.5000000000
11747  -26.564  -71.620  -17.245 0.6000000238
12551  -23.589  -70.598  -20.358 0.4000000060
12544  -23.930  -70.896  -19.431 0.4000000060
12532  -24.421  -70.472  -18.899 0.4000000060
10989  -25.914  -72.289  -17.374 0.5000000000
14146  -35.633  -67.615  -14.406 0.4000000060
16912  -35.882  -65.328  -14.949 0.3000000119
10991  -26.736  -72.455  -16.898 0.5000000000
14156  -32.664  -68.244  -15.295 0.5000000000
14158  -34.255  -68.055  -14.808 0.4000000060
123468  -24.496  -69.150  -20.256 0.4000000060
11753  -24.950  -71.131  -18.130 0.5000000000
11746  -25.715  -71.371  -17.588 0.5000000000
13312  -23.866  -69.686  -20.316 0.4000000060
121465  -23.964  -70.327  -19.640 0.4000000060
11748  -27.538  -71.827  -16.981 0.6000000238
11749  -28.231  -71.642  -16.872 0.6000000238
12514  -28.877  -71.183  -16.940 0.6999999881
113475  -32.804  -68.086  -16.026 0.5000000000
11739  -28.320  -71.776  -16.260 0.6999999881
13282  -29.909  -70.032  -16.072 0.6999999881
14155  -32.043  -68.401  -15.988 0.6999999881
12515  -29.451  -70.662  -16.543 0.6999999881
13283  -30.543  -69.637  -16.594 0.6999999881
12533  -25.255  -70.166  -18.349 0.5000000000
12535  -27.017  -70.166  -17.884 0.6000000238
12523  -27.290  -70.981  -17.443 0.6000000238
12536  -28.765  -70.433  -18.174 0.6000000238
13314  -25.211  -69.153  -19.881 0.4000000060
13298  -25.817  -69.441  -18.904 0.5000000000
13300  -27.854  -69.873  -18.508 0.6000000238
12524  -28.332  -71.132  -17.406 0.6000000238
115163  -29.083  -70.708  -17.626 0.6000000238
12525  -29.569  -70.549  -17.398 0.6000000238
17845  -36.057  -64.602  -15.575 0.3000000119
12516  -30.102  -70.212  -17.061 0.6999999881
14165  -32.458  -68.203  -16.745 0.6000000238
14166  -33.260  -67.866  -16.483 0.5000000000
13327  -26.135  -68.563  -20.430 0.6000000238
13328  -27.064  -68.845  -20.384 0.6000000238
13329  -27.977  -68.977  -20.471 0.6999999881
13317  -28.539  -69.500  -19.444 0.6000000238
126146  -28.668  -69.995  -18.751 0.6000000238
12537  -29.647  -70.304  -18.212 0.6000000238
13299  -26.787  -69.583  -18.601 0.6000000238
12526  -30.125  -70.189  -17.767 0.6000000238
13290  -30.697  -69.753  -17.618 0.6999999881
14171  -31.380  -69.035  -17.697 0.6999999881
13284  -31.013  -69.164  -16.999 0.6999999881
14173  -32.988  -68.015  -17.378 0.6000000238
14164  -31.640  -68.577  -16.861 0.6999999881
14194  -27.807  -68.465  -21.010 0.6000000238
14195  -28.504  -68.482  -21.116 0.6999999881
13330  -28.847  -68.899  -20.280 0.6999999881
111713  -29.966  -69.981  -18.965 0.6000000238
15071  -33.561  -67.909  -18.106 0.5000000000
13303  -31.209  -69.493  -18.474 0.6999999881
14178  -31.896  -69.038  -18.382 0.6999999881
13344  -31.630  -69.367  -22.131 0.6999999881
124752  -33.011  -69.423  -21.003 0.6999999881
13342  -30.390  -68.707  -21.526 0.6999999881
110645  -31.623  -69.621  -20.822 0.6000000238
13320  -31.746  -69.556  -20.077 0.5000000000
13331  -30.392  -69.295  -20.550 0.6999999881
13319  -31.110  -69.628  -20.267 0.6000000238
13304  -31.821  -69.385  -19.190 0.6999999881
14180  -33.387  -68.408  -19.111 0.5000000000
13302  -30.483  -69.900  -18.532 0.6000000238
14179  -32.517  -68.927  -18.934 0.6999999881
116054  -32.347  -68.734  -18.288 0.6000000238
13350  -32.971  -69.375  -22.110 0.6999999881
13346  -33.381  -69.307  -21.685 0.6999999881
14214  -33.735  -68.600  -22.144 0.6999999881
125018  -32.942  -68.866  -19.550 0.6000000238
14157  -33.567  -67.980  -15.568 0.5000000000
13321  -32.513  -69.275  -19.976 0.6000000238
11027  -24.125  -72.895  -20.847 0.4000000060
11001  -25.379  -72.592  -17.967 0.4000000060
11760  -24.324  -71.371  -18.921 0.4000000060
13297  -24.934  -69.695  -18.978 0.4000000060
13313  -24.374  -69.742  -19.587 0.4000000060
13272  -30.412  -69.497  -15.471 0.6999999881
116406  -27.864  -70.504  -17.833 0.6000000238
114020  -26.161  -68.990  -19.919 0.6999999881
13316  -27.480  -69.308  -19.509 0.6000000238
13318  -29.596  -69.422  -19.749 0.6000000238
13332  -31.146  -69.387  -21.443 0.6999999881
117597  -31.149  -69.645  -19.326 0.6000000238
13333  -31.831  -69.604  -21.456 0.6000000238
14192  -25.975  -68.052  -20.782 0.4000000060
14193  -27.028  -68.240  -20.892 0.5000000000
14206  -30.475  -68.175  -21.882 0.6000000238
15097  -26.179  -67.191  -20.672 0.5000000000
106155  -26.726  -67.651  -20.891 0.5000000000
14203  -27.799  -68.143  -21.246 0.5000000000
15111  -29.386  -68.045  -21.741 0.5000000000
15112  -30.358  -68.185  -21.933 0.5000000000
14204  -28.365  -68.141  -21.433 0.5000000000
13343  -31.023  -69.013  -22.239 0.6000000238
14211  -31.333  -68.723  -22.542 0.5000000000
15118  -31.063  -68.366  -22.271 0.5000000000
15119  -31.685  -68.340  -22.394 0.6999999881
15113  -31.558  -67.876  -21.951 0.6000000238
15105  -33.318  -67.301  -21.469 0.6000000238
16025  -25.769  -66.428  -20.310 0.5000000000
112836  -26.820  -66.906  -20.788 0.5000000000
15099  -28.082  -67.162  -21.001 0.5000000000
15101  -29.473  -67.738  -21.427 0.5000000000
15100  -28.871  -67.859  -21.618 0.5000000000
15121  -33.147  -68.271  -22.253 0.6000000238
15103  -31.467  -67.579  -21.007 0.6000000238
15104  -32.385  -67.519  -21.294 0.5000000000
16028  -33.578  -66.676  -20.953 0.6000000238
16014  -26.846  -66.168  -20.218 0.5000000000
16026  -27.467  -66.630  -20.596 0.5000000000
15084  -28.761  -66.962  -19.701 0.5000000000
109196  -28.709  -67.288  -20.838 0.5000000000
110850  -31.306  -67.412  -20.127 0.5000000000
15115  -33.771  -67.824  -22.065 0.6000000238
15087  -32.089  -67.354  -20.126 0.5000000000
16953  -26.208  -65.723  -19.994 0.5000000000
16015  -27.391  -66.196  -19.640 0.5000000000
15998  -28.098  -66.504  -19.289 0.5000000000
15068  -29.454  -67.275  -18.956 0.5000000000
15999  -30.793  -67.059  -18.229 0.6000000238
15069  -30.299  -67.281  -19.003 0.4000000060
15989  -31.948  -66.111  -17.830 0.4000000060
15070  -31.159  -67.084  -18.830 0.5000000000
16017  -31.848  -66.800  -18.832 0.5000000000
15085  -30.744  -67.343  -19.659 0.4000000060
16932  -32.313  -65.361  -17.362 0.4000000060
16933  -33.013  -65.131  -17.964 0.5000000000
16001  -32.302  -66.372  -18.555 0.5000000000
17855  -32.794  -64.524  -17.466 0.4000000060
16018  -32.503  -66.841  -19.369 0.6000000238
16019  -33.247  -66.381  -19.945 0.6000000238
121256  -34.108  -65.352  -20.335 0.6000000238
17872  -34.388  -63.897  -20.150 0.6000000238
16000  -31.541  -66.640  -18.272 0.5000000000
17856  -33.334  -64.458  -18.259 0.5000000000
16942  -33.361  -65.241  -18.750 0.5000000000
19648  -32.720  -62.713  -17.656 0.4000000060
111896  -33.063  -62.862  -18.375 0.5000000000
17863  -33.684  -64.353  -19.106 0.6000000238
125214  -33.725  -64.991  -19.308 0.6000000238
17871  -33.975  -63.909  -19.606 0.6000000238
18796  -33.412  -63.454  -18.731 0.5000000000
21204  -31.760  -60.116  -18.422 0.3000000119
20460  -32.190  -60.926  -18.594 0.4000000060
19651  -32.690  -61.925  -18.664 0.5000000000
18805  -34.093  -63.068  -19.697 0.6000000238
22468  -34.160  -58.457  -15.996 0.3000000119
22475  -33.584  -59.099  -16.430 0.4000000060
112579  -32.586  -59.207  -17.090 0.4000000060
24672  -34.728  -55.308  -16.309 0.3000000119
26379  -35.898  -53.644  -17.213 0.3000000119
27310  -35.522  -52.934  -16.853 0.3000000119
27315  -36.193  -53.095  -17.229 0.3000000119
27311  -36.285  -52.393  -16.900 0.3000000119
29139  -36.260  -50.448  -16.044 0.3000000119
30050  -36.766  -49.726  -15.714 0.3000000119
23836  -34.711  -56.307  -16.009 0.3000000119
13349  -32.164  -69.253  -22.378 0.5000000000
15098  -27.429  -67.558  -21.073 0.5000000000
15086  -31.635  -67.192  -19.386 0.5000000000
16949  -33.614  -65.547  -19.659 0.6000000238
14143  -32.523  -68.415  -14.483 0.3000000119
13271  -29.890  -69.973  -15.099 0.6000000238
13261  -30.926  -69.153  -14.920 0.6000000238
14980  -35.479  -67.662  -13.009 0.3000000119
14128  -35.250  -67.949  -13.584 0.3000000119
14145  -34.835  -68.068  -14.166 0.3000000119
14127  -34.452  -68.368  -13.286 0.3000000119
117897  -34.004  -68.321  -14.055 0.3000000119
15018  -35.022  -67.827  -14.830 0.3000000119
13260  -30.394  -69.685  -14.416 0.6000000238
110761  -31.733  -68.661  -14.905 0.5000000000
120467  -35.518  -66.558  -12.538 0.3000000119
15004  -35.787  -67.361  -13.604 0.3000000119
110396  -36.201  -67.124  -14.306 0.3000000119
14126  -33.577  -68.490  -13.335 0.3000000119
114797  -32.976  -68.360  -13.831 0.3000000119
14125  -32.070  -68.762  -13.747 0.4000000060
13326  -25.121  -68.539  -20.493 0.4000000060
15927  -35.498  -66.853  -11.909 0.3000000119
15945  -35.716  -66.606  -13.178 0.3000000119
16907  -35.572  -65.935  -13.586 0.3000000119
114791  -35.982  -66.701  -13.783 0.3000000119
9435  -26.360  -74.923  -19.181 0.5000000000
107516  -26.958  -75.253  -17.613 0.5000000000
10248  -24.809  -73.269  -21.135 0.4000000060
9434  -25.936  -74.098  -19.783 0.4000000060
8629  -26.869  -75.256  -19.514 0.5000000000
10177  -27.660  -73.707  -15.416 0.5000000000
9384  -26.825  -74.536  -16.502 0.5000000000
9417  -25.891  -74.223  -18.692 0.5000000000
9403  -26.494  -74.654  -17.167 0.5000000000
10238  -25.413  -73.474  -19.248 0.4000000060
10934  -29.010  -72.524  -13.861 0.6000000238
10968  -27.944  -72.912  -15.191 0.6000000238
10967  -27.483  -73.113  -15.915 0.5000000000
122508  -26.761  -74.063  -16.221 0.5000000000
10226  -25.609  -73.417  -18.295 0.3000000119
10213  -26.299  -73.917  -16.819 0.5000000000
11701  -29.323  -71.401  -13.986 0.6000000238
11728  -28.392  -72.024  -15.201 0.6000000238
10980  -27.900  -72.412  -15.937 0.6000000238
10990  -26.329  -73.075  -17.052 0.4000000060
10197  -26.848  -73.305  -16.467 0.5000000000
12477  -30.387  -70.348  -13.697 0.6000000238
14104  -32.770  -68.632  -13.054 0.3000000119
13247  -31.493  -69.454  -13.366 0.4000000060
11716  -28.994  -71.225  -14.770 0.6000000238
10979  -27.386  -72.525  -16.477 0.4000000060
14105  -33.550  -68.761  -12.516 0.3000000119
14107  -35.002  -68.158  -12.744 0.3000000119
13246  -30.879  -69.720  -13.753 0.5000000000
11729  -28.859  -71.238  -15.866 0.6000000238
12492  -29.657  -70.497  -14.368 0.6000000238
11715  -28.827  -71.967  -14.259 0.6000000238
13248  -32.165  -69.144  -12.852 0.3000000119
10935  -29.491  -72.079  -13.683 0.5000000000
10936  -30.232  -72.025  -13.403 0.5000000000
126935  -29.825  -71.506  -13.618 0.5000000000
11682  -31.109  -71.404  -13.047 0.4000000060
11681  -30.881  -70.742  -13.218 0.5000000000
118138  -30.415  -72.650  -13.450 0.5000000000
10133  -29.597  -72.815  -13.619 0.5000000000
10937  -31.065  -72.199  -13.202 0.4000000060
109667  -31.901  -71.142  -12.642 0.4000000060
12460  -31.528  -70.667  -12.839 0.4000000060
12478  -31.154  -70.141  -13.270 0.5000000000
10178  -28.251  -73.559  -14.728 0.5000000000
10156  -28.876  -73.260  -14.063 0.5000000000
8708  -31.384  -75.117  -25.137 0.3000000119
7954  -31.429  -75.617  -25.563 0.3000000119
8692  -31.500  -75.150  -24.761 0.3000000119
8676  -30.866  -75.731  -23.283 0.3000000119
7932  -31.648  -76.566  -22.904 0.4000000060
9465  -30.561  -74.375  -24.092 0.3000000119
7901  -31.996  -76.452  -21.059 0.4000000060
7918  -30.857  -76.322  -21.992 0.4000000060
9464  -29.600  -74.047  -23.677 0.3000000119
7886  -32.166  -76.170  -20.234 0.4000000060
8634  -31.476  -75.806  -19.401 0.4000000060
7899  -30.229  -75.941  -21.160 0.4000000060
8660  -30.112  -75.649  -22.255 0.4000000060
8674  -29.018  -74.588  -22.499 0.4000000060
8659  -29.409  -75.456  -21.521 0.4000000060
9419  -33.349  -74.787  -18.280 0.3000000119
8635  -32.418  -75.690  -19.483 0.4000000060
8616  -31.866  -75.516  -18.651 0.4000000060
8633  -30.565  -75.781  -19.445 0.4000000060
8632  -29.680  -75.692  -19.595 0.4000000060
8646  -29.604  -75.699  -20.468 0.4000000060
8658  -28.546  -75.172  -21.325 0.4000000060
9388  -33.407  -74.384  -16.736 0.3000000119
8602  -32.416  -75.110  -18.022 0.4000000060
8600  -30.404  -75.479  -17.444 0.4000000060
8601  -31.422  -75.363  -17.764 0.4000000060
117435  -29.869  -75.671  -17.957 0.4000000060
112999  -29.085  -75.808  -17.941 0.4000000060
8614  -29.784  -75.712  -18.714 0.4000000060
119140  -28.783  -75.726  -18.838 0.4000000060
8631  -28.883  -75.627  -19.853 0.4000000060
113795  -28.130  -75.471  -20.262 0.4000000060
9386  -31.800  -74.666  -16.289 0.4000000060
8584  -31.050  -75.172  -16.826 0.4000000060
8598  -28.592  -75.703  -17.147 0.4000000060
8613  -28.219  -75.792  -17.921 0.4000000060
122679  -27.773  -74.962  -21.069 0.4000000060
127122  -28.185  -75.651  -19.378 0.4000000060
9455  -28.161  -74.452  -22.161 0.4000000060
9385  -30.769  -74.972  -15.904 0.4000000060
8565  -29.921  -75.411  -16.423 0.4000000060
8582  -28.252  -75.388  -16.307 0.4000000060
8597  -27.664  -75.495  -17.128 0.4000000060
8644  -27.305  -75.189  -20.224 0.4000000060
8611  -26.955  -75.433  -18.656 0.4000000060
9368  -29.819  -75.042  -15.494 0.4000000060
9367  -28.941  -74.809  -15.222 0.4000000060
8562  -27.858  -74.919  -15.835 0.4000000060
121152  -31.087  -73.600  -14.064 0.4000000060
9349  -29.695  -74.417  -14.773 0.4000000060
9348  -28.821  -74.087  -14.592 0.4000000060
10914  -31.971  -71.818  -12.850 0.3000000119
11683  -32.561  -71.347  -12.330 0.3000000119
8581  -27.425  -75.035  -16.356 0.4000000060
10157  -29.559  -73.632  -14.115 0.4000000060
12461  -32.347  -70.576  -12.309 0.3000000119
9366  -28.130  -74.418  -15.277 0.4000000060
7900  -31.060  -76.352  -21.014 0.4000000060
7885  -31.267  -76.142  -20.192 0.4000000060
7884  -30.416  -75.897  -20.272 0.4000000060
9405  -32.934  -74.645  -17.468 0.4000000060
120214  -33.984  -74.296  -16.492 0.3000000119
8615  -30.763  -75.619  -18.487 0.4000000060
9387  -32.694  -74.381  -16.185 0.3000000119
125311  -32.590  -74.589  -16.775 0.4000000060
126709  -31.374  -74.545  -15.512 0.4000000060
8564  -29.032  -75.328  -15.881 0.4000000060
117499  -27.814  -75.682  -18.669 0.4000000060
118953  -30.476  -73.976  -14.399 0.4000000060
7888  -34.273  -75.677  -20.273 0.3000000119
7921  -34.336  -77.187  -21.888 0.3000000119
7920  -33.007  -76.841  -22.013 0.3000000119
7902  -33.144  -76.389  -21.244 0.3000000119
7887  -33.235  -75.928  -20.335 0.3000000119
8618  -34.048  -75.290  -19.133 0.3000000119
8617  -32.854  -75.275  -18.837 0.3000000119
9369  -32.140  -74.281  -15.557 0.3000000119
9350  -31.477  -74.107  -14.794 0.3000000119
111894  -31.788  -72.469  -13.228 0.3000000119
9420  -34.366  -74.705  -18.532 0.3000000119
109259  -30.618  -74.588  -15.104 0.3000000119
7919  -31.838  -76.620  -21.945 0.4000000060
8563  -28.404  -75.036  -15.664 0.4000000060
8583  -29.024  -75.571  -16.545 0.4000000060
8596  -26.981  -75.070  -16.869 0.4000000060
8599  -29.458  -75.638  -17.225 0.4000000060
8612  -27.501  -75.579  -17.978 0.4000000060
8630  -27.483  -75.520  -19.418 0.4000000060
8645  -28.909  -75.525  -20.653 0.4000000060
8675  -29.676  -74.890  -22.613 0.3000000119
9365  -27.345  -74.387  -15.893 0.5000000000
9370  -32.897  -74.122  -15.636 0.3000000119
9402  -26.018  -74.078  -17.669 0.5000000000
9404  -32.028  -74.942  -17.184 0.4000000060
9406  -33.872  -74.462  -17.718 0.3000000119
9418  -26.399  -74.818  -18.134 0.5000000000
10134  -31.224  -72.963  -13.534 0.3000000119
10158  -30.313  -73.267  -13.721 0.4000000060
10198  -27.163  -73.746  -15.927 0.5000000000
10280  -23.867  -72.802  -23.865 0.4000000060
10954  -28.469  -72.737  -14.426 0.6000000238
11009  -25.098  -72.699  -18.783 0.4000000060
11026  -23.727  -72.670  -21.483 0.4000000060
11700  -29.123  -71.984  -13.902 0.6000000238
11702  -30.357  -71.157  -13.421 0.5000000000
11738  -27.852  -72.031  -16.522 0.4000000060
12476  -29.855  -70.934  -13.771 0.6000000238
12504  -29.407  -70.563  -15.436 0.6999999881
12521  -25.640  -70.659  -17.841 0.5000000000
12522  -26.355  -70.741  -17.585 0.5000000000
12534  -26.117  -69.999  -18.050 0.5000000000
13273  -31.141  -68.939  -15.979 0.6999999881
13301  -29.256  -70.026  -18.886 0.6000000238
13315  -26.646  -69.194  -19.516 0.6000000238
13322  -32.225  -69.608  -20.873 0.6999999881
13345  -32.493  -69.557  -21.737 0.6000000238
13347  -34.212  -68.854  -21.475 0.6999999881
13348  -31.429  -68.996  -22.558 0.5000000000
14144  -33.344  -68.197  -14.688 0.4000000060
14172  -32.195  -68.544  -17.650 0.6999999881
14196  -29.502  -68.727  -20.840 0.6999999881
14197  -35.662  -68.473  -21.164 0.8000000119
14205  -29.233  -68.147  -21.648 0.6000000238
14207  -33.651  -69.133  -22.035 0.6999999881
14208  -34.167  -68.699  -21.815 0.8000000119
14210  -31.019  -68.594  -22.356 0.5000000000
14212  -31.849  -68.869  -22.627 0.5000000000
14213  -32.883  -68.945  -22.404 0.5000000000
15049  -37.404  -67.241  -16.959 0.6000000238
15063  -37.697  -67.151  -17.915 0.6000000238
15090  -37.004  -68.060  -20.644 0.8000000119
15102  -30.516  -67.581  -20.927 0.5000000000
15109  -28.150  -67.872  -21.408 0.5000000000
15110  -28.722  -68.033  -21.658 0.5000000000
15114  -32.907  -67.786  -22.090 0.6999999881
15120  -32.399  -68.343  -22.364 0.6000000238
15990  -38.329  -66.341  -17.781 0.6000000238
16002  -33.045  -66.098  -19.002 0.6000000238
16003  -38.793  -66.834  -18.713 0.6000000238
16016  -28.116  -66.604  -20.216 0.5000000000
16023  -41.129  -66.691  -21.040 0.6000000238
16027  -32.875  -67.084  -20.411 0.5000000000
16034  -33.924  -67.139  -21.617 0.6999999881
16035  -34.474  -67.524  -21.665 0.6000000238
16941  -32.697  -65.734  -18.231 0.5000000000
16960  -40.952  -66.267  -21.223 0.6000000238
17873  -41.182  -65.545  -20.264 0.5000000000
17876  -34.966  -63.932  -20.706 0.6999999881
17878  -37.016  -64.569  -20.591 0.6999999881
17881  -41.322  -64.844  -21.349 0.5000000000
18795  -33.097  -63.635  -17.857 0.5000000000
18806  -42.440  -64.021  -20.794 0.5000000000
18814  -42.450  -63.929  -21.147 0.5000000000
19654  -39.443  -62.561  -17.817 0.3000000119
19656  -33.093  -61.958  -19.258 0.6000000238
19668  -42.532  -62.673  -21.182 0.5000000000
20468  -34.529  -61.522  -19.456 0.6000000238
20474  -43.048  -62.092  -20.084 0.4000000060
20475  -42.874  -62.739  -20.801 0.5000000000
20478  -36.503  -61.831  -19.472 0.6000000238
21223  -43.646  -60.223  -20.018 0.4000000060
21843  -35.022  -59.838  -16.653 0.5000000000
21858  -43.660  -59.990  -19.505 0.4000000060
21860  -41.871  -59.765  -20.424 0.4000000060
21862  -43.469  -60.092  -20.254 0.4000000060
22482  -36.190  -59.043  -17.082 0.5000000000
23133  -38.907  -57.778  -18.991 0.4000000060
23139  -44.114  -57.665  -19.843 0.4000000060
23837  -35.472  -55.979  -16.538 0.4000000060
24686  -44.268  -55.733  -18.568 0.3000000119
24687  -44.334  -55.759  -19.372 0.3000000119
24691  -44.129  -55.935  -19.764 0.4000000060
25500  -38.183  -54.741  -15.744 0.4000000060
25503  -38.836  -54.569  -16.104 0.4000000060
25519  -40.061  -54.869  -19.149 0.4000000060
29147  -38.309  -49.844  -16.855 0.4000000060
105304  -32.809  -68.419  -18.231 0.6000000238
106821  -26.378  -66.450  -20.431 0.5000000000
107444  -31.190  -76.121  -25.825 0.3000000119
107713  -30.507  -69.703  -19.510 0.6000000238
110234  -40.637  -64.904  -21.401 0.6000000238
110852  -43.158  -61.472  -20.405 0.4000000060
112152  -35.612  -68.557  -20.747 0.8000000119
114206  -34.014  -64.705  -19.826 0.6000000238
114258  -32.149  -67.895  -22.125 0.6999999881
114411  -24.999  -73.356  -22.110 0.4000000060
114438  -30.197  -74.815  -23.229 0.3000000119
115188  -33.299  -75.510  -19.592 0.3000000119
115586  -35.690  -67.120  -12.730 0.3000000119
116144  -31.185  -69.197  -14.127 0.5000000000
116450  -42.372  -57.323  -20.044 0.4000000060
116852  -43.577  -55.198  -19.791 0.5000000000
116953  -39.333  -55.099  -18.799 0.4000000060
118334  -33.729  -63.498  -19.270 0.5000000000
118509  -29.657  -67.317  -20.090 0.4000000060
118535  -35.808  -61.674  -19.530 0.6000000238
120419  -38.159  -57.726  -18.430 0.4000000060
122063  -30.076  -67.349  -18.311 0.6000000238
122167  -37.120  -55.148  -17.653 0.4000000060
122187  -38.568  -57.422  -16.398 0.4000000060
122934  -30.917  -67.895  -21.786 0.5000000000
124580  -33.144  -74.292  -16.105 0.3000000119
124584  -35.016  -68.535  -20.268 0.8000000119
125845  -42.052  -64.369  -21.135 0.5000000000
126825  -38.084  -67.698  -20.877 0.6000000238
127215  -28.479  -67.669  -21.364 0.5000000000
127367  -39.610  -57.652  -19.368 0.4000000060
