#!ascii label  , from subject freesurfer vox2ras=TkReg
1952
123918  -34.561  -47.903  -15.049 0.5000000000
31780  -35.148  -47.655  -14.427 0.5000000000
31769  -34.926  -46.926  -13.985 0.4000000060
32601  -35.412  -46.415  -13.428 0.5000000000
33485  -35.911  -45.095  -12.924 0.5000000000
116020  -35.080  -26.100  -15.224 0.5000000000
51063  -35.474  -25.495  -14.912 0.4000000060
51933  -34.739  -24.521  -15.394 0.4000000060
52815  -35.239  -23.689  -15.191 0.6000000238
51919  -36.212  -23.680  -14.336 0.5000000000
111243  -34.651  -22.783  -15.721 0.5000000000
52816  -35.684  -22.908  -14.813 0.4000000060
52808  -36.475  -22.927  -13.878 0.4000000060
116422  -34.183  -49.928  -16.173 0.5000000000
30903  -35.330  -48.434  -14.860 0.4000000060
117880  -35.968  -48.045  -14.337 0.5000000000
31781  -36.562  -47.572  -14.331 0.5000000000
32602  -36.332  -46.300  -13.624 0.5000000000
33497  -36.568  -45.538  -13.384 0.5000000000
34317  -36.534  -44.243  -12.776 0.5000000000
49310  -34.751  -27.800  -15.276 0.5000000000
49322  -35.090  -26.981  -15.213 0.5000000000
50186  -35.877  -26.427  -14.806 0.5000000000
51926  -36.015  -24.660  -14.568 0.6000000238
54598  -38.000  -20.734  -10.984 0.3000000119
54604  -37.595  -21.213  -11.730 0.3000000119
53717  -36.939  -21.567  -12.917 0.4000000060
53725  -36.711  -22.210  -13.417 0.3000000119
30910  -34.421  -48.580  -15.499 0.5000000000
113020  -35.813  -45.856  -13.199 0.5000000000
31770  -35.896  -47.165  -13.926 0.5000000000
35102  -36.154  -43.526  -12.300 0.5000000000
51064  -36.524  -25.777  -14.446 0.6000000238
56222  -37.722  -19.916  -10.941 0.3000000119
123630  -37.248  -20.740  -12.215 0.3000000119
19632  -34.304  -62.658  -12.474 0.3000000119
20446  -34.311  -61.763  -12.500 0.3000000119
19635  -34.474  -62.826  -13.465 0.4000000060
119006  -34.542  -62.138  -13.920 0.4000000060
18779  -34.664  -63.560  -13.859 0.4000000060
19638  -34.702  -62.895  -14.308 0.4000000060
19639  -34.927  -62.186  -14.754 0.4000000060
18783  -35.191  -63.074  -15.121 0.4000000060
19644  -36.189  -62.189  -16.059 0.4000000060
20455  -36.772  -61.404  -16.101 0.4000000060
20443  -34.345  -61.242  -11.837 0.3000000119
111788  -34.381  -61.062  -12.555 0.3000000119
21184  -34.555  -60.371  -12.919 0.4000000060
112419  -34.491  -61.360  -13.323 0.4000000060
20448  -34.838  -61.403  -14.276 0.4000000060
21188  -35.410  -60.697  -14.622 0.4000000060
19643  -35.528  -62.185  -15.436 0.4000000060
20452  -36.035  -61.439  -15.593 0.4000000060
21199  -37.726  -59.932  -16.238 0.4000000060
21198  -37.254  -60.605  -16.108 0.4000000060
106139  -34.426  -58.376  -11.006 0.3000000119
106119  -34.459  -58.816  -11.613 0.3000000119
22458  -34.579  -58.297  -12.323 0.3000000119
21185  -34.930  -59.881  -13.513 0.4000000060
22460  -35.216  -59.084  -13.760 0.4000000060
21187  -34.879  -60.597  -13.823 0.4000000060
108898  -35.390  -59.911  -14.229 0.4000000060
21189  -36.104  -60.053  -15.036 0.4000000060
21192  -36.523  -60.674  -15.604 0.4000000060
22469  -36.991  -58.326  -15.407 0.4000000060
21193  -36.978  -59.800  -15.661 0.4000000060
23835  -37.967  -56.066  -15.849 0.4000000060
23834  -37.482  -56.837  -15.607 0.4000000060
21837  -37.571  -59.162  -16.019 0.4000000060
23092  -34.467  -57.777  -10.605 0.3000000119
120286  -34.460  -58.990  -10.841 0.3000000119
23099  -34.458  -57.751  -11.601 0.3000000119
115974  -35.159  -58.183  -13.559 0.3000000119
21834  -35.949  -59.217  -14.640 0.4000000060
22462  -36.485  -58.665  -15.089 0.4000000060
24670  -36.853  -56.347  -15.149 0.4000000060
112937  -36.544  -57.924  -15.112 0.4000000060
21835  -36.521  -59.325  -15.207 0.4000000060
124701  -37.391  -56.025  -15.448 0.4000000060
24671  -37.673  -55.269  -15.498 0.4000000060
23810  -34.447  -56.833  -10.974 0.3000000119
24656  -34.379  -55.836  -10.873 0.3000000119
111491  -34.448  -56.685  -12.033 0.3000000119
23815  -34.497  -55.683  -11.813 0.3000000119
121596  -34.931  -56.825  -12.878 0.4000000060
109206  -35.478  -56.884  -13.606 0.4000000060
116310  -35.856  -56.928  -14.239 0.4000000060
114012  -35.839  -58.280  -14.463 0.4000000060
26361  -35.834  -53.413  -13.384 0.3000000119
24666  -35.871  -55.139  -14.084 0.4000000060
23110  -36.122  -57.404  -14.671 0.4000000060
25494  -36.427  -54.415  -14.428 0.3000000119
123844  -36.532  -55.147  -14.673 0.4000000060
24667  -36.381  -55.844  -14.637 0.4000000060
25495  -37.055  -54.748  -15.016 0.4000000060
25455  -35.389  -54.428  -7.879 0.3000000119
25466  -34.815  -54.851  -8.515 0.3000000119
26313  -35.881  -53.082  -7.101 0.3000000119
123193  -34.392  -56.372  -10.198 0.3000000119
25472  -34.490  -54.904  -9.431 0.3000000119
24649  -34.401  -55.681  -9.868 0.3000000119
114854  -34.373  -54.998  -10.410 0.3000000119
26349  -34.475  -53.702  -10.507 0.3000000119
112518  -34.425  -55.102  -11.198 0.3000000119
25485  -34.688  -54.736  -11.766 0.3000000119
25486  -35.155  -54.177  -12.402 0.3000000119
24658  -34.954  -55.144  -12.516 0.3000000119
26360  -35.498  -53.368  -12.685 0.3000000119
23821  -35.285  -56.311  -13.266 0.3000000119
115066  -35.499  -53.946  -13.112 0.3000000119
25488  -35.407  -54.682  -13.205 0.4000000060
27298  -36.268  -52.796  -13.613 0.3000000119
27302  -36.834  -52.880  -14.267 0.4000000060
105592  -37.195  -52.276  -14.397 0.4000000060
118164  -37.498  -52.811  -14.881 0.4000000060
26328  -35.275  -53.565  -7.756 0.3000000119
26327  -34.836  -53.309  -8.394 0.3000000119
109291  -35.187  -52.717  -7.739 0.3000000119
26341  -34.591  -54.008  -9.043 0.3000000119
117561  -34.508  -53.597  -9.840 0.3000000119
27283  -34.992  -52.538  -11.363 0.3000000119
26355  -34.672  -53.464  -11.169 0.3000000119
28221  -35.489  -51.844  -11.825 0.3000000119
26356  -35.154  -53.368  -11.926 0.3000000119
25481  -34.813  -54.009  -11.660 0.3000000119
28214  -36.065  -51.286  -12.043 0.3000000119
27297  -35.818  -52.743  -13.004 0.3000000119
28222  -35.846  -51.889  -12.527 0.3000000119
114313  -36.358  -51.353  -12.777 0.3000000119
28237  -36.720  -52.170  -13.844 0.3000000119
28233  -37.103  -50.980  -13.709 0.3000000119
28243  -37.727  -51.998  -14.828 0.4000000060
27227  -36.272  -52.418  -6.955 0.3000000119
28166  -37.010  -52.165  -6.955 0.3000000119
27242  -35.242  -51.869  -7.984 0.3000000119
29057  -38.695  -51.080  -7.169 0.3000000119
29046  -38.920  -50.111  -6.900 0.3000000119
27241  -34.885  -52.440  -8.612 0.3000000119
125900  -35.471  -51.337  -8.307 0.3000000119
111227  -39.469  -49.940  -7.292 0.3000000119
29098  -35.536  -50.810  -10.811 0.3000000119
29081  -35.514  -50.741  -9.722 0.3000000119
27274  -34.878  -52.143  -10.578 0.3000000119
28213  -35.637  -51.237  -11.475 0.3000000119
110536  -35.166  -51.633  -11.089 0.3000000119
126822  -35.966  -50.120  -11.060 0.3000000119
29125  -36.784  -50.801  -13.143 0.3000000119
28238  -37.269  -51.545  -14.176 0.4000000060
29132  -37.602  -50.746  -14.150 0.4000000060
27307  -38.872  -52.212  -15.521 0.5000000000
28165  -36.291  -51.664  -7.149 0.3000000119
28156  -37.835  -50.931  -6.862 0.3000000119
116688  -36.325  -50.908  -7.496 0.3000000119
29045  -38.139  -50.201  -6.716 0.3000000119
28188  -35.216  -51.533  -8.984 0.3000000119
29069  -35.671  -50.703  -8.629 0.3000000119
29965  -39.903  -49.475  -7.408 0.3000000119
29967  -41.270  -49.375  -8.179 0.3000000119
29989  -35.807  -49.952  -9.363 0.3000000119
29975  -35.971  -49.909  -8.584 0.3000000119
121062  -40.471  -48.816  -7.410 0.3000000119
30005  -36.034  -49.221  -9.922 0.3000000119
126160  -41.863  -49.021  -8.090 0.3000000119
30876  -36.664  -48.660  -11.107 0.3000000119
30013  -36.253  -49.346  -10.887 0.3000000119
31717  -43.925  -47.735  -8.714 0.3000000119
29107  -36.518  -50.544  -12.342 0.3000000119
30884  -36.719  -49.112  -11.647 0.3000000119
29116  -36.971  -50.169  -12.925 0.3000000119
29126  -37.270  -50.368  -13.535 0.3000000119
30040  -37.892  -49.997  -13.965 0.4000000060
29140  -38.770  -50.957  -15.133 0.5000000000
29964  -36.612  -49.747  -7.534 0.3000000119
29044  -37.207  -50.154  -6.981 0.3000000119
29956  -39.201  -49.342  -6.699 0.3000000119
29976  -36.322  -49.437  -8.178 0.3000000119
30829  -37.392  -48.785  -7.085 0.3000000119
29954  -37.702  -49.423  -6.763 0.3000000119
29955  -38.508  -49.373  -6.550 0.3000000119
29990  -36.117  -49.234  -8.999 0.3000000119
30866  -36.466  -48.582  -10.403 0.3000000119
121291  -41.289  -48.465  -7.577 0.3000000119
31704  -42.274  -47.341  -7.392 0.3000000119
31716  -43.372  -47.608  -8.274 0.3000000119
33438  -44.459  -45.491  -8.308 0.3000000119
32535  -43.275  -46.462  -7.623 0.3000000119
31739  -37.280  -47.360  -10.532 0.3000000119
30877  -37.157  -48.348  -11.663 0.3000000119
30885  -37.553  -48.471  -12.436 0.3000000119
30893  -37.823  -48.752  -13.130 0.3000000119
31690  -37.716  -48.148  -6.909 0.3000000119
30818  -38.128  -48.667  -6.558 0.3000000119
30853  -36.408  -48.521  -9.516 0.3000000119
31701  -37.742  -47.438  -7.255 0.3000000119
30843  -37.189  -48.166  -7.683 0.3000000119
124667  -38.234  -47.178  -6.838 0.3000000119
116430  -38.402  -47.750  -6.560 0.3000000119
31692  -39.946  -47.049  -6.526 0.3000000119
30820  -39.744  -47.983  -6.669 0.3000000119
31738  -36.775  -47.891  -10.050 0.3000000119
31714  -37.262  -47.318  -8.805 0.3000000119
113670  -37.322  -47.487  -8.054 0.3000000119
32521  -38.700  -46.791  -6.599 0.3000000119
33423  -39.735  -45.597  -6.627 0.3000000119
127245  -41.130  -46.276  -6.498 0.3000000119
31693  -40.854  -46.929  -6.648 0.3000000119
32558  -37.624  -46.701  -9.205 0.3000000119
126664  -42.043  -45.194  -6.575 0.3000000119
32525  -41.775  -45.893  -6.572 0.3000000119
34269  -43.296  -44.433  -7.159 0.3000000119
33427  -43.273  -45.282  -7.261 0.3000000119
33437  -43.132  -45.957  -7.311 0.3000000119
35065  -44.512  -43.975  -7.916 0.3000000119
34270  -44.044  -44.857  -7.769 0.3000000119
32581  -37.789  -46.794  -11.004 0.4000000060
34280  -45.897  -44.505  -8.686 0.3000000119
31760  -37.820  -47.764  -12.122 0.4000000060
35075  -47.543  -43.684  -8.980 0.3000000119
30886  -38.227  -48.046  -12.855 0.3000000119
30894  -38.662  -48.426  -13.531 0.4000000060
35077  -48.875  -43.507  -9.487 0.3000000119
29134  -39.138  -50.191  -14.919 0.5000000000
29141  -39.447  -50.638  -15.468 0.5000000000
107571  -38.213  -46.127  -7.752 0.3000000119
33436  -39.320  -45.094  -6.948 0.3000000119
33424  -40.581  -45.280  -6.560 0.3000000119
34258  -42.574  -43.950  -6.704 0.3000000119
35054  -43.288  -43.579  -6.980 0.3000000119
35056  -44.883  -43.106  -7.830 0.3000000119
31752  -38.199  -47.041  -11.787 0.4000000060
32582  -38.557  -46.332  -11.453 0.5000000000
35066  -45.298  -43.844  -8.320 0.3000000119
35067  -46.121  -43.593  -8.517 0.4000000060
118918  -47.873  -42.867  -8.884 0.4000000060
31761  -38.641  -47.299  -12.569 0.5000000000
31771  -39.129  -47.638  -13.280 0.6000000238
35076  -48.179  -43.595  -9.259 0.3000000119
30905  -39.174  -48.893  -14.171 0.6000000238
114041  -39.790  -49.834  -15.328 0.6000000238
33446  -38.381  -45.546  -8.269 0.3000000119
34267  -39.090  -44.714  -7.482 0.3000000119
35040  -40.983  -43.302  -6.770 0.3000000119
32559  -38.113  -46.127  -9.682 0.3000000119
34255  -40.353  -43.912  -6.979 0.3000000119
35041  -41.738  -43.396  -6.594 0.3000000119
35042  -42.610  -43.046  -6.635 0.3000000119
35823  -43.616  -42.252  -7.005 0.4000000060
32572  -38.255  -46.204  -10.596 0.4000000060
35055  -44.020  -43.163  -7.301 0.4000000060
35824  -44.466  -42.272  -7.411 0.4000000060
33476  -38.858  -45.626  -11.101 0.5000000000
35825  -45.276  -42.210  -7.753 0.4000000060
35830  -45.988  -42.107  -8.041 0.4000000060
36594  -46.989  -41.121  -8.602 0.4000000060
32590  -39.015  -46.507  -12.296 0.5000000000
32583  -39.360  -45.826  -11.903 0.6000000238
123394  -46.261  -42.787  -8.338 0.4000000060
35831  -46.672  -42.044  -8.359 0.4000000060
35837  -48.224  -41.890  -8.983 0.4000000060
36602  -48.382  -41.049  -9.502 0.4000000060
31762  -39.620  -46.863  -12.997 0.6000000238
117329  -48.573  -42.746  -9.256 0.3000000119
35838  -48.889  -41.760  -9.451 0.4000000060
31772  -40.181  -47.236  -13.676 0.6000000238
30906  -40.053  -48.381  -14.766 0.6000000238
30049  -40.613  -49.241  -15.956 0.6999999881
34277  -38.749  -44.749  -8.308 0.3000000119
35063  -39.911  -43.668  -7.618 0.3000000119
36575  -41.824  -41.964  -6.940 0.3000000119
33456  -38.482  -45.332  -9.210 0.3000000119
107016  -38.982  -44.438  -9.230 0.3000000119
35813  -42.122  -42.503  -6.699 0.3000000119
36583  -43.052  -41.645  -7.001 0.4000000060
34296  -38.944  -44.912  -9.895 0.5000000000
36584  -43.949  -41.461  -7.273 0.4000000060
36592  -45.603  -41.347  -7.855 0.4000000060
34297  -39.758  -44.351  -10.114 0.5000000000
36593  -46.278  -41.263  -8.237 0.4000000060
33469  -39.277  -45.020  -10.685 0.5000000000
33477  -39.677  -45.219  -11.518 0.6000000238
37484  -47.184  -40.688  -9.009 0.4000000060
37496  -48.540  -40.736  -10.233 0.4000000060
32591  -40.175  -46.064  -12.686 0.6000000238
36603  -49.092  -40.950  -9.917 0.4000000060
37510  -49.626  -40.834  -11.367 0.4000000060
31773  -41.113  -46.859  -13.973 0.6999999881
30907  -40.908  -47.528  -15.210 0.6999999881
30915  -40.725  -48.285  -15.617 0.6999999881
35064  -40.202  -43.005  -8.074 0.4000000060
35821  -40.687  -42.441  -7.626 0.4000000060
37470  -42.358  -41.373  -7.290 0.4000000060
124782  -42.578  -40.810  -7.832 0.4000000060
35074  -40.117  -43.070  -8.974 0.4000000060
35829  -40.642  -42.312  -8.540 0.4000000060
37471  -43.294  -40.846  -7.550 0.4000000060
35836  -40.666  -42.589  -9.519 0.4000000060
37472  -44.346  -40.730  -7.700 0.4000000060
37482  -45.503  -40.474  -8.561 0.4000000060
123289  -45.809  -40.807  -8.192 0.4000000060
37483  -46.400  -40.623  -8.732 0.4000000060
37494  -46.833  -40.532  -9.586 0.4000000060
34298  -40.572  -44.023  -10.799 0.6000000238
37495  -47.702  -40.703  -9.745 0.4000000060
37509  -48.846  -40.720  -11.134 0.4000000060
33478  -40.405  -44.964  -11.963 0.6000000238
33486  -40.625  -45.404  -12.726 0.6999999881
32592  -40.924  -46.013  -13.193 0.6999999881
37526  -50.056  -41.433  -12.861 0.4000000060
33499  -40.986  -45.602  -13.478 0.6999999881
115108  -41.674  -48.316  -16.141 0.6999999881
37478  -42.344  -40.649  -8.457 0.4000000060
35084  -40.350  -43.415  -9.931 0.4000000060
36591  -41.777  -41.136  -8.606 0.4000000060
37480  -43.852  -40.203  -8.213 0.4000000060
36610  -41.217  -42.109  -10.007 0.5000000000
37493  -45.812  -40.373  -9.599 0.4000000060
35092  -40.912  -43.557  -11.319 0.6999999881
37507  -46.383  -40.664  -10.621 0.4000000060
35853  -40.981  -42.943  -11.655 0.6999999881
122406  -47.640  -41.094  -11.579 0.4000000060
110561  -40.716  -44.137  -12.491 0.6999999881
37525  -49.318  -41.362  -12.575 0.4000000060
37524  -48.427  -41.202  -12.113 0.4000000060
37539  -50.212  -42.544  -14.551 0.4000000060
31784  -41.236  -47.006  -14.610 0.6999999881
31787  -41.515  -47.005  -15.474 0.6999999881
105080  -50.885  -42.288  -14.773 0.4000000060
39409  -50.930  -40.696  -15.058 0.4000000060
37503  -41.892  -40.813  -10.234 0.4000000060
37490  -42.099  -40.691  -9.305 0.4000000060
112556  -42.705  -40.115  -9.080 0.4000000060
37479  -43.027  -40.282  -8.274 0.4000000060
121901  -40.807  -43.365  -10.723 0.6999999881
36611  -41.507  -41.495  -10.529 0.5000000000
38407  -44.220  -39.871  -8.911 0.4000000060
36623  -41.093  -42.252  -11.577 0.6999999881
37506  -45.581  -40.522  -10.803 0.4000000060
37523  -46.836  -41.426  -11.770 0.4000000060
35104  -40.868  -43.466  -12.027 0.6999999881
37522  -46.101  -41.265  -11.824 0.4000000060
36626  -47.734  -42.286  -13.216 0.4000000060
107606  -40.442  -43.172  -12.854 0.6999999881
34319  -40.747  -44.848  -13.021 0.6999999881
36627  -48.923  -42.730  -13.955 0.4000000060
36628  -49.722  -42.601  -14.251 0.4000000060
36644  -49.927  -42.986  -14.776 0.4000000060
33507  -41.257  -45.741  -14.274 0.6999999881
125192  -41.398  -46.205  -14.589 0.6999999881
38469  -50.336  -41.873  -15.173 0.4000000060
39398  -51.124  -38.576  -14.230 0.4000000060
37491  -42.442  -40.275  -9.980 0.4000000060
38416  -43.048  -39.798  -9.767 0.4000000060
38417  -43.839  -39.799  -9.689 0.4000000060
37504  -42.158  -40.359  -10.886 0.6000000238
38424  -42.761  -39.933  -10.660 0.5000000000
38437  -44.220  -40.001  -11.252 0.5000000000
107624  -44.890  -40.310  -11.021 0.4000000060
35864  -37.057  -42.675  -12.549 0.4000000060
36638  -37.319  -42.010  -12.728 0.5000000000
37519  -41.669  -40.838  -11.177 0.6000000238
105949  -45.444  -40.745  -11.664 0.4000000060
36640  -40.993  -41.593  -12.246 0.6000000238
36625  -46.726  -42.234  -13.242 0.4000000060
35865  -40.685  -42.442  -12.338 0.6000000238
36642  -47.579  -43.502  -14.819 0.4000000060
35872  -40.318  -42.218  -13.235 0.6999999881
36659  -49.084  -42.845  -15.152 0.4000000060
34336  -40.838  -45.230  -14.902 0.6999999881
38468  -49.920  -41.693  -14.776 0.4000000060
39396  -49.981  -39.815  -13.651 0.4000000060
40384  -50.580  -37.879  -13.288 0.4000000060
40393  -50.892  -37.403  -13.861 0.4000000060
38435  -42.531  -40.011  -11.531 0.6000000238
38436  -43.391  -39.847  -11.408 0.5000000000
37521  -44.861  -40.512  -11.966 0.5000000000
106166  -36.438  -40.872  -11.689 0.3000000119
36622  -36.934  -40.904  -12.091 0.4000000060
106143  -37.319  -41.247  -12.663 0.5000000000
38434  -41.915  -40.359  -11.778 0.6000000238
120211  -40.579  -41.665  -12.881 0.6000000238
37538  -45.785  -41.495  -12.838 0.5000000000
36655  -40.437  -41.385  -13.598 0.6999999881
36654  -40.145  -41.918  -14.051 0.8000000119
35112  -40.173  -42.919  -13.879 0.6999999881
36658  -47.818  -43.355  -15.609 0.4000000060
36643  -48.304  -43.598  -14.754 0.4000000060
37558  -49.645  -42.929  -15.167 0.4000000060
109805  -49.415  -41.413  -14.515 0.4000000060
39383  -50.135  -38.587  -13.089 0.4000000060
41294  -50.440  -36.821  -13.501 0.4000000060
38449  -42.384  -39.961  -12.364 0.6000000238
38450  -43.222  -39.860  -12.300 0.6000000238
37520  -44.070  -40.153  -12.187 0.5000000000
37518  -36.884  -40.231  -11.842 0.4000000060
37534  -37.349  -40.262  -12.575 0.4000000060
36639  -40.837  -40.915  -13.087 0.6000000238
38448  -41.769  -40.231  -12.651 0.6000000238
37537  -44.860  -40.698  -13.025 0.5000000000
117841  -40.597  -40.530  -14.067 0.6999999881
38461  -37.702  -39.760  -13.430 0.5000000000
120399  -40.742  -39.491  -14.622 0.6999999881
37571  -40.309  -41.113  -14.444 0.6999999881
37556  -45.804  -41.395  -14.135 0.5000000000
39401  -38.115  -38.837  -14.913 0.6999999881
107456  -38.011  -39.221  -14.164 0.6000000238
37585  -40.183  -40.487  -16.259 0.6999999881
37586  -40.312  -40.144  -15.179 0.6999999881
37570  -40.220  -40.955  -15.248 0.6999999881
36669  -47.300  -42.808  -15.924 0.5000000000
40396  -37.749  -37.544  -15.946 0.6999999881
112124  -37.932  -38.169  -15.433 0.6999999881
36674  -40.200  -41.337  -15.924 0.6999999881
36657  -47.483  -43.373  -15.841 0.4000000060
35885  -40.415  -41.775  -16.633 0.8000000119
37557  -48.707  -43.097  -15.415 0.4000000060
38454  -49.333  -39.866  -13.384 0.4000000060
40375  -49.957  -37.712  -12.664 0.4000000060
41287  -50.096  -37.047  -12.980 0.4000000060
110986  -42.975  -39.780  -13.153 0.6000000238
37536  -43.932  -40.146  -13.415 0.6000000238
37555  -44.952  -40.618  -14.116 0.5000000000
109743  -37.221  -38.753  -11.509 0.4000000060
38433  -37.292  -39.522  -11.972 0.4000000060
38446  -37.599  -39.478  -12.665 0.6999999881
38463  -41.702  -39.769  -13.531 0.6999999881
37554  -41.269  -40.435  -13.034 0.6000000238
106209  -42.308  -39.810  -13.131 0.6000000238
38476  -44.605  -40.065  -15.055 0.5000000000
38447  -37.955  -38.992  -13.203 0.6999999881
38462  -41.272  -39.359  -14.153 0.6999999881
109159  -45.872  -40.885  -15.250 0.5000000000
39390  -38.226  -38.349  -14.053 0.6999999881
36656  -46.664  -42.484  -15.623 0.5000000000
40387  -38.178  -37.395  -14.708 0.6999999881
38487  -40.360  -39.134  -15.736 0.6999999881
41305  -37.896  -36.865  -15.741 0.6999999881
38486  -40.191  -39.601  -16.633 0.6999999881
40397  -41.345  -37.392  -16.675 0.6000000238
39413  -40.141  -38.798  -17.134 0.6000000238
37574  -47.490  -42.870  -15.902 0.4000000060
38466  -47.878  -40.937  -14.596 0.4000000060
42135  -37.899  -35.789  -16.723 0.6999999881
39424  -40.519  -37.982  -17.341 0.6000000238
38467  -48.662  -41.114  -14.416 0.4000000060
39423  -39.701  -38.334  -17.537 0.6000000238
38453  -48.583  -39.783  -13.150 0.4000000060
38440  -48.766  -38.818  -12.373 0.4000000060
39382  -49.528  -38.587  -12.620 0.4000000060
41286  -49.638  -36.844  -12.542 0.4000000060
41293  -49.767  -36.214  -13.178 0.4000000060
121946  -37.292  -37.892  -11.437 0.6000000238
39362  -37.713  -38.092  -11.916 0.6000000238
40370  -38.087  -37.420  -12.428 0.6999999881
39391  -41.316  -38.656  -14.809 0.6000000238
39392  -41.813  -38.746  -14.484 0.6999999881
38474  -43.218  -38.828  -15.006 0.6999999881
38464  -42.577  -39.411  -14.112 0.6000000238
119464  -40.793  -38.774  -15.303 0.6000000238
39378  -38.070  -38.207  -12.823 0.6999999881
39402  -41.467  -38.055  -15.824 0.6000000238
37573  -46.569  -41.205  -15.954 0.5000000000
41298  -38.233  -36.578  -14.794 0.6999999881
40380  -38.341  -37.483  -13.408 0.6999999881
39414  -40.722  -38.401  -16.344 0.6000000238
37588  -46.567  -41.031  -15.997 0.4000000060
119341  -37.992  -35.255  -16.181 0.6999999881
38478  -47.164  -41.055  -15.812 0.4000000060
40402  -40.851  -37.259  -17.473 0.6000000238
38451  -47.232  -39.347  -13.234 0.4000000060
38452  -47.859  -39.640  -13.085 0.4000000060
42141  -38.295  -35.764  -17.208 0.6999999881
42148  -39.658  -35.444  -17.507 0.6999999881
41322  -39.410  -36.341  -17.514 0.6999999881
40409  -40.346  -36.942  -17.607 0.6000000238
38439  -47.876  -38.908  -12.020 0.4000000060
40363  -48.791  -37.324  -11.712 0.4000000060
40374  -49.396  -37.518  -12.172 0.4000000060
41277  -49.071  -36.680  -12.055 0.4000000060
122590  -49.242  -36.061  -12.521 0.4000000060
42117  -49.342  -35.349  -12.963 0.3000000119
110199  -43.439  -39.676  -14.318 0.6000000238
40356  -37.244  -37.118  -11.393 0.5000000000
40389  -43.131  -36.674  -16.054 0.6000000238
39403  -42.131  -37.678  -15.540 0.6000000238
39404  -42.747  -37.896  -15.505 0.6000000238
38475  -43.951  -39.218  -15.486 0.6000000238
111610  -44.808  -39.428  -15.963 0.6000000238
40357  -37.663  -37.296  -11.760 0.6000000238
40388  -42.399  -36.780  -16.308 0.6000000238
38489  -45.437  -38.868  -16.743 0.5000000000
37572  -45.769  -40.037  -16.350 0.4000000060
41283  -38.393  -36.750  -12.880 0.6999999881
38490  -46.131  -39.288  -16.944 0.5000000000
38491  -46.233  -39.564  -16.955 0.4000000060
37587  -46.298  -40.105  -16.559 0.4000000060
113437  -38.503  -36.033  -13.285 0.8000000119
116398  -42.656  -35.975  -16.108 0.6000000238
38477  -46.623  -39.832  -16.210 0.4000000060
38465  -46.991  -39.854  -14.575 0.4000000060
42129  -38.366  -35.076  -15.000 0.6999999881
40403  -41.498  -36.709  -17.081 0.6000000238
43025  -38.045  -34.984  -16.820 0.6999999881
41314  -41.910  -36.001  -17.200 0.6000000238
38438  -47.179  -39.126  -12.024 0.4000000060
120503  -38.691  -34.974  -17.263 0.6999999881
42142  -39.817  -34.382  -17.695 0.6999999881
42143  -41.420  -35.767  -17.512 0.6999999881
39352  -47.664  -38.161  -11.150 0.4000000060
39367  -48.423  -38.102  -11.640 0.4000000060
42097  -48.059  -35.694  -11.106 0.3000000119
42110  -48.434  -35.349  -11.620 0.4000000060
42116  -48.887  -35.303  -12.323 0.3000000119
124271  -43.789  -36.509  -16.830 0.6000000238
39415  -43.801  -36.853  -16.788 0.6000000238
40398  -44.324  -36.839  -17.165 0.6000000238
39416  -44.938  -37.531  -17.103 0.5000000000
41272  -37.575  -36.488  -11.537 0.6000000238
41273  -38.040  -36.649  -12.109 0.6000000238
41299  -42.683  -36.406  -15.832 0.6000000238
110646  -43.177  -36.640  -16.061 0.6000000238
40392  -45.106  -37.568  -16.987 0.5000000000
122368  -38.311  -36.138  -12.508 0.6999999881
116157  -45.634  -38.100  -15.597 0.5000000000
39407  -45.622  -38.201  -16.789 0.4000000060
39408  -46.205  -38.864  -16.664 0.4000000060
112406  -38.430  -35.932  -14.326 0.6999999881
42121  -38.527  -35.172  -13.671 0.6999999881
41306  -42.175  -36.363  -16.644 0.6000000238
39394  -45.853  -38.448  -14.157 0.5000000000
39395  -46.355  -38.962  -15.148 0.5000000000
39380  -45.776  -38.466  -12.945 0.4000000060
111123  -46.443  -38.913  -13.652 0.4000000060
43020  -38.128  -34.699  -16.033 0.8000000119
42136  -42.353  -35.596  -16.613 0.6000000238
39381  -46.527  -38.860  -12.349 0.4000000060
43021  -38.410  -34.228  -16.535 0.6999999881
42085  -45.649  -35.400  -9.183 0.5000000000
40335  -45.460  -36.850  -9.679 0.5000000000
40336  -46.112  -36.969  -9.911 0.5000000000
39350  -46.158  -38.198  -10.808 0.4000000060
39365  -46.688  -38.693  -11.338 0.4000000060
43026  -38.623  -34.388  -17.153 0.6999999881
42149  -41.011  -35.022  -17.801 0.6999999881
42144  -41.923  -35.174  -17.464 0.6999999881
42963  -45.271  -34.774  -8.691 0.5000000000
111802  -46.098  -36.130  -9.632 0.5000000000
41262  -46.753  -36.648  -10.065 0.4000000060
40348  -46.522  -37.527  -10.286 0.4000000060
39351  -46.982  -38.308  -10.698 0.4000000060
117874  -46.067  -33.076  -9.516 0.4000000060
42086  -46.394  -35.153  -9.559 0.5000000000
41253  -46.928  -35.751  -9.928 0.4000000060
42096  -47.552  -35.486  -10.492 0.4000000060
41264  -47.817  -36.369  -10.889 0.4000000060
44794  -46.287  -32.577  -9.937 0.4000000060
42972  -46.542  -34.304  -9.637 0.4000000060
42973  -47.031  -34.155  -10.056 0.4000000060
42981  -47.460  -34.537  -10.496 0.4000000060
40390  -44.025  -36.707  -16.961 0.6000000238
42106  -37.668  -35.078  -11.339 0.5000000000
41292  -42.561  -36.428  -14.529 0.6000000238
40381  -43.037  -36.769  -14.060 0.6000000238
40382  -43.717  -36.900  -15.189 0.5000000000
40373  -44.331  -37.368  -14.371 0.5000000000
40391  -44.574  -36.957  -17.228 0.5000000000
111121  -38.193  -34.911  -12.011 0.6000000238
42113  -38.393  -35.456  -12.654 0.6999999881
107728  -42.270  -36.028  -14.886 0.6000000238
39393  -44.943  -37.456  -15.389 0.5000000000
115618  -38.448  -34.697  -12.882 0.6000000238
110318  -42.224  -35.564  -15.357 0.6000000238
39379  -45.101  -37.959  -13.870 0.5000000000
43012  -38.547  -34.409  -14.151 0.8000000119
40334  -44.803  -37.235  -9.840 0.5000000000
124996  -44.626  -37.886  -11.596 0.5000000000
39363  -45.097  -38.150  -12.303 0.5000000000
43013  -38.436  -34.040  -15.322 0.8000000119
43015  -42.126  -34.929  -15.935 0.6000000238
42962  -44.480  -34.877  -8.472 0.5000000000
41241  -43.788  -36.184  -9.140 0.5000000000
117404  -44.867  -36.682  -9.457 0.5000000000
40347  -44.728  -37.640  -10.659 0.5000000000
39364  -45.879  -38.458  -11.762 0.4000000060
43903  -38.719  -33.376  -16.326 0.8000000119
115413  -42.184  -34.934  -16.947 0.6999999881
42076  -44.894  -35.529  -8.854 0.5000000000
110597  -45.586  -37.586  -10.260 0.5000000000
43909  -39.040  -33.523  -17.381 0.8000000119
105190  -41.255  -33.510  -18.420 0.6999999881
43027  -41.729  -34.417  -17.645 0.6999999881
42953  -44.103  -34.195  -8.113 0.5000000000
43847  -44.896  -34.139  -8.282 0.4000000060
43032  -41.006  -33.855  -18.489 0.6999999881
43848  -45.503  -33.988  -8.700 0.4000000060
42979  -36.864  -34.390  -10.674 0.5000000000
40372  -43.625  -37.196  -13.417 0.5000000000
42989  -37.374  -34.504  -10.962 0.5000000000
118923  -43.574  -37.314  -12.251 0.5000000000
43866  -36.400  -33.695  -10.704 0.5000000000
43867  -37.254  -33.650  -10.983 0.5000000000
42998  -38.208  -34.115  -12.345 0.5000000000
42122  -41.938  -35.428  -14.223 0.6000000238
40346  -43.325  -36.927  -10.464 0.5000000000
40359  -43.928  -37.482  -11.278 0.5000000000
40360  -44.283  -37.688  -12.674 0.5000000000
110634  -41.858  -34.858  -14.782 0.6000000238
42084  -43.103  -36.010  -9.249 0.5000000000
41249  -42.851  -36.326  -9.921 0.5000000000
40333  -44.074  -37.255  -10.090 0.5000000000
43896  -38.648  -33.569  -14.264 0.6999999881
41251  -44.252  -36.758  -9.519 0.5000000000
43897  -38.872  -33.065  -15.191 0.6999999881
110323  -41.712  -34.026  -16.494 0.6999999881
118888  -43.402  -35.664  -8.852 0.5000000000
124850  -39.150  -32.551  -16.027 0.6999999881
123595  -44.518  -33.613  -8.042 0.4000000060
43913  -41.013  -32.656  -18.805 0.6999999881
43834  -45.066  -33.265  -8.306 0.5000000000
118362  -44.886  -32.331  -8.035 0.5000000000
107487  -39.219  -32.536  -17.221 0.6999999881
43912  -40.278  -33.194  -18.451 0.8000000119
44780  -45.358  -32.472  -8.648 0.4000000060
44793  -45.757  -32.454  -9.368 0.5000000000
47506  -46.389  -29.502  -10.125 0.4000000060
48384  -46.655  -28.933  -10.583 0.5000000000
49282  -46.998  -28.216  -10.278 0.5000000000
47519  -46.713  -29.610  -11.706 0.5000000000
48385  -46.958  -28.467  -11.125 0.5000000000
49283  -47.284  -27.813  -10.857 0.5000000000
41285  -42.577  -36.391  -13.054 0.6000000238
40371  -43.033  -36.949  -12.620 0.5000000000
41291  -42.115  -35.829  -13.510 0.6000000238
40358  -43.152  -36.983  -11.508 0.5000000000
44816  -37.281  -32.718  -11.597 0.5000000000
43877  -37.804  -33.474  -11.847 0.5000000000
113888  -41.690  -35.257  -13.392 0.6000000238
42115  -41.614  -35.384  -12.656 0.6000000238
41284  -42.103  -35.885  -12.294 0.6000000238
42083  -42.438  -35.570  -9.494 0.5000000000
41261  -42.661  -36.460  -10.808 0.5000000000
44803  -36.600  -32.921  -11.093 0.5000000000
43884  -38.227  -33.350  -12.646 0.6000000238
43890  -38.526  -33.083  -13.485 0.6999999881
43008  -41.553  -34.756  -13.806 0.6000000238
42074  -42.811  -35.371  -8.816 0.5000000000
43891  -38.787  -32.648  -14.419 0.6999999881
124505  -41.772  -34.314  -15.325 0.6000000238
43833  -43.843  -33.489  -7.847 0.6000000238
43832  -43.053  -33.333  -7.799 0.4000000060
44769  -43.585  -32.709  -7.655 0.5000000000
121643  -41.588  -33.538  -17.691 0.6999999881
44770  -44.393  -32.910  -7.901 0.5000000000
47490  -45.884  -29.243  -8.406 0.4000000060
48370  -46.303  -28.580  -8.836 0.4000000060
112447  -41.489  -32.544  -18.176 0.6999999881
48376  -46.557  -28.724  -9.733 0.4000000060
45851  -40.793  -30.835  -18.470 0.6999999881
44842  -39.477  -31.515  -16.642 0.6999999881
120126  -47.224  -27.816  -11.862 0.5000000000
48395  -46.846  -28.823  -11.866 0.5000000000
41275  -42.573  -36.439  -11.845 0.5000000000
42109  -41.549  -35.468  -11.838 0.5000000000
42095  -42.361  -35.895  -10.300 0.5000000000
45805  -37.057  -31.933  -11.974 0.6000000238
44823  -37.601  -32.186  -12.348 0.6000000238
42114  -41.231  -34.828  -12.939 0.6000000238
42094  -41.869  -35.323  -10.219 0.5000000000
44824  -38.175  -32.572  -12.867 0.6000000238
43007  -41.012  -34.146  -13.355 0.5000000000
42999  -40.750  -34.234  -12.395 0.5000000000
42073  -42.263  -35.019  -8.894 0.5000000000
42072  -41.846  -34.459  -8.681 0.5000000000
44829  -38.527  -32.203  -13.711 0.6999999881
43014  -41.392  -33.992  -14.410 0.6000000238
42960  -42.552  -34.553  -8.392 0.5000000000
43846  -41.965  -33.899  -8.231 0.6000000238
43904  -41.198  -33.019  -15.873 0.6999999881
46639  -43.981  -30.410  -7.342 0.5000000000
47485  -45.040  -29.437  -7.411 0.4000000060
43910  -41.539  -32.570  -16.959 0.6999999881
44850  -41.539  -31.292  -17.683 0.6999999881
45756  -44.198  -31.975  -7.644 0.5000000000
112857  -44.476  -31.061  -7.595 0.5000000000
46640  -44.841  -30.253  -7.504 0.4000000060
48369  -45.497  -29.032  -7.742 0.4000000060
123839  -45.929  -28.499  -8.085 0.4000000060
44836  -39.202  -32.079  -15.414 0.6999999881
43918  -41.019  -31.809  -18.780 0.6999999881
49268  -46.642  -27.162  -8.576 0.4000000060
50156  -47.098  -26.942  -9.355 0.4000000060
45844  -40.785  -29.964  -18.095 0.6999999881
49272  -46.734  -27.818  -9.339 0.4000000060
127168  -47.403  -26.751  -9.819 0.4000000060
107414  -39.534  -30.514  -16.163 0.6999999881
45837  -40.252  -29.972  -17.313 0.6999999881
49273  -47.334  -27.338  -10.134 0.4000000060
117441  -47.675  -26.530  -10.287 0.4000000060
51043  -48.115  -26.100  -11.104 0.4000000060
50164  -47.705  -27.117  -10.985 0.5000000000
42992  -41.220  -35.046  -11.063 0.5000000000
42108  -41.016  -35.007  -12.077 0.5000000000
118165  -40.764  -34.469  -11.572 0.5000000000
42980  -41.335  -34.618  -10.049 0.5000000000
45817  -37.415  -31.436  -12.609 0.6000000238
45818  -38.073  -31.682  -13.110 0.6000000238
42082  -41.839  -34.901  -9.382 0.5000000000
43885  -40.683  -33.546  -12.861 0.5000000000
43859  -41.454  -33.762  -8.604 0.6000000238
44768  -42.706  -32.585  -7.645 0.5000000000
43892  -40.821  -33.283  -13.773 0.6000000238
115051  -41.035  -32.765  -14.877 0.6999999881
45755  -43.192  -31.917  -7.483 0.5000000000
47484  -44.307  -29.616  -7.223 0.4000000060
45824  -38.529  -31.427  -13.893 0.6999999881
114209  -43.624  -31.188  -7.455 0.5000000000
49263  -46.126  -27.409  -7.767 0.4000000060
125440  -45.954  -28.007  -7.920 0.4000000060
50151  -46.973  -26.405  -8.742 0.4000000060
45825  -38.917  -31.406  -14.835 0.6999999881
45838  -41.300  -30.101  -16.294 0.6000000238
50157  -47.461  -26.214  -9.507 0.4000000060
45852  -41.073  -30.809  -18.492 0.6999999881
45845  -41.282  -29.758  -18.009 0.6999999881
45826  -40.638  -30.861  -13.913 0.6000000238
111252  -40.379  -29.212  -16.948 0.6000000238
46708  -40.962  -29.007  -17.517 0.6999999881
46703  -41.096  -29.094  -16.757 0.6000000238
45832  -41.078  -30.025  -15.311 0.6000000238
51037  -47.941  -25.686  -10.162 0.4000000060
114828  -40.693  -29.539  -14.556 0.6000000238
46699  -40.754  -30.053  -14.406 0.6000000238
50169  -47.788  -26.796  -11.863 0.5000000000
117335  -47.805  -26.541  -12.592 0.5000000000
42970  -41.370  -34.226  -9.244 0.6000000238
46684  -36.285  -30.729  -12.926 0.5000000000
42991  -40.765  -34.130  -10.694 0.6000000238
43858  -40.953  -33.470  -9.163 0.6000000238
46686  -37.860  -30.863  -13.246 0.6000000238
46687  -38.312  -30.968  -13.655 0.6000000238
126210  -40.602  -33.644  -12.296 0.6000000238
43878  -40.569  -33.682  -11.663 0.6000000238
108645  -41.651  -33.193  -8.157 0.5000000000
115568  -41.591  -31.946  -7.749 0.5000000000
45754  -42.257  -31.771  -7.507 0.5000000000
46697  -37.797  -30.166  -13.597 0.6000000238
46698  -38.328  -30.222  -14.059 0.6000000238
107948  -40.535  -33.100  -12.284 0.6000000238
44818  -40.471  -32.815  -11.508 0.6000000238
45753  -41.692  -31.367  -7.613 0.5000000000
47477  -43.743  -28.976  -6.903 0.5000000000
48356  -44.899  -28.127  -7.025 0.4000000060
48362  -45.556  -28.180  -7.563 0.4000000060
45830  -38.698  -30.517  -14.624 0.6999999881
44830  -40.721  -32.221  -14.072 0.6999999881
107432  -40.434  -32.174  -12.312 0.6000000238
117023  -42.832  -31.235  -7.416 0.5000000000
46638  -43.078  -30.546  -7.306 0.5000000000
48361  -44.559  -28.849  -7.093 0.5000000000
50144  -46.544  -26.559  -7.939 0.4000000060
50152  -47.295  -25.803  -8.853 0.4000000060
44837  -41.105  -31.235  -15.096 0.6999999881
110923  -40.785  -31.244  -14.323 0.6999999881
45819  -40.446  -31.216  -12.836 0.6999999881
45767  -41.118  -31.531  -8.139 0.5000000000
47482  -42.545  -29.899  -7.178 0.5000000000
51029  -47.695  -25.369  -9.348 0.4000000060
46702  -39.213  -29.420  -15.677 0.6000000238
109870  -40.549  -30.558  -13.370 0.6000000238
109871  -40.480  -30.327  -12.377 0.6999999881
45831  -39.340  -29.402  -15.988 0.6999999881
46688  -40.587  -30.034  -13.521 0.6000000238
46677  -40.500  -29.734  -11.438 0.6000000238
51899  -48.139  -24.852  -9.939 0.4000000060
113729  -40.525  -29.153  -16.486 0.6000000238
109115  -40.876  -29.266  -15.863 0.6000000238
115293  -40.568  -29.532  -13.224 0.6000000238
47523  -40.564  -29.006  -11.679 0.6000000238
51900  -48.531  -24.349  -10.527 0.4000000060
117150  -40.541  -28.705  -12.762 0.6000000238
51044  -48.452  -25.299  -11.656 0.5000000000
51906  -48.705  -24.559  -11.325 0.4000000060
50170  -48.184  -26.028  -12.103 0.5000000000
52802  -48.836  -24.043  -12.864 0.5000000000
43868  -40.687  -33.385  -10.066 0.6000000238
107565  -40.543  -33.317  -10.896 0.6000000238
44792  -40.648  -32.722  -9.455 0.6000000238
46696  -36.804  -30.074  -13.611 0.6000000238
107358  -40.405  -32.078  -11.333 0.6000000238
44778  -40.757  -32.138  -8.801 0.5000000000
48355  -44.010  -28.131  -6.622 0.5000000000
49259  -45.420  -27.375  -7.148 0.4000000060
47534  -38.354  -29.540  -14.525 0.6000000238
45795  -40.431  -31.566  -10.678 0.6000000238
45766  -40.639  -31.286  -8.989 0.5000000000
122973  -41.008  -29.382  -8.334 0.5000000000
116824  -41.426  -29.319  -7.713 0.5000000000
47481  -41.784  -30.004  -7.441 0.5000000000
113423  -46.385  -25.853  -7.408 0.4000000060
51023  -46.887  -25.801  -8.182 0.4000000060
45806  -40.402  -31.328  -11.730 0.6999999881
108582  -40.458  -30.319  -10.071 0.5000000000
122097  -41.170  -30.000  -8.002 0.5000000000
45752  -41.441  -30.739  -7.740 0.5000000000
51892  -47.905  -24.518  -8.970 0.4000000060
48375  -40.592  -28.265  -9.652 0.6000000238
51893  -48.350  -24.093  -9.708 0.4000000060
47547  -40.766  -29.125  -16.451 0.6000000238
48405  -40.694  -28.448  -15.422 0.6000000238
48383  -40.529  -28.365  -10.670 0.6000000238
112502  -48.709  -23.609  -10.265 0.4000000060
47535  -40.540  -28.920  -14.270 0.6000000238
51914  -48.721  -24.675  -12.167 0.5000000000
52803  -49.296  -23.340  -12.385 0.5000000000
123329  -49.010  -23.288  -13.217 0.4000000060
44804  -40.480  -32.538  -10.507 0.6000000238
45778  -40.511  -31.879  -9.695 0.5000000000
49256  -42.668  -27.664  -6.344 0.5000000000
126390  -43.347  -27.848  -6.387 0.5000000000
50129  -45.238  -26.622  -6.655 0.4000000060
48415  -38.756  -28.360  -16.260 0.6000000238
110865  -40.249  -28.848  -16.847 0.6000000238
48368  -41.070  -28.755  -8.195 0.5000000000
48353  -42.385  -28.388  -6.699 0.5000000000
48354  -43.172  -28.352  -6.558 0.5000000000
50143  -45.967  -26.630  -7.248 0.4000000060
51017  -46.841  -25.011  -7.643 0.4000000060
51886  -47.372  -24.406  -8.134 0.4000000060
47546  -39.324  -29.230  -15.986 0.6000000238
113425  -40.669  -29.015  -9.031 0.5000000000
51024  -47.327  -25.160  -8.527 0.4000000060
48417  -41.111  -28.671  -17.106 0.6000000238
48418  -41.179  -28.446  -17.037 0.6000000238
49281  -40.654  -27.537  -10.286 0.6000000238
116539  -40.402  -27.946  -14.028 0.6000000238
111203  -40.777  -26.787  -11.052 0.6000000238
52788  -49.014  -23.872  -11.031 0.4000000060
49296  -40.519  -27.533  -12.789 0.6000000238
52797  -49.359  -23.288  -11.532 0.4000000060
53720  -49.628  -22.609  -12.019 0.4000000060
54612  -49.796  -21.909  -12.490 0.3000000119
52796  -49.109  -24.015  -11.860 0.5000000000
110680  -49.910  -21.338  -13.219 0.3000000119
49257  -43.522  -27.239  -6.241 0.5000000000
50130  -45.780  -25.917  -6.714 0.5000000000
51876  -46.525  -24.361  -7.043 0.5000000000
49262  -41.554  -27.922  -7.216 0.5000000000
50125  -42.054  -27.198  -6.401 0.6000000238
51877  -46.995  -24.239  -7.547 0.5000000000
48423  -41.066  -27.837  -17.570 0.6000000238
49325  -41.011  -26.998  -17.528 0.6000000238
48367  -40.803  -28.169  -8.724 0.6000000238
52768  -47.788  -23.765  -8.421 0.4000000060
52780  -48.259  -23.815  -8.971 0.4000000060
49314  -40.955  -27.154  -15.732 0.6000000238
49271  -40.764  -27.457  -9.306 0.6999999881
54593  -49.063  -22.044  -9.667 0.3000000119
123549  -40.694  -26.672  -14.094 0.6000000238
50149  -40.923  -26.674  -8.874 0.6000000238
53705  -49.339  -22.348  -10.428 0.3000000119
50155  -40.879  -26.498  -10.089 0.6000000238
52789  -49.182  -23.121  -10.742 0.4000000060
113860  -40.829  -26.342  -12.986 0.6000000238
112204  -40.650  -27.098  -11.872 0.6000000238
50163  -41.085  -25.847  -11.131 0.6000000238
53713  -49.539  -22.517  -11.189 0.3000000119
54613  -50.296  -21.156  -12.167 0.3000000119
55409  -50.613  -20.430  -12.701 0.3000000119
50126  -42.568  -26.823  -6.115 0.6000000238
50127  -43.235  -26.415  -5.966 0.5000000000
51001  -45.439  -25.148  -6.189 0.5000000000
51858  -45.981  -24.385  -6.379 0.5000000000
50142  -41.617  -27.168  -6.999 0.6000000238
109923  -41.881  -26.505  -6.456 0.6000000238
52751  -46.808  -23.663  -7.226 0.4000000060
49332  -40.783  -26.579  -18.045 0.6000000238
50191  -41.292  -25.482  -17.208 0.6000000238
49267  -41.238  -26.857  -7.901 0.6000000238
52769  -48.246  -23.148  -8.660 0.3000000119
53696  -48.660  -22.587  -9.115 0.3000000119
50180  -41.319  -25.254  -15.804 0.6000000238
50173  -41.336  -25.162  -14.431 0.6000000238
114224  -41.411  -25.089  -13.441 0.6000000238
51021  -41.031  -25.637  -9.470 0.6000000238
114615  -49.697  -21.825  -10.807 0.3000000119
50168  -41.156  -25.768  -12.173 0.6000000238
54606  -50.347  -20.916  -11.468 0.3000000119
56234  -50.915  -19.853  -11.906 0.3000000119
122794  -51.057  -19.496  -12.762 0.3000000119
51000  -42.448  -25.831  -6.064 0.6000000238
113892  -43.499  -25.670  -5.874 0.6000000238
107480  -44.486  -25.481  -5.950 0.5000000000
51857  -45.324  -24.230  -5.934 0.5000000000
50999  -41.728  -25.633  -6.708 0.6000000238
53671  -47.159  -22.983  -7.376 0.4000000060
105396  -47.711  -22.993  -7.989 0.4000000060
51016  -41.386  -25.381  -7.643 0.6000000238
53683  -48.162  -22.188  -8.337 0.4000000060
54592  -48.728  -21.728  -8.933 0.3000000119
51067  -41.312  -24.415  -16.862 0.6000000238
108270  -49.257  -21.131  -9.349 0.3000000119
51049  -42.181  -23.602  -14.771 0.6000000238
55396  -49.755  -20.704  -9.970 0.3000000119
108875  -41.259  -25.168  -10.687 0.6000000238
54601  -50.073  -21.012  -10.762 0.3000000119
51042  -42.242  -23.908  -13.460 0.6000000238
51036  -41.701  -24.600  -11.937 0.6000000238
56228  -50.813  -19.338  -11.352 0.3000000119
56229  -51.201  -19.045  -12.015 0.3000000119
50992  -42.856  -24.903  -5.893 0.6000000238
50993  -43.792  -24.850  -5.745 0.5000000000
52730  -45.733  -23.598  -6.086 0.5000000000
117347  -46.050  -22.925  -6.321 0.4000000060
117277  -46.557  -22.986  -6.896 0.4000000060
53672  -47.465  -22.122  -7.511 0.4000000060
54581  -47.847  -21.361  -7.886 0.4000000060
51855  -42.035  -24.780  -6.420 0.6000000238
54582  -48.330  -21.277  -8.426 0.4000000060
55390  -49.402  -20.276  -9.377 0.3000000119
51059  -41.453  -23.811  -15.704 0.6000000238
51885  -41.449  -24.485  -7.928 0.6000000238
56196  -49.016  -19.687  -8.944 0.3000000119
51048  -42.034  -22.829  -15.279 0.6000000238
51022  -41.308  -24.817  -8.889 0.6000000238
56218  -49.988  -19.531  -10.050 0.3000000119
51028  -41.501  -24.429  -10.219 0.6000000238
108869  -42.680  -22.612  -13.035 0.6000000238
117370  -42.251  -23.619  -11.514 0.6000000238
51847  -43.274  -24.154  -5.779 0.6000000238
53646  -45.469  -22.816  -5.839 0.4000000060
53658  -45.849  -22.026  -6.144 0.4000000060
127514  -46.349  -22.400  -6.609 0.4000000060
53660  -47.024  -21.693  -6.943 0.4000000060
51846  -42.522  -24.067  -6.104 0.5000000000
120691  -48.056  -20.781  -8.129 0.4000000060
122943  -41.634  -24.173  -7.117 0.5000000000
55375  -48.383  -20.594  -8.462 0.3000000119
57063  -49.212  -19.099  -9.124 0.3000000119
51891  -41.699  -23.628  -9.948 0.5000000000
51913  -42.305  -22.590  -14.465 0.6000000238
125467  -42.342  -23.248  -10.981 0.6000000238
52795  -42.442  -21.896  -12.652 0.6000000238
51897  -42.699  -22.394  -11.923 0.6000000238
52787  -42.526  -21.707  -11.696 0.5000000000
115616  -44.289  -22.013  -5.484 0.4000000060
117240  -45.083  -22.031  -5.658 0.4000000060
54546  -46.884  -21.017  -6.543 0.4000000060
52729  -42.364  -23.218  -6.222 0.5000000000
52713  -42.925  -23.525  -5.883 0.4000000060
56165  -47.129  -19.718  -6.856 0.3000000119
56180  -47.514  -19.871  -7.491 0.3000000119
114202  -47.946  -20.141  -8.084 0.3000000119
52750  -41.670  -23.432  -7.182 0.5000000000
113842  -47.832  -18.354  -8.344 0.3000000119
56194  -47.782  -19.259  -8.069 0.3000000119
127059  -41.510  -23.444  -8.213 0.5000000000
57062  -48.530  -18.952  -8.687 0.3000000119
52779  -41.771  -22.676  -9.675 0.5000000000
58008  -49.892  -17.548  -10.299 0.3000000119
51898  -42.557  -22.385  -11.003 0.5000000000
110410  -43.838  -21.244  -5.395 0.3000000119
54533  -44.619  -21.301  -5.545 0.3000000119
55342  -45.615  -20.411  -5.858 0.3000000119
55343  -46.479  -19.944  -6.289 0.3000000119
108203  -42.751  -21.833  -5.767 0.3000000119
53644  -43.464  -21.942  -5.543 0.4000000060
54545  -46.199  -21.072  -6.100 0.3000000119
125852  -46.875  -19.221  -6.675 0.3000000119
53657  -42.181  -22.198  -6.279 0.3000000119
115105  -47.291  -19.177  -7.263 0.3000000119
110670  -41.544  -22.613  -7.817 0.4000000060
57978  -48.299  -18.122  -8.799 0.3000000119
123947  -41.495  -22.400  -8.881 0.5000000000
58007  -49.277  -16.755  -10.395 0.3000000119
53695  -42.208  -21.280  -9.842 0.5000000000
53702  -42.343  -21.178  -11.139 0.4000000060
53703  -42.488  -21.407  -10.796 0.5000000000
55326  -44.246  -20.622  -5.414 0.3000000119
56155  -44.928  -19.864  -5.595 0.3000000119
56164  -45.665  -19.704  -5.865 0.3000000119
54532  -42.966  -21.057  -5.478 0.3000000119
54531  -42.280  -21.204  -5.964 0.3000000119
57969  -47.486  -17.793  -7.999 0.3000000119
57977  -47.786  -17.487  -8.661 0.3000000119
123424  -41.757  -21.208  -6.864 0.3000000119
57994  -48.372  -17.491  -9.254 0.3000000119
55358  -41.560  -20.740  -7.771 0.3000000119
53670  -41.511  -21.673  -8.766 0.4000000060
59750  -47.864  -15.960  -9.851 0.3000000119
58848  -48.496  -16.220  -10.321 0.3000000119
54591  -42.039  -20.855  -9.653 0.4000000060
59764  -48.914  -15.929  -10.847 0.3000000119
53694  -42.301  -20.894  -10.325 0.4000000060
59777  -49.418  -15.316  -11.332 0.3000000119
60674  -50.457  -14.924  -11.768 0.3000000119
56153  -43.233  -19.688  -5.285 0.3000000119
55325  -43.536  -20.449  -5.335 0.3000000119
57016  -44.447  -19.098  -5.359 0.3000000119
57029  -45.911  -19.183  -5.962 0.3000000119
116800  -46.354  -18.685  -6.316 0.3000000119
57949  -46.606  -17.803  -6.685 0.3000000119
57968  -46.887  -17.163  -7.181 0.3000000119
127502  -47.254  -17.334  -7.700 0.3000000119
55341  -41.513  -20.272  -7.181 0.3000000119
54530  -41.818  -20.418  -6.289 0.3000000119
58823  -47.497  -16.705  -8.603 0.3000000119
54580  -41.600  -21.005  -8.903 0.4000000060
59763  -48.205  -15.566  -10.579 0.3000000119
59776  -48.558  -15.262  -11.077 0.3000000119
53693  -41.865  -20.662  -10.395 0.4000000060
60672  -48.460  -14.597  -11.604 0.3000000119
61588  -49.078  -13.903  -12.067 0.3000000119
60690  -50.097  -14.115  -12.187 0.3000000119
62446  -50.353  -13.079  -12.963 0.3000000119
114640  -44.823  -18.408  -5.468 0.3000000119
57018  -45.617  -18.435  -5.819 0.3000000119
58799  -46.415  -16.895  -6.481 0.3000000119
113870  -43.991  -18.335  -5.237 0.3000000119
58816  -46.738  -16.338  -7.101 0.3000000119
57013  -42.082  -18.967  -5.776 0.3000000119
57014  -42.787  -18.950  -5.339 0.3000000119
59729  -46.886  -15.798  -7.845 0.3000000119
116513  -47.239  -16.094  -8.414 0.3000000119
111574  -47.479  -16.006  -9.061 0.3000000119
56163  -41.507  -19.603  -6.672 0.3000000119
59735  -47.039  -15.315  -8.644 0.3000000119
59749  -47.362  -15.254  -9.519 0.3000000119
56193  -41.349  -20.120  -8.055 0.4000000060
59762  -47.649  -15.109  -10.296 0.3000000119
123131  -40.946  -20.204  -8.723 0.4000000060
60671  -47.722  -14.219  -11.537 0.3000000119
60654  -47.957  -14.882  -11.015 0.3000000119
55389  -41.075  -20.611  -9.113 0.4000000060
61600  -49.723  -13.448  -12.531 0.3000000119
54590  -40.438  -21.053  -9.578 0.4000000060
62457  -50.088  -12.427  -13.291 0.3000000119
57929  -45.148  -17.647  -5.589 0.3000000119
58776  -45.978  -16.440  -5.969 0.3000000119
57927  -43.588  -17.460  -5.266 0.3000000119
126366  -44.406  -17.782  -5.363 0.3000000119
59728  -46.525  -15.450  -7.047 0.3000000119
113440  -43.159  -18.247  -5.226 0.3000000119
57028  -41.731  -18.164  -6.359 0.3000000119
61571  -47.409  -13.780  -11.009 0.3000000119
112627  -47.601  -13.522  -11.875 0.3000000119
61587  -47.913  -13.863  -12.199 0.3000000119
61599  -48.577  -13.279  -12.573 0.3000000119
62445  -49.366  -12.819  -12.948 0.3000000119
55387  -39.205  -20.732  -9.851 0.3000000119
64232  -50.050  -10.842  -14.146 0.3000000119
64242  -50.957  -10.453  -14.409 0.3000000119
59683  -45.437  -15.938  -5.697 0.3000000119
59684  -45.971  -15.703  -5.992 0.3000000119
58772  -42.811  -16.736  -5.386 0.3000000119
57926  -42.809  -17.589  -5.354 0.3000000119
60625  -46.769  -14.563  -8.436 0.3000000119
60626  -47.079  -14.608  -9.141 0.3000000119
61537  -47.168  -13.951  -9.543 0.3000000119
106705  -47.276  -14.019  -10.303 0.3000000119
62414  -47.423  -12.899  -11.064 0.3000000119
62430  -47.582  -12.712  -12.113 0.3000000119
62443  -47.748  -12.479  -12.740 0.3000000119
62444  -48.195  -12.599  -13.111 0.3000000119
62456  -49.077  -12.169  -13.380 0.3000000119
64230  -48.466  -10.967  -14.148 0.3000000119
63341  -49.852  -11.634  -13.677 0.3000000119
64231  -49.123  -11.154  -14.161 0.3000000119
65117  -50.916  -9.583  -14.801 0.3000000119
58773  -43.739  -16.473  -5.300 0.3000000119
110890  -44.834  -15.355  -5.516 0.3000000119
60583  -46.090  -15.096  -6.306 0.3000000119
60612  -46.216  -14.586  -7.039 0.3000000119
108990  -43.126  -15.956  -5.324 0.3000000119
60560  -45.016  -14.599  -5.652 0.3000000119
60582  -45.523  -14.470  -6.031 0.3000000119
61497  -45.870  -13.758  -6.919 0.3000000119
124344  -46.311  -13.990  -7.828 0.3000000119
58771  -41.994  -16.507  -5.832 0.3000000119
61552  -47.319  -13.335  -10.089 0.3000000119
57947  -41.061  -16.910  -6.937 0.3000000119
61598  -47.777  -13.160  -12.565 0.3000000119
63338  -48.154  -11.398  -13.654 0.3000000119
65116  -49.955  -9.447  -15.048 0.3000000119
112008  -44.003  -13.927  -5.407 0.3000000119
60557  -42.719  -14.318  -5.520 0.3000000119
60558  -43.567  -14.574  -5.398 0.3000000119
59680  -42.089  -14.958  -5.628 0.3000000119
59704  -41.676  -15.666  -5.923 0.3000000119
59681  -42.965  -15.194  -5.441 0.3000000119
121164  -41.085  -15.603  -6.387 0.3000000119
58798  -41.376  -16.339  -6.443 0.3000000119
121293  -40.479  -29.821  -10.558 0.6999999881
47495  -40.750  -29.868  -8.764 0.5000000000
47517  -40.504  -29.153  -10.844 0.6000000238
44855  -40.422  -32.025  -18.612 0.6999999881
18767  -34.398  -63.230  -11.014 0.3000000119
112850  -34.312  -62.779  -11.617 0.3000000119
17831  -34.537  -64.443  -12.514 0.3000000119
18776  -34.457  -63.543  -12.986 0.3000000119
17838  -34.740  -64.346  -13.531 0.4000000060
18780  -34.921  -63.580  -14.529 0.4000000060
18784  -35.787  -63.637  -15.674 0.4000000060
117705  -35.761  -62.828  -15.769 0.4000000060
18789  -36.454  -63.145  -16.274 0.4000000060
19649  -37.208  -62.286  -16.548 0.4000000060
20456  -37.666  -61.343  -16.520 0.4000000060
21844  -38.242  -59.383  -16.448 0.4000000060
20457  -37.966  -60.640  -16.502 0.4000000060
125357  -38.018  -58.204  -16.097 0.4000000060
26370  -38.049  -53.454  -15.432 0.4000000060
28167  -37.992  -51.853  -7.280 0.3000000119
29058  -39.397  -50.687  -7.604 0.3000000119
29966  -40.686  -49.920  -8.333 0.3000000119
26371  -38.853  -52.915  -15.695 0.5000000000
29978  -42.953  -49.579  -9.418 0.3000000119
30845  -43.344  -48.478  -8.775 0.3000000119
27308  -39.464  -52.353  -15.881 0.5000000000
28245  -39.249  -51.524  -15.594 0.5000000000
35085  -49.607  -43.502  -9.775 0.3000000119
117933  -49.281  -42.639  -9.561 0.3000000119
117314  -50.001  -42.556  -9.930 0.3000000119
30048  -40.120  -49.074  -15.235 0.6000000238
36612  -49.741  -40.929  -10.492 0.4000000060
117483  -40.931  -49.949  -16.411 0.6000000238
125701  -50.022  -40.815  -11.066 0.4000000060
119971  -50.294  -40.958  -11.776 0.4000000060
127457  -50.488  -42.513  -14.559 0.4000000060
37560  -50.660  -43.135  -15.634 0.4000000060
39410  -51.434  -39.958  -15.412 0.4000000060
35863  -36.402  -42.798  -12.118 0.4000000060
35111  -37.311  -43.289  -13.157 0.5000000000
31789  -42.109  -47.361  -16.400 0.6999999881
34338  -40.536  -44.986  -16.102 0.6999999881
40394  -51.202  -37.422  -14.535 0.4000000060
37551  -37.632  -40.672  -13.643 0.5000000000
38473  -37.903  -39.438  -15.111 0.6000000238
37552  -37.728  -39.947  -14.378 0.6000000238
37569  -37.665  -40.083  -15.322 0.8000000119
35121  -40.177  -43.159  -15.168 0.8000000119
35122  -40.444  -44.355  -15.125 0.6999999881
35125  -40.400  -42.615  -16.552 0.8000000119
41300  -50.734  -36.630  -14.232 0.4000000060
35883  -40.167  -42.157  -15.555 0.8000000119
39412  -37.874  -38.889  -16.048 0.8000000119
36678  -40.492  -40.994  -17.441 0.8000000119
35886  -40.560  -41.834  -17.752 0.8000000119
42124  -50.190  -36.022  -13.924 0.4000000060
40401  -37.655  -37.224  -16.799 0.6999999881
37593  -40.270  -40.628  -18.117 0.8000000119
41312  -37.849  -36.496  -17.042 0.6999999881
40407  -38.052  -37.188  -17.225 0.6999999881
37594  -39.899  -40.402  -18.151 0.8000000119
40408  -39.169  -37.115  -17.528 0.6999999881
39430  -40.030  -37.670  -17.593 0.6000000238
43888  -49.198  -33.938  -13.072 0.3000000119
43861  -46.597  -33.459  -9.923 0.4000000060
42994  -48.181  -34.595  -11.489 0.4000000060
43000  -48.554  -34.566  -12.055 0.4000000060
43001  -49.049  -34.547  -12.693 0.3000000119
43869  -47.181  -33.630  -10.650 0.4000000060
43879  -47.526  -33.404  -11.432 0.4000000060
42993  -47.730  -34.177  -11.134 0.4000000060
45780  -45.967  -31.720  -9.784 0.4000000060
127091  -46.866  -31.631  -11.542 0.4000000060
46678  -46.651  -30.400  -11.402 0.5000000000
124610  -45.714  -31.297  -9.362 0.5000000000
111971  -46.138  -30.015  -9.716 0.4000000060
47518  -46.583  -29.663  -10.924 0.5000000000
46679  -46.821  -30.231  -12.229 0.5000000000
47524  -46.857  -29.438  -12.472 0.4000000060
45768  -45.224  -31.686  -8.302 0.5000000000
46648  -45.470  -29.997  -7.950 0.5000000000
46649  -45.854  -30.050  -8.958 0.4000000060
118033  -47.239  -27.877  -12.839 0.5000000000
49297  -47.496  -27.191  -12.647 0.5000000000
50175  -48.049  -26.018  -13.027 0.5000000000
108345  -48.537  -24.465  -13.658 0.5000000000
45815  -35.778  -31.327  -12.432 0.5000000000
124961  -49.568  -21.947  -13.129 0.4000000060
47532  -35.962  -29.489  -14.418 0.6000000238
127407  -36.822  -29.548  -14.205 0.6000000238
47533  -37.600  -29.519  -14.114 0.6000000238
47545  -38.170  -28.882  -14.878 0.6000000238
55415  -50.208  -20.571  -13.900 0.3000000119
118906  -37.495  -28.311  -15.528 0.6000000238
48416  -40.284  -27.964  -17.384 0.6000000238
125358  -50.685  -19.958  -13.528 0.3000000119
56240  -50.946  -19.398  -13.777 0.3000000119
48422  -39.682  -26.767  -17.884 0.6000000238
50200  -40.994  -25.423  -18.419 0.6000000238
51066  -41.058  -24.182  -16.842 0.6000000238
51058  -41.467  -23.724  -15.644 0.6000000238
51922  -41.475  -22.905  -15.054 0.6000000238
51912  -42.001  -22.316  -14.758 0.6000000238
51905  -42.237  -22.161  -13.823 0.6000000238
120678  -41.177  -22.665  -14.347 0.6000000238
52794  -42.206  -21.866  -13.008 0.5000000000
52786  -42.337  -21.564  -11.934 0.5000000000
53701  -41.611  -21.189  -11.069 0.4000000060
125025  -40.396  -21.716  -10.117 0.4000000060
54599  -39.418  -21.515  -10.206 0.4000000060
64229  -48.240  -10.659  -13.858 0.3000000119
65121  -48.953  -9.592  -15.407 0.3000000119
65980  -49.922  -8.740  -15.637 0.3000000119
65970  -50.846  -8.793  -15.197 0.3000000119
113077  -41.292  -14.858  -6.084 0.3000000119
59703  -40.444  -15.019  -6.609 0.3000000119
108038  -51.452  -38.378  -14.983 0.4000000060
48401  -47.036  -28.606  -12.659 0.5000000000
106763  -34.460  -59.750  -12.054 0.3000000119
109609  -34.587  -58.989  -12.374 0.3000000119
21191  -35.905  -60.847  -15.184 0.4000000060
23104  -34.655  -57.522  -12.489 0.3000000119
22459  -34.752  -58.669  -12.983 0.3000000119
26366  -37.113  -53.744  -14.807 0.4000000060
24633  -35.004  -55.762  -8.414 0.3000000119
27259  -34.854  -52.263  -9.665 0.3000000119
28244  -38.483  -51.735  -15.202 0.4000000060
30831  -42.077  -48.223  -7.681 0.3000000119
31702  -40.613  -47.787  -7.009 0.3000000119
32533  -41.677  -46.749  -6.848 0.3000000119
34279  -44.947  -44.804  -8.476 0.3000000119
117053  -46.854  -44.243  -8.890 0.3000000119
32522  -39.404  -46.443  -6.480 0.3000000119
33422  -38.982  -45.866  -6.668 0.3000000119
32524  -41.036  -45.753  -6.423 0.3000000119
33425  -41.356  -45.142  -6.490 0.3000000119
34290  -49.120  -44.288  -9.686 0.3000000119
33435  -38.683  -45.432  -7.384 0.3000000119
34256  -40.981  -44.303  -6.606 0.3000000119
122070  -40.114  -45.470  -12.194 0.6000000238
35839  -49.578  -41.658  -9.826 0.4000000060
32604  -40.746  -46.531  -13.381 0.6000000238
34288  -39.226  -44.125  -8.647 0.3000000119
111767  -50.611  -41.415  -13.253 0.4000000060
32614  -41.308  -46.631  -14.567 0.6999999881
36581  -41.027  -41.801  -7.855 0.4000000060
36600  -41.574  -41.446  -9.508 0.4000000060
37508  -48.074  -40.696  -10.782 0.4000000060
110664  -41.256  -42.175  -10.833 0.6000000238
35113  -40.489  -43.971  -13.363 0.6999999881
32617  -41.356  -46.520  -15.394 0.6999999881
37505  -44.987  -40.215  -10.099 0.4000000060
36624  -41.343  -41.534  -11.424 0.6000000238
34330  -40.745  -44.863  -13.996 0.6999999881
39397  -50.586  -39.364  -13.858 0.4000000060
36621  -36.701  -41.826  -11.991 0.3000000119
37535  -41.370  -40.832  -12.194 0.6000000238
116643  -40.351  -43.847  -14.252 0.6999999881
33509  -41.083  -45.849  -15.435 0.6999999881
36641  -46.690  -42.742  -14.566 0.5000000000
37553  -40.992  -40.105  -13.720 0.6999999881
36668  -40.134  -41.646  -14.893 0.6999999881
35879  -40.098  -42.346  -14.637 0.8000000119
37592  -40.270  -40.233  -17.515 0.6999999881
127166  -39.608  -39.018  -17.366 0.6999999881
38500  -40.004  -39.781  -17.677 0.6999999881
42123  -49.680  -35.404  -13.678 0.4000000060
43009  -49.402  -34.626  -13.390 0.3000000119
39405  -43.867  -37.874  -16.299 0.6999999881
41321  -38.380  -36.570  -17.306 0.6999999881
41323  -40.590  -36.039  -17.564 0.6999999881
39429  -38.823  -37.813  -17.496 0.8000000119
41313  -41.161  -36.485  -17.465 0.6999999881
38488  -44.576  -38.600  -16.316 0.4000000060
39366  -47.230  -38.685  -11.323 0.3000000119
40362  -48.115  -37.224  -11.229 0.3000000119
40383  -44.508  -36.962  -16.293 0.5000000000
39406  -45.110  -37.338  -16.693 0.5000000000
122589  -38.529  -34.562  -13.490 0.6999999881
42971  -45.913  -34.568  -9.182 0.4000000060
41263  -47.299  -36.294  -10.362 0.4000000060
40349  -47.350  -37.255  -10.572 0.4000000060
43006  -38.506  -33.975  -13.295 0.6999999881
41250  -43.526  -36.644  -9.664 0.5000000000
120148  -39.660  -32.524  -18.034 0.8000000119
44817  -37.824  -32.848  -12.223 0.5000000000
44849  -39.966  -31.245  -17.972 0.6999999881
48394  -46.710  -29.089  -11.254 0.5000000000
45804  -36.255  -31.861  -11.924 0.5000000000
41274  -42.002  -35.839  -11.154 0.5000000000
45757  -44.849  -31.610  -7.840 0.5000000000
43898  -41.464  -33.629  -15.313 0.6999999881
125719  -41.516  -31.458  -16.856 0.8000000119
45816  -36.731  -31.330  -12.411 0.5000000000
45839  -41.468  -30.390  -17.129 0.6000000238
46709  -41.271  -29.385  -17.384 0.6000000238
51038  -48.348  -25.133  -10.787 0.4000000060
46685  -37.220  -30.727  -12.937 0.5000000000
44825  -40.581  -32.720  -13.105 0.6000000238
44843  -41.367  -31.605  -16.045 0.6999999881
47548  -40.840  -28.946  -15.887 0.6000000238
51050  -48.417  -25.347  -12.576 0.5000000000
120082  -40.864  -32.818  -8.762 0.6000000238
47476  -42.868  -29.103  -6.865 0.5000000000
108150  -40.563  -31.790  -13.404 0.6999999881
46669  -40.474  -30.587  -10.960 0.6999999881
126876  -40.549  -29.476  -12.252 0.6000000238
126573  -40.531  -28.691  -11.213 0.6000000238
48393  -40.575  -28.180  -11.680 0.6000000238
49258  -44.575  -27.315  -6.624 0.4000000060
108547  -40.434  -31.017  -9.917 0.5000000000
48360  -41.510  -28.599  -7.481 0.5000000000
47505  -40.526  -29.700  -9.706 0.6000000238
52781  -48.548  -23.365  -9.415 0.4000000060
53704  -48.895  -22.860  -9.966 0.4000000060
107253  -49.388  -22.572  -12.992 0.4000000060
108891  -41.152  -28.064  -7.913 0.6000000238
116003  -40.506  -28.989  -10.022 0.6000000238
50128  -44.259  -26.405  -6.186 0.5000000000
125335  -45.100  -25.949  -6.279 0.5000000000
52752  -47.335  -23.687  -7.756 0.4000000060
54600  -49.583  -21.519  -10.139 0.3000000119
50150  -41.118  -25.967  -8.297 0.6000000238
54605  -49.936  -21.735  -11.552 0.3000000119
125375  -51.245  -19.127  -13.203 0.3000000119
111054  -41.455  -26.277  -7.272 0.6000000238
55403  -50.586  -20.206  -11.160 0.3000000119
51856  -44.661  -24.659  -5.800 0.6000000238
51875  -41.598  -24.916  -7.080 0.6000000238
125207  -48.743  -21.056  -8.793 0.4000000060
55391  -49.775  -20.053  -9.852 0.3000000119
55397  -50.166  -20.178  -10.411 0.3000000119
56224  -50.445  -19.510  -10.675 0.3000000119
51848  -44.068  -24.103  -5.658 0.5000000000
52716  -45.117  -23.487  -5.714 0.5000000000
54563  -47.367  -21.209  -7.207 0.4000000060
107021  -41.505  -23.880  -8.907 0.5000000000
53645  -44.744  -22.760  -5.567 0.4000000060
116586  -43.915  -22.731  -5.533 0.4000000060
52728  -41.966  -23.793  -6.569 0.5000000000
57995  -49.139  -17.519  -9.784 0.3000000119
57081  -49.017  -18.345  -9.272 0.3000000119
53656  -41.853  -22.926  -6.761 0.4000000060
57030  -46.981  -18.539  -6.946 0.3000000119
106704  -41.656  -22.071  -7.160 0.3000000119
125284  -41.522  -21.953  -7.931 0.3000000119
58839  -48.474  -16.771  -9.792 0.3000000119
61601  -50.650  -13.681  -12.623 0.3000000119
57017  -45.253  -19.121  -5.650 0.3000000119
56152  -42.505  -19.657  -5.521 0.3000000119
58838  -47.842  -16.742  -9.236 0.3000000119
60673  -49.522  -14.528  -11.762 0.3000000119
117961  -41.878  -20.750  -9.705 0.4000000060
108141  -50.726  -12.008  -13.434 0.3000000119
59705  -46.359  -15.972  -6.356 0.3000000119
121037  -41.634  -19.046  -6.312 0.3000000119
57925  -42.380  -18.140  -5.617 0.3000000119
57928  -44.491  -17.041  -5.398 0.3000000119
59734  -46.585  -14.946  -7.857 0.3000000119
124656  -41.964  -17.700  -6.035 0.3000000119
64241  -50.035  -10.157  -14.619 0.3000000119
60561  -45.526  -15.190  -5.812 0.3000000119
61536  -46.886  -13.897  -8.660 0.3000000119
57948  -41.701  -17.214  -6.435 0.3000000119
120006  -47.666  -11.703  -12.285 0.3000000119
63328  -47.888  -11.930  -13.159 0.3000000119
65115  -49.081  -10.055  -14.908 0.3000000119
65981  -50.940  -8.499  -15.822 0.3000000119
60559  -44.335  -14.679  -5.431 0.3000000119
109949  -45.807  -14.340  -6.492 0.3000000119
108153  -45.557  -12.988  -6.605 0.3000000119
58797  -40.656  -16.065  -6.785 0.3000000119
58815  -40.252  -16.693  -7.367 0.3000000119
125277  -48.541  -9.411  -15.404 0.3000000119
20462  -38.067  -61.911  -16.939 0.4000000060
36679  -40.434  -41.197  -18.213 0.8000000119
38507  -39.350  -39.625  -17.629 0.8000000119
45808  -46.890  -31.118  -11.936 0.4000000060
51904  -41.706  -22.190  -14.004 0.5000000000
49326  -47.828  -26.912  -15.680 0.3000000119
122312  -47.673  -27.098  -14.804 0.4000000060
50201  -47.906  -26.226  -16.128 0.3000000119
48406  -47.318  -28.402  -13.579 0.4000000060
49303  -47.455  -27.457  -13.429 0.4000000060
51075  -47.911  -25.561  -16.046 0.3000000119
51068  -47.873  -25.465  -14.930 0.4000000060
50192  -47.688  -26.321  -15.077 0.3000000119
46658  -45.959  -30.804  -9.657 0.3000000119
50174  -47.670  -26.702  -13.289 0.4000000060
50182  -47.830  -26.124  -13.997 0.4000000060
108565  -48.257  -24.510  -14.912 0.3000000119
51060  -48.264  -25.268  -13.693 0.4000000060
53740  -48.250  -22.680  -15.925 0.3000000119
54625  -49.005  -21.597  -15.313 0.3000000119
53735  -48.783  -22.364  -15.072 0.3000000119
53727  -48.905  -22.805  -13.993 0.3000000119
55414  -49.556  -21.172  -14.489 0.3000000119
117467  -35.572  -28.383  -15.414 0.5000000000
48414  -36.503  -28.347  -15.591 0.5000000000
55423  -49.731  -20.498  -14.979 0.3000000119
54618  -49.228  -21.957  -13.963 0.3000000119
49323  -38.325  -26.878  -16.796 0.5000000000
50198  -40.006  -25.447  -18.607 0.5000000000
50187  -36.923  -26.796  -14.788 0.5000000000
51065  -37.877  -26.113  -14.365 0.5000000000
50188  -38.101  -26.613  -15.544 0.5000000000
121933  -39.320  -25.482  -15.469 0.4000000060
51057  -40.306  -24.429  -14.912 0.5000000000
51055  -37.224  -25.120  -14.045 0.4000000060
51921  -39.497  -24.266  -13.719 0.5000000000
51056  -38.657  -25.164  -14.099 0.4000000060
126983  -36.775  -24.282  -13.974 0.4000000060
51920  -37.712  -24.487  -13.501 0.5000000000
51911  -39.731  -23.660  -12.937 0.4000000060
52801  -38.102  -23.933  -12.916 0.5000000000
52809  -36.969  -23.670  -13.558 0.3000000119
52793  -40.236  -23.128  -12.215 0.4000000060
53719  -38.335  -23.212  -12.241 0.3000000119
53711  -39.117  -22.798  -11.314 0.3000000119
53718  -37.342  -22.271  -12.621 0.3000000119
53712  -40.946  -22.404  -11.466 0.3000000119
53710  -37.927  -22.116  -11.855 0.3000000119
110581  -39.806  -22.255  -10.569 0.3000000119
114842  -37.371  -21.661  -12.310 0.3000000119
53700  -38.556  -21.656  -11.006 0.3000000119
48413  -34.557  -28.556  -15.101 0.5000000000
49327  -48.214  -27.610  -16.228 0.3000000119
122836  -35.567  -27.830  -15.417 0.5000000000
111645  -36.111  -27.332  -15.147 0.4000000060
46657  -45.521  -30.933  -8.764 0.4000000060
46670  -46.368  -30.421  -10.475 0.4000000060
50199  -40.711  -24.974  -18.630 0.5000000000
45807  -46.624  -31.293  -11.071 0.4000000060
46689  -46.967  -30.051  -12.985 0.4000000060
47544  -36.830  -28.974  -14.903 0.5000000000
49313  -38.839  -27.226  -17.120 0.5000000000
49331  -39.849  -25.911  -18.566 0.5000000000
50189  -40.512  -24.570  -17.981 0.5000000000
122531  -40.780  -24.056  -16.589 0.5000000000
49316  -47.895  -27.718  -15.111 0.4000000060
50181  -47.672  -26.913  -14.109 0.4000000060
49315  -47.563  -27.690  -14.240 0.4000000060
47536  -47.116  -29.314  -13.248 0.4000000060
53734  -48.578  -23.052  -14.944 0.3000000119
52810  -48.649  -23.693  -14.121 0.3000000119
47543  -35.187  -29.067  -14.983 0.5000000000
119073  -35.918  -28.856  -15.212 0.5000000000
49311  -36.407  -28.044  -15.641 0.5000000000
49312  -37.706  -27.722  -15.902 0.5000000000
117333  -37.358  -27.550  -15.575 0.5000000000
49324  -39.177  -26.069  -18.061 0.5000000000
50197  -39.131  -25.793  -17.697 0.5000000000
53726  -37.249  -22.993  -13.091 0.3000000119
47549  -47.438  -29.303  -14.069 0.4000000060
37583  -37.605  -41.041  -16.364 0.6999999881
36681  -40.159  -41.150  -18.470 0.6999999881
116785  -38.917  -40.163  -17.840 0.6999999881
37591  -38.010  -40.670  -17.348 0.6999999881
38499  -37.730  -39.387  -16.894 0.6999999881
37584  -37.635  -40.189  -16.443 0.6999999881
38506  -38.386  -39.367  -17.351 0.6999999881
106798  -37.971  -39.916  -17.309 0.6999999881
43886  -47.847  -33.139  -12.130 0.3000000119
44819  -47.330  -32.641  -11.715 0.3000000119
44831  -47.712  -31.992  -13.160 0.3000000119
45820  -47.320  -31.538  -12.559 0.3000000119
44826  -47.568  -32.334  -12.390 0.3000000119
39422  -37.815  -38.643  -17.082 0.6999999881
44806  -47.055  -32.943  -11.166 0.3000000119
109433  -47.141  -31.899  -11.896 0.3000000119
45827  -47.400  -31.198  -13.316 0.3000000119
45833  -47.410  -30.742  -13.974 0.3000000119
46704  -47.614  -30.119  -14.410 0.3000000119
112827  -37.569  -38.015  -16.653 0.6999999881
44805  -46.689  -32.808  -10.600 0.3000000119
45797  -46.848  -32.180  -11.239 0.3000000119
46700  -47.246  -30.017  -13.690 0.3000000119
123675  -47.105  -30.767  -12.732 0.3000000119
48419  -47.724  -28.503  -14.540 0.3000000119
45796  -46.439  -31.979  -10.505 0.3000000119
120612  -46.287  -31.247  -10.311 0.3000000119
35128  -40.530  -42.962  -17.628 0.6999999881
35889  -40.371  -42.356  -18.291 0.6999999881
35881  -37.568  -42.305  -15.863 0.6999999881
36680  -39.539  -40.825  -18.343 0.6999999881
36676  -37.832  -41.390  -17.048 0.6999999881
36667  -37.567  -41.553  -15.513 0.6999999881
37568  -37.584  -40.780  -15.465 0.6999999881
43887  -48.569  -33.723  -12.530 0.3000000119
44827  -48.168  -32.783  -12.843 0.3000000119
45828  -47.845  -31.569  -14.019 0.3000000119
46705  -48.292  -30.187  -15.237 0.3000000119
47550  -48.066  -29.339  -14.875 0.3000000119
48420  -48.265  -28.520  -15.517 0.3000000119
43880  -48.097  -33.919  -11.770 0.3000000119
24680  -40.904  -55.400  -17.046 0.4000000060
25510  -41.549  -54.750  -17.184 0.4000000060
25505  -40.564  -54.716  -16.648 0.4000000060
25504  -39.682  -54.693  -16.388 0.4000000060
24681  -42.002  -55.515  -17.527 0.4000000060
29148  -39.773  -51.000  -15.954 0.5000000000
28249  -39.942  -51.660  -16.127 0.4000000060
27312  -40.236  -52.469  -16.270 0.4000000060
26377  -40.664  -53.264  -16.429 0.4000000060
108763  -40.181  -54.010  -16.376 0.4000000060
27313  -41.161  -52.489  -16.612 0.5000000000
26378  -41.712  -53.220  -16.904 0.4000000060
25511  -42.442  -54.009  -17.414 0.4000000060
29149  -40.543  -50.858  -16.340 0.5000000000
27314  -42.251  -52.302  -17.215 0.5000000000
121462  -43.553  -54.432  -17.855 0.5000000000
28251  -41.674  -51.747  -16.836 0.5000000000
109547  -41.674  -50.904  -16.719 0.5000000000
111601  -43.805  -53.754  -18.111 0.5000000000
25523  -44.263  -53.722  -19.169 0.5000000000
28255  -42.897  -51.250  -17.418 0.5000000000
29150  -42.911  -50.346  -17.066 0.6000000238
25513  -44.391  -53.718  -18.845 0.5000000000
28256  -44.432  -51.075  -18.277 0.5000000000
27321  -44.668  -52.028  -18.941 0.5000000000
26392  -43.806  -52.177  -19.326 0.6000000238
119773  -44.309  -52.723  -19.144 0.5000000000
28261  -42.691  -51.496  -19.470 0.5000000000
30052  -41.759  -49.095  -16.339 0.6000000238
28257  -44.675  -51.224  -18.910 0.5000000000
27327  -44.595  -51.980  -18.993 0.6000000238
112055  -43.450  -50.628  -19.391 0.6000000238
111880  -42.281  -50.647  -19.459 0.5000000000
29153  -39.364  -50.107  -18.019 0.5000000000
30060  -40.403  -49.906  -18.661 0.5000000000
30056  -39.859  -49.234  -18.191 0.5000000000
32612  -37.685  -46.061  -14.645 0.4000000060
30054  -43.455  -49.531  -17.239 0.6000000238
34335  -37.736  -44.800  -14.719 0.5000000000
29155  -44.468  -50.295  -18.628 0.5000000000
33506  -37.849  -45.376  -15.148 0.5000000000
30058  -44.142  -49.425  -18.323 0.6000000238
30062  -43.943  -49.438  -18.799 0.6000000238
32613  -37.943  -46.118  -15.594 0.5000000000
29158  -42.997  -49.842  -19.158 0.6000000238
110810  -41.807  -49.325  -18.802 0.6000000238
30920  -38.867  -48.749  -17.165 0.5000000000
29157  -41.450  -50.250  -19.216 0.5000000000
121006  -40.886  -48.989  -18.544 0.5000000000
33505  -37.649  -45.311  -14.292 0.4000000060
32611  -37.058  -46.808  -14.226 0.4000000060
35120  -37.659  -44.005  -14.728 0.5000000000
118286  -42.497  -48.382  -16.409 0.6000000238
34337  -37.813  -44.626  -15.711 0.5000000000
30918  -43.010  -48.040  -17.034 0.6000000238
120571  -43.100  -48.205  -18.147 0.6000000238
30061  -43.066  -48.868  -18.668 0.6000000238
30057  -42.042  -48.222  -18.487 0.6000000238
30055  -39.016  -49.448  -17.519 0.5000000000
30922  -41.489  -47.551  -18.040 0.6000000238
117119  -39.515  -48.594  -17.774 0.5000000000
30921  -40.231  -47.801  -17.860 0.5000000000
117279  -39.215  -47.997  -17.443 0.5000000000
34334  -37.587  -44.627  -14.019 0.4000000060
32603  -37.198  -45.880  -13.898 0.4000000060
35123  -37.613  -43.090  -15.236 0.5000000000
35124  -37.693  -43.788  -15.914 0.5000000000
35882  -37.782  -43.027  -16.497 0.5000000000
107102  -41.163  -46.168  -16.554 0.6000000238
32619  -41.654  -46.923  -16.343 0.6000000238
108696  -37.895  -44.221  -16.413 0.5000000000
33508  -38.021  -45.393  -16.280 0.5000000000
32620  -42.043  -47.098  -17.119 0.6000000238
31788  -38.919  -47.262  -17.297 0.5000000000
31792  -40.945  -47.063  -17.666 0.5000000000
122931  -38.442  -46.846  -16.749 0.5000000000
32618  -39.039  -46.352  -17.397 0.5000000000
31791  -39.804  -47.347  -17.687 0.5000000000
114799  -37.589  -43.169  -14.100 0.5000000000
35884  -38.019  -42.170  -17.119 0.6000000238
35127  -38.146  -43.755  -17.021 0.5000000000
109541  -41.059  -45.465  -16.835 0.6000000238
31793  -42.026  -47.131  -17.526 0.6000000238
34339  -38.384  -44.637  -17.186 0.5000000000
106108  -38.231  -46.181  -16.646 0.5000000000
121450  -41.539  -46.782  -17.484 0.6000000238
33510  -38.865  -45.521  -17.445 0.5000000000
34341  -39.938  -44.820  -18.241 0.5000000000
33512  -40.264  -45.719  -17.982 0.5000000000
105150  -37.416  -43.913  -13.720 0.4000000060
35878  -37.630  -42.228  -14.543 0.4000000060
33498  -37.263  -45.147  -13.605 0.4000000060
112452  -38.501  -43.006  -17.705 0.6000000238
34343  -41.181  -44.820  -18.345 0.6000000238
35129  -39.337  -43.804  -18.055 0.5000000000
34344  -40.378  -43.591  -18.186 0.6000000238
117821  -37.633  -41.249  -14.521 0.4000000060
115434  -37.654  -40.545  -14.649 0.5000000000
36653  -37.601  -41.670  -13.527 0.4000000060
35871  -37.501  -42.516  -13.393 0.4000000060
36677  -38.627  -41.363  -17.939 0.6000000238
35887  -38.911  -42.239  -18.325 0.6000000238
115514  -39.311  -42.883  -18.342 0.5000000000
35130  -39.958  -43.223  -18.421 0.5000000000
32616  -38.075  -46.865  -15.977 0.5000000000
115760  -38.607  -48.156  -16.750 0.5000000000
34318  -37.083  -43.905  -13.020 0.4000000060
126929  -41.220  -50.401  -16.541 0.6000000238
30917  -42.435  -47.795  -16.414 0.6000000238
35126  -40.471  -43.845  -16.599 0.6000000238
35131  -40.448  -43.318  -18.115 0.6000000238
126610  -40.762  -43.889  -17.878 0.6000000238
35890  -40.129  -42.721  -18.426 0.6000000238
116994  -39.659  -41.604  -18.595 0.6000000238
26382  -43.010  -53.022  -17.639 0.5000000000
27319  -43.669  -52.045  -17.941 0.5000000000
26391  -43.733  -53.128  -19.447 0.5000000000
28262  -44.289  -51.194  -19.285 0.6000000238
30059  -44.274  -49.819  -18.791 0.6000000238
30924  -43.640  -48.862  -18.418 0.6000000238
110468  -40.635  -48.379  -18.188 0.5000000000
30923  -42.513  -47.594  -17.810 0.6000000238
32621  -40.007  -46.648  -17.710 0.5000000000
33511  -41.248  -45.347  -17.839 0.6000000238
33513  -41.212  -45.316  -18.110 0.6000000238
106228  -40.994  -44.969  -18.588 0.6000000238
34342  -40.626  -44.275  -18.286 0.5000000000
37527  -51.041  -40.976  -11.905 0.3000000119
36613  -50.505  -41.143  -10.913 0.3000000119
108348  -51.148  -41.149  -12.999 0.3000000119
37528  -51.731  -41.044  -12.294 0.3000000119
37541  -51.497  -41.168  -13.541 0.3000000119
105524  -51.780  -42.467  -15.558 0.3000000119
37540  -50.695  -42.509  -14.730 0.3000000119
37576  -51.024  -42.985  -15.893 0.3000000119
37561  -51.143  -42.808  -15.310 0.3000000119
38480  -51.792  -42.428  -16.129 0.3000000119
41307  -51.355  -36.530  -15.760 0.3000000119
41301  -51.056  -36.587  -14.976 0.3000000119
42137  -50.658  -35.248  -15.458 0.3000000119
111529  -50.004  -35.398  -14.274 0.3000000119
112671  -50.179  -34.968  -14.802 0.3000000119
42131  -50.553  -35.813  -14.709 0.3000000119
42130  -49.676  -34.769  -14.157 0.3000000119
126187  -44.166  -54.388  -18.432 0.4000000060
36614  -51.200  -41.627  -11.092 0.3000000119
37542  -52.568  -40.940  -12.462 0.3000000119
25518  -44.510  -54.778  -18.955 0.4000000060
106446  -52.774  -40.834  -14.314 0.3000000119
37577  -52.270  -41.837  -15.603 0.3000000119
38479  -51.160  -42.194  -16.196 0.3000000119
41315  -51.684  -36.388  -16.627 0.3000000119
42138  -51.152  -35.550  -16.247 0.3000000119
43022  -50.319  -34.381  -15.550 0.3000000119
37562  -52.022  -41.010  -14.018 0.3000000119
38493  -52.339  -41.689  -16.634 0.3000000119
116810  -32.861  -58.722  -16.191 0.4000000060
22467  -33.391  -58.354  -15.782 0.3000000119
23116  -34.070  -57.714  -15.658 0.3000000119
23836  -34.711  -56.307  -16.009 0.3000000119
27323  -38.900  -52.407  -18.260 0.4000000060
28258  -39.120  -51.648  -18.242 0.4000000060
111431  -39.187  -53.009  -18.442 0.4000000060
26386  -39.594  -53.645  -18.689 0.4000000060
29152  -38.707  -50.228  -17.511 0.4000000060
29156  -39.656  -50.799  -18.440 0.4000000060
28259  -40.053  -51.443  -18.796 0.4000000060
115512  -40.483  -52.121  -19.009 0.4000000060
27326  -41.496  -52.155  -19.430 0.4000000060
26387  -40.352  -53.546  -19.042 0.4000000060
27325  -40.830  -52.840  -19.237 0.4000000060
30039  -36.077  -49.289  -15.082 0.3000000119
125337  -38.639  -49.309  -16.943 0.4000000060
28260  -41.170  -51.217  -19.396 0.4000000060
30912  -36.747  -48.931  -15.151 0.3000000119
30904  -36.667  -48.229  -14.665 0.3000000119
27328  -41.716  -52.878  -19.494 0.4000000060
111615  -40.479  -50.710  -19.020 0.4000000060
31785  -37.817  -47.588  -15.562 0.4000000060
26385  -38.854  -53.834  -18.342 0.4000000060
28254  -38.760  -50.952  -17.864 0.4000000060
117431  -39.611  -52.248  -18.537 0.4000000060
27324  -39.990  -52.899  -18.775 0.4000000060
18790  -37.290  -63.154  -16.764 0.3000000119
20463  -38.710  -61.139  -17.133 0.3000000119
21200  -38.492  -60.152  -16.695 0.3000000119
21850  -39.016  -59.594  -16.951 0.3000000119
22486  -40.744  -59.158  -17.512 0.3000000119
21852  -41.724  -60.238  -18.139 0.3000000119
21853  -42.539  -59.687  -18.443 0.3000000119
22487  -41.884  -58.645  -17.909 0.3000000119
23130  -42.947  -58.129  -18.242 0.3000000119
22488  -43.433  -59.114  -18.759 0.3000000119
23846  -41.250  -56.741  -17.456 0.3000000119
107751  -42.357  -57.298  -17.778 0.3000000119
23131  -43.541  -57.390  -18.394 0.3000000119
23848  -43.901  -56.547  -18.382 0.3000000119
23124  -38.543  -58.134  -16.460 0.3000000119
113917  -42.840  -54.902  -17.601 0.3000000119
23847  -42.612  -56.480  -17.708 0.3000000119
21210  -39.425  -60.367  -17.308 0.3000000119
18773  -34.263  -63.471  -12.009 0.3000000119
20451  -35.389  -61.443  -15.031 0.4000000060
21833  -34.699  -59.447  -12.935 0.3000000119
22470  -37.562  -58.378  -15.803 0.4000000060
22478  -38.079  -58.679  -16.259 0.4000000060
22479  -38.760  -58.892  -16.682 0.3000000119
23107  -35.055  -57.494  -13.244 0.3000000119
23108  -35.610  -57.524  -13.983 0.4000000060
23117  -36.716  -57.144  -15.188 0.4000000060
23118  -37.234  -57.723  -15.501 0.4000000060
23123  -37.949  -57.657  -15.967 0.4000000060
23129  -41.391  -57.637  -17.592 0.3000000119
23818  -34.833  -56.036  -12.626 0.3000000119
23826  -35.792  -56.194  -14.006 0.4000000060
23827  -36.274  -56.641  -14.694 0.4000000060
24661  -35.352  -55.586  -13.276 0.3000000119
24682  -43.473  -55.726  -17.822 0.3000000119
25475  -34.407  -54.243  -10.035 0.3000000119
25480  -34.407  -54.299  -10.997 0.3000000119
25489  -35.825  -54.171  -13.751 0.3000000119
25506  -41.158  -54.015  -16.699 0.4000000060
26362  -36.332  -53.547  -14.062 0.3000000119
26376  -39.647  -53.251  -16.126 0.4000000060
26383  -44.261  -52.740  -18.620 0.5000000000
26388  -44.437  -52.732  -18.970 0.5000000000
27226  -35.652  -52.138  -7.262 0.3000000119
27258  -34.635  -53.092  -9.287 0.3000000119
27273  -34.665  -52.958  -10.367 0.3000000119
27289  -35.505  -52.576  -12.314 0.3000000119
27290  -36.142  -52.077  -13.182 0.3000000119
27306  -38.226  -52.517  -15.287 0.4000000060
27320  -44.560  -51.779  -18.720 0.5000000000
28155  -37.012  -51.136  -7.025 0.3000000119
28178  -35.798  -51.270  -7.782 0.3000000119
28205  -35.197  -51.514  -10.162 0.3000000119
28232  -36.704  -51.481  -13.480 0.3000000119
28239  -38.039  -51.237  -14.718 0.4000000060
28250  -40.783  -51.715  -16.490 0.5000000000
29055  -36.135  -50.305  -7.917 0.3000000119
29056  -36.581  -50.412  -7.391 0.3000000119
29059  -39.946  -50.271  -8.115 0.3000000119
29106  -35.999  -50.643  -11.573 0.3000000119
29133  -38.378  -50.478  -14.566 0.5000000000
29142  -40.123  -50.282  -15.895 0.6000000238
29154  -43.997  -50.237  -17.789 0.6000000238
29159  -44.307  -50.268  -19.059 0.6000000238
30004  -35.827  -50.017  -10.309 0.3000000119
30021  -36.368  -49.877  -11.659 0.3000000119
30022  -36.912  -49.599  -12.373 0.3000000119
30031  -37.437  -49.560  -13.232 0.3000000119
30032  -38.225  -49.203  -13.759 0.4000000060
30041  -38.756  -49.714  -14.362 0.5000000000
30042  -39.520  -49.392  -14.760 0.5000000000
30053  -42.915  -48.898  -16.661 0.6000000238
30819  -38.945  -48.479  -6.352 0.3000000119
30828  -36.800  -48.987  -7.676 0.3000000119
30830  -39.628  -48.775  -6.817 0.3000000119
30842  -36.602  -48.553  -8.512 0.3000000119
30844  -42.538  -48.873  -8.420 0.3000000119
30895  -39.633  -48.025  -13.974 0.6000000238
30916  -41.666  -47.569  -15.953 0.6999999881
30919  -43.559  -48.705  -17.601 0.6000000238
31691  -39.132  -47.403  -6.373 0.3000000119
31703  -41.463  -47.581  -7.183 0.3000000119
31713  -36.996  -47.853  -8.456 0.3000000119
31715  -42.780  -47.921  -8.012 0.3000000119
31723  -36.814  -47.863  -9.189 0.3000000119
31724  -37.228  -47.299  -9.676 0.3000000119
31750  -36.931  -48.039  -10.858 0.3000000119
31751  -37.480  -47.531  -11.333 0.3000000119
31779  -34.374  -47.259  -14.735 0.5000000000
31783  -40.556  -47.476  -14.369 0.6999999881
31786  -38.294  -47.519  -16.356 0.5000000000
31790  -42.456  -47.473  -17.066 0.6000000238
32523  -40.363  -46.162  -6.433 0.3000000119
32532  -38.142  -46.734  -7.201 0.3000000119
32534  -42.541  -46.448  -7.166 0.3000000119
32536  -43.820  -45.904  -7.797 0.3000000119
32545  -37.679  -46.796  -8.115 0.3000000119
32546  -38.064  -46.115  -8.706 0.3000000119
32571  -37.666  -46.720  -10.145 0.3000000119
32605  -41.262  -46.247  -13.857 0.6999999881
32622  -41.045  -46.249  -17.669 0.6000000238
32623  -41.255  -46.425  -17.392 0.6000000238
33426  -42.583  -45.614  -6.894 0.3000000119
33468  -38.610  -45.531  -10.218 0.4000000060
34254  -40.104  -44.765  -6.836 0.3000000119
34257  -41.836  -44.434  -6.526 0.3000000119
34268  -39.684  -44.387  -7.276 0.3000000119
34278  -39.332  -44.164  -7.936 0.3000000119
34307  -40.166  -44.658  -11.122 0.6000000238
34308  -40.707  -44.288  -11.682 0.6000000238
34328  -36.737  -44.920  -13.146 0.5000000000
34329  -37.157  -44.488  -13.311 0.4000000060
34340  -41.163  -44.638  -17.758 0.6000000238
35053  -40.500  -43.151  -7.291 0.3000000119
35073  -39.673  -43.594  -8.429 0.3000000119
35083  -39.603  -43.787  -9.214 0.4000000060
35103  -36.769  -43.421  -12.588 0.5000000000
35811  -40.925  -42.671  -7.031 0.3000000119
35812  -41.451  -42.619  -6.809 0.3000000119
35814  -42.819  -42.336  -6.761 0.4000000060
35822  -41.205  -42.113  -7.214 0.3000000119
35832  -47.453  -41.981  -8.614 0.4000000060
35844  -41.123  -42.905  -11.076 0.6999999881
35845  -50.166  -41.685  -10.221 0.4000000060
35888  -39.727  -42.371  -18.597 0.5000000000
36576  -42.403  -41.931  -6.870 0.3000000119
36582  -41.601  -41.572  -7.481 0.4000000060
36585  -44.846  -41.395  -7.573 0.4000000060
36599  -41.258  -41.679  -8.589 0.4000000060
36601  -47.724  -41.092  -8.967 0.4000000060
36670  -47.601  -43.471  -15.916 0.4000000060
36673  -37.641  -41.694  -16.377 0.6999999881
36682  -40.114  -41.889  -18.647 0.6000000238
37473  -45.192  -40.749  -7.897 0.4000000060
37481  -44.695  -40.312  -8.340 0.4000000060
37492  -44.958  -40.115  -9.152 0.4000000060
37497  -49.135  -40.749  -10.563 0.4000000060
37559  -50.223  -42.774  -15.027 0.4000000060
37575  -50.678  -42.664  -15.934 0.4000000060
38406  -43.425  -39.852  -8.919 0.4000000060
38418  -44.477  -39.945  -9.649 0.4000000060
38425  -43.578  -39.807  -10.533 0.5000000000
38426  -44.343  -39.959  -10.391 0.4000000060
38485  -37.717  -39.608  -16.008 0.6999999881
39368  -49.027  -38.059  -11.998 0.4000000060
39377  -37.678  -38.847  -12.243 0.4000000060
39417  -45.711  -38.386  -16.840 0.4000000060
39418  -46.010  -38.887  -16.957 0.4000000060
39428  -38.679  -38.610  -17.405 0.8000000119
40361  -45.295  -38.093  -11.177 0.5000000000
41242  -44.530  -36.169  -9.137 0.5000000000
41252  -45.266  -36.154  -9.286 0.5000000000
41276  -48.464  -36.375  -11.507 0.3000000119
41290  -38.449  -36.706  -13.849 0.6999999881
42075  -44.067  -35.600  -8.742 0.5000000000
42087  -47.079  -34.879  -9.922 0.4000000060
42107  -37.991  -35.786  -11.841 0.6000000238
42111  -48.798  -35.965  -12.010 0.3000000119
42132  -50.938  -35.941  -15.411 0.3000000119
42952  -43.271  -34.073  -8.039 0.5000000000
42961  -43.489  -34.932  -8.443 0.5000000000
42969  -40.944  -34.006  -9.808 0.6000000238
42982  -47.977  -34.959  -10.991 0.4000000060
42990  -37.792  -34.287  -11.541 0.5000000000
43033  -41.429  -34.397  -17.992 0.6999999881
43831  -42.282  -33.248  -7.892 0.5000000000
43845  -41.181  -33.149  -8.543 0.6000000238
43860  -46.051  -33.759  -9.325 0.4000000060
43914  -41.141  -32.418  -18.687 0.6999999881
44767  -41.913  -32.547  -7.768 0.5000000000
44779  -41.245  -32.484  -8.220 0.6000000238
44856  -40.971  -31.624  -18.785 0.6999999881
44857  -41.263  -31.512  -18.481 0.6999999881
45779  -45.536  -31.754  -9.097 0.5000000000
45846  -41.350  -29.857  -17.838 0.6999999881
45853  -41.306  -30.448  -18.159 0.6999999881
46637  -42.180  -30.807  -7.365 0.5000000000
46647  -40.911  -30.654  -8.439 0.5000000000
46656  -40.574  -30.472  -9.290 0.5000000000
46714  -41.228  -30.119  -18.182 0.6999999881
47475  -42.019  -29.128  -7.093 0.5000000000
47483  -43.424  -29.764  -7.116 0.5000000000
47496  -46.224  -29.347  -9.272 0.4000000060
48352  -41.848  -28.360  -6.962 0.5000000000
48363  -46.291  -27.892  -8.404 0.4000000060
48426  -40.529  -26.771  -18.045 0.6000000238
49255  -41.944  -27.786  -6.671 0.5000000000
49290  -40.599  -27.632  -11.077 0.6000000238
50190  -41.064  -24.586  -17.990 0.6000000238
50205  -40.496  -25.625  -18.681 0.6000000238
51002  -46.227  -25.145  -6.826 0.5000000000
51849  -44.727  -23.997  -5.705 0.5000000000
52714  -43.588  -23.450  -5.672 0.4000000060
52715  -44.372  -23.431  -5.597 0.5000000000
52731  -46.284  -23.659  -6.641 0.4000000060
53643  -42.995  -22.715  -5.787 0.4000000060
53659  -46.817  -22.329  -7.007 0.4000000060
54544  -45.383  -21.242  -5.795 0.3000000119
54562  -41.580  -21.317  -8.026 0.4000000060
54579  -41.478  -20.821  -9.143 0.4000000060
54611  -37.169  -21.192  -12.407 0.3000000119
55324  -42.361  -20.388  -5.718 0.3000000119
55327  -44.892  -20.615  -5.624 0.3000000119
55344  -47.220  -20.400  -6.928 0.3000000119
55359  -47.672  -20.614  -7.644 0.3000000119
55374  -41.478  -20.692  -8.489 0.4000000060
55376  -48.888  -20.459  -8.864 0.4000000060
55402  -37.490  -20.401  -11.627 0.3000000119
56151  -41.878  -19.701  -5.948 0.3000000119
56154  -44.078  -19.851  -5.307 0.3000000119
56195  -48.390  -19.837  -8.499 0.4000000060
56241  -51.348  -18.847  -13.717 0.3000000119
57015  -43.614  -19.020  -5.215 0.3000000119
57051  -47.437  -18.491  -7.666 0.3000000119
57083  -50.178  -18.876  -10.251 0.3000000119
57930  -45.970  -17.527  -6.013 0.3000000119
58774  -44.651  -16.180  -5.441 0.3000000119
58775  -45.334  -16.781  -5.668 0.3000000119
58817  -47.168  -16.663  -7.857 0.3000000119
59682  -43.894  -15.494  -5.331 0.3000000119
60637  -47.317  -14.555  -9.939 0.3000000119
60653  -47.526  -14.423  -10.709 0.3000000119
61471  -44.474  -13.401  -5.643 0.3000000119
61496  -45.464  -13.723  -6.251 0.3000000119
63339  -48.309  -11.939  -13.467 0.3000000119
63340  -48.717  -11.548  -13.821 0.3000000119
64240  -49.096  -10.619  -14.491 0.3000000119
106182  -45.154  -30.930  -7.896 0.5000000000
107542  -42.297  -17.322  -5.725 0.3000000119
108718  -36.664  -32.363  -11.579 0.5000000000
109518  -38.534  -46.174  -6.993 0.3000000119
110262  -42.422  -15.836  -5.512 0.3000000119
110960  -47.242  -40.698  -10.561 0.4000000060
111904  -50.619  -20.504  -11.828 0.3000000119
112041  -42.114  -49.883  -16.632 0.6000000238
113198  -37.406  -35.767  -11.191 0.5000000000
113234  -46.505  -21.760  -6.565 0.4000000060
113605  -45.636  -33.190  -8.976 0.4000000060
113641  -37.037  -58.937  -15.522 0.4000000060
113953  -38.314  -54.164  -15.735 0.4000000060
114210  -38.093  -35.989  -15.619 0.6999999881
114958  -34.895  -54.025  -8.270 0.3000000119
115157  -43.846  -44.015  -7.455 0.3000000119
115437  -45.626  -42.976  -8.160 0.4000000060
115926  -37.812  -37.908  -17.183 0.6999999881
116118  -34.683  -57.136  -15.768 0.3000000119
116133  -48.591  -24.768  -12.953 0.5000000000
116497  -34.383  -62.151  -13.153 0.4000000060
116853  -40.329  -41.614  -18.401 0.6999999881
117226  -42.622  -44.832  -6.782 0.3000000119
117711  -40.621  -44.759  -12.366 0.6999999881
118253  -43.285  -42.855  -6.833 0.4000000060
118990  -41.077  -42.027  -9.240 0.4000000060
119242  -46.985  -43.056  -8.583 0.4000000060
119467  -40.898  -42.739  -10.355 0.5000000000
119950  -34.769  -58.035  -12.919 0.3000000119
120594  -47.139  -17.854  -7.335 0.3000000119
120829  -37.806  -36.472  -16.570 0.6999999881
120988  -41.431  -30.318  -17.764 0.6999999881
121322  -41.107  -30.188  -18.326 0.6999999881
121461  -36.968  -55.565  -15.103 0.4000000060
121705  -35.801  -52.304  -12.780 0.3000000119
121710  -42.593  -33.839  -8.036 0.4000000060
121725  -39.413  -54.040  -16.212 0.4000000060
122079  -41.013  -27.460  -8.385 0.6000000238
122732  -47.443  -17.203  -8.189 0.3000000119
122969  -40.918  -44.169  -18.165 0.6000000238
122985  -41.970  -41.085  -7.881 0.4000000060
124788  -34.415  -56.251  -11.464 0.3000000119
124825  -40.486  -29.420  -10.291 0.6999999881
124898  -38.556  -51.580  -17.914 0.4000000060
125015  -47.227  -30.545  -13.341 0.3000000119
125168  -39.842  -16.916  -7.815 0.3000000119
125237  -38.760  -40.728  -17.940 0.6999999881
125251  -45.129  -28.751  -7.341 0.4000000060
125374  -44.539  -20.239  -5.488 0.3000000119
125886  -41.465  -41.391  -8.030 0.4000000060
126498  -42.895  -20.251  -5.399 0.3000000119
126528  -37.351  -49.056  -12.663 0.3000000119
126653  -37.008  -37.586  -11.223 0.5000000000
127035  -37.095  -49.402  -7.185 0.3000000119
127194  -41.335  -56.021  -17.394 0.3000000119
127345  -41.315  -27.499  -7.662 0.6000000238
127365  -37.126  -48.919  -12.146 0.3000000119
