#!ascii label  , from subject freesurfer vox2ras=TkReg
546
111777  -43.886  -70.070  -4.383 0.0000000000
17797  -47.850  -64.510  -10.806 0.0000000000
14848  -44.589  -66.979  -3.080 0.0000000000
16794  -44.216  -65.498  -6.693 0.0000000000
18657  -44.170  -62.741  -4.133 0.0000000000
13928  -51.443  -68.771  -0.394 0.0000000000
19450  -46.061  -62.579  2.263 0.0000000000
23669  -44.828  -56.460  4.243 0.0000000000
125565  -41.721  -63.996  0.274 0.0000000000
17717  -43.737  -64.829  -3.592 0.0000000000
18626  -39.672  -63.128  -1.218 0.0000000000
16728  -47.803  -65.267  -0.097 0.0000000000
108782  -48.555  -61.824  2.553 0.0000000000
25300  -45.957  -54.504  4.762 0.0000000000
24494  -47.167  -55.673  3.311 0.0000000000
13119  -37.824  -69.802  -5.187 0.0000000000
16832  -45.449  -64.896  -8.593 0.0000000000
123096  -41.857  -69.333  -8.737 0.0000000000
113043  -44.873  -69.386  -10.508 0.0000000000
13985  -48.762  -68.867  -5.454 0.0000000000
14863  -42.775  -67.534  -4.817 0.0000000000
17728  -49.351  -63.452  -5.232 0.0000000000
20364  -48.852  -60.638  -7.105 0.0000000000
13937  -46.562  -68.376  -1.823 0.0000000000
17669  -44.674  -64.412  0.425 0.0000000000
105270  -43.065  -61.243  2.396 0.0000000000
21653  -47.225  -59.871  4.652 0.0000000000
21677  -47.306  -59.006  2.904 0.0000000000
106076  -45.145  -58.888  2.713 0.0000000000
22984  -44.070  -57.242  1.285 0.0000000000
13158  -39.396  -69.495  -7.438 0.0000000000
18711  -43.254  -62.923  -9.340 0.0000000000
17821  -46.123  -64.059  -12.429 0.0000000000
14109  -43.486  -68.441  -13.495 0.0000000000
20264  -40.551  -61.959  1.817 0.0000000000
18596  -40.304  -63.539  0.133 0.0000000000
13123  -41.032  -69.461  -4.187 0.0000000000
17796  -47.576  -64.515  -9.771 0.0000000000
15888  -45.418  -66.995  -9.533 0.0000000000
117941  -46.062  -67.800  -10.115 0.0000000000
121808  -44.742  -69.721  -11.597 0.0000000000
14947  -46.755  -66.991  -11.139 0.0000000000
14855  -47.175  -67.941  -3.736 0.0000000000
15806  -47.868  -67.181  -4.141 0.0000000000
112879  -44.492  -63.711  -3.747 0.0000000000
18650  -46.862  -63.966  -4.001 0.0000000000
120169  -47.278  -63.208  -4.192 0.0000000000
19525  -49.384  -62.020  -5.710 0.0000000000
115984  -46.391  -61.764  -5.194 0.0000000000
13107  -47.953  -70.464  -3.317 0.0000000000
13956  -48.663  -69.075  -1.585 0.0000000000
18583  -46.543  -63.567  1.283 0.0000000000
17670  -45.789  -64.450  0.379 0.0000000000
18582  -45.604  -63.561  1.354 0.0000000000
18580  -43.626  -62.984  1.171 0.0000000000
19424  -44.387  -62.236  2.197 0.0000000000
22299  -46.369  -58.927  4.445 0.0000000000
21659  -47.605  -59.651  3.797 0.0000000000
111806  -47.000  -57.927  3.309 0.0000000000
24509  -47.374  -56.053  2.769 0.0000000000
22972  -46.471  -56.771  2.606 0.0000000000
23687  -46.476  -56.328  2.242 0.0000000000
111360  -44.750  -58.133  2.331 0.0000000000
15824  -43.726  -66.352  -5.757 0.0000000000
118003  -41.001  -67.668  -5.514 0.0000000000
15834  -42.053  -66.909  -6.697 0.0000000000
10867  -40.591  -72.032  -9.084 0.0000000000
19597  -43.388  -62.525  -11.803 0.0000000000
17811  -45.516  -62.861  -12.374 0.0000000000
14946  -43.552  -67.282  -11.581 0.0000000000
122182  -42.626  -65.648  -1.484 0.0000000000
15804  -44.672  -66.306  -3.352 0.0000000000
16749  -41.728  -65.097  -2.227 0.0000000000
17704  -41.296  -64.467  -2.740 0.0000000000
18635  -40.718  -63.122  -2.963 0.0000000000
15790  -49.322  -66.909  -0.503 0.0000000000
110525  -48.190  -63.392  1.365 0.0000000000
19426  -46.940  -62.150  2.222 0.0000000000
24485  -45.109  -55.585  4.191 0.0000000000
119245  -46.136  -55.655  3.678 0.0000000000
24486  -46.485  -54.929  4.008 0.0000000000
25313  -48.067  -54.795  3.721 0.0000000000
25334  -48.855  -54.732  2.516 0.0000000000
120639  -44.327  -65.354  -7.403 0.0000000000
15863  -42.907  -66.972  -7.879 0.0000000000
15864  -43.682  -66.812  -8.529 0.0000000000
13184  -42.953  -69.662  -9.508 0.0000000000
11653  -42.835  -72.151  -10.629 0.0000000000
11670  -43.133  -72.163  -11.495 0.0000000000
11688  -43.620  -71.005  -13.473 0.0000000000
11707  -43.672  -70.643  -15.161 0.0000000000
13127  -46.674  -70.094  -5.401 0.0000000000
13125  -43.105  -69.219  -4.431 0.0000000000
14866  -46.275  -67.002  -5.492 0.0000000000
119187  -45.309  -65.628  -5.867 0.0000000000
16770  -47.138  -65.632  -3.849 0.0000000000
16779  -49.961  -65.244  -5.116 0.0000000000
17741  -47.354  -64.136  -6.354 0.0000000000
18677  -47.745  -63.483  -6.864 0.0000000000
18697  -49.094  -62.390  -8.423 0.0000000000
18742  -49.079  -62.161  -9.199 0.0000000000
105223  -47.741  -70.592  -4.696 0.0000000000
13967  -48.117  -69.370  -4.003 0.0000000000
15795  -45.170  -67.427  -2.195 0.0000000000
15789  -47.229  -67.018  -0.871 0.0000000000
15783  -45.199  -66.290  -0.865 0.0000000000
116410  -43.974  -65.585  -0.739 0.0000000000
18598  -43.144  -63.464  0.608 0.0000000000
20266  -42.392  -62.301  1.685 0.0000000000
106068  -42.069  -60.403  2.533 0.0000000000
20999  -48.418  -60.676  3.342 0.0000000000
20251  -48.091  -60.961  2.810 0.0000000000
106775  -46.489  -60.785  2.711 0.0000000000
22961  -46.955  -57.339  3.073 0.0000000000
21676  -46.489  -58.886  2.734 0.0000000000
21013  -45.478  -59.729  2.900 0.0000000000
21675  -44.109  -59.707  2.754 0.0000000000
105724  -43.034  -59.421  2.506 0.0000000000
13980  -40.270  -68.349  -4.686 0.0000000000
13148  -38.326  -69.345  -6.225 0.0000000000
13160  -41.187  -69.185  -8.238 0.0000000000
11628  -39.737  -71.765  -8.663 0.0000000000
20362  -46.199  -61.024  -6.485 0.0000000000
115013  -48.190  -61.026  -8.213 0.0000000000
18740  -47.488  -62.944  -11.078 0.0000000000
18739  -46.334  -62.879  -11.111 0.0000000000
17823  -47.273  -63.429  -12.787 0.0000000000
15916  -46.069  -66.665  -12.469 0.0000000000
14130  -44.406  -68.734  -14.377 0.0000000000
21010  -41.099  -60.597  2.311 0.0000000000
122478  -41.185  -70.485  -4.029 0.0000000000
12375  -41.913  -70.276  -4.091 0.0000000000
16855  -47.263  -65.364  -10.340 0.0000000000
116917  -46.725  -66.027  -9.987 0.0000000000
15890  -47.038  -66.148  -10.667 0.0000000000
16869  -47.435  -65.164  -11.263 0.0000000000
14854  -45.658  -67.528  -3.152 0.0000000000
15805  -45.856  -67.132  -3.390 0.0000000000
18658  -45.192  -63.014  -3.921 0.0000000000
127341  -46.095  -63.298  -4.016 0.0000000000
18659  -46.024  -62.529  -4.469 0.0000000000
19516  -47.403  -62.444  -4.669 0.0000000000
19514  -44.865  -62.086  -4.570 0.0000000000
12344  -50.797  -70.075  -0.635 0.0000000000
12359  -50.564  -69.966  -1.427 0.0000000000
13957  -49.707  -69.433  -1.613 0.0000000000
13939  -50.831  -68.338  -0.771 0.0000000000
123880  -46.030  -63.226  1.843 0.0000000000
19449  -45.155  -62.975  2.051 0.0000000000
19425  -45.286  -62.030  2.522 0.0000000000
24484  -44.209  -55.749  4.598 0.0000000000
23668  -44.099  -56.535  4.575 0.0000000000
22956  -44.612  -57.322  4.527 0.0000000000
22950  -45.216  -58.100  4.512 0.0000000000
22957  -45.534  -57.335  4.129 0.0000000000
22951  -46.258  -58.131  4.054 0.0000000000
107301  -47.682  -55.633  2.264 0.0000000000
24524  -46.583  -56.003  1.366 0.0000000000
24525  -47.217  -55.548  1.052 0.0000000000
16784  -44.324  -65.789  -6.098 0.0000000000
15822  -42.092  -66.886  -5.938 0.0000000000
15835  -42.621  -66.446  -6.427 0.0000000000
115166  -44.837  -64.378  -11.549 0.0000000000
15904  -43.767  -66.589  -11.188 0.0000000000
127136  -43.175  -66.931  -10.952 0.0000000000
17680  -41.811  -64.659  -0.471 0.0000000000
16739  -42.021  -65.262  -1.451 0.0000000000
18612  -39.781  -63.257  -0.468 0.0000000000
17693  -40.538  -64.351  -1.623 0.0000000000
18627  -40.002  -63.637  -1.814 0.0000000000
18636  -41.101  -63.788  -3.201 0.0000000000
124076  -39.777  -62.903  -1.902 0.0000000000
19452  -47.739  -62.670  1.980 0.0000000000
25299  -45.042  -54.800  4.814 0.0000000000
122103  -45.694  -55.072  4.236 0.0000000000
121379  -48.639  -54.774  3.312 0.0000000000
12390  -37.242  -70.418  -6.260 0.0000000000
17758  -44.850  -64.733  -7.777 0.0000000000
16830  -44.009  -66.041  -7.937 0.0000000000
15865  -44.499  -66.297  -8.972 0.0000000000
13186  -44.654  -68.962  -9.937 0.0000000000
14052  -44.207  -68.262  -9.567 0.0000000000
13185  -43.854  -69.532  -10.063 0.0000000000
12436  -42.948  -71.376  -10.325 0.0000000000
121018  -43.365  -71.696  -10.980 0.0000000000
13216  -45.365  -69.147  -12.106 0.0000000000
12450  -44.300  -70.395  -11.688 0.0000000000
12465  -44.248  -70.301  -13.014 0.0000000000
12466  -44.572  -69.226  -14.037 0.0000000000
13137  -47.990  -69.601  -5.976 0.0000000000
13136  -45.596  -69.283  -5.090 0.0000000000
15826  -46.958  -66.221  -5.581 0.0000000000
16768  -43.712  -65.751  -3.344 0.0000000000
16769  -45.467  -65.519  -3.611 0.0000000000
17726  -49.619  -65.080  -4.688 0.0000000000
17727  -49.379  -64.136  -4.953 0.0000000000
17736  -49.291  -64.904  -5.454 0.0000000000
17742  -48.649  -63.825  -5.998 0.0000000000
20346  -49.205  -61.209  -6.463 0.0000000000
19541  -49.425  -61.623  -6.624 0.0000000000
19557  -49.388  -61.630  -8.019 0.0000000000
18717  -49.366  -62.036  -8.939 0.0000000000
20382  -49.210  -61.023  -8.258 0.0000000000
112092  -47.465  -69.444  -2.531 0.0000000000
121713  -47.478  -69.856  -3.087 0.0000000000
13955  -46.686  -68.986  -2.615 0.0000000000
13953  -46.556  -68.340  -3.254 0.0000000000
13954  -45.941  -68.045  -2.460 0.0000000000
111643  -48.098  -66.496  -0.458 0.0000000000
16744  -47.242  -65.686  -0.358 0.0000000000
16726  -45.332  -64.900  -0.067 0.0000000000
16743  -45.899  -65.556  -0.375 0.0000000000
16742  -44.834  -65.525  -0.475 0.0000000000
123011  -44.421  -66.058  -1.044 0.0000000000
16725  -44.292  -64.946  -0.123 0.0000000000
17682  -43.382  -65.108  -0.363 0.0000000000
17668  -43.543  -64.376  0.299 0.0000000000
19448  -43.652  -62.376  1.758 0.0000000000
19447  -43.098  -62.481  1.428 0.0000000000
20246  -42.460  -61.604  2.188 0.0000000000
122821  -41.908  -61.821  2.111 0.0000000000
120180  -42.481  -60.944  2.453 0.0000000000
20988  -48.395  -60.662  4.018 0.0000000000
21664  -47.342  -59.033  3.221 0.0000000000
21015  -47.864  -60.147  2.993 0.0000000000
115765  -47.496  -59.697  2.889 0.0000000000
21014  -47.418  -60.364  2.753 0.0000000000
23671  -46.825  -56.523  3.185 0.0000000000
22322  -46.084  -58.106  2.567 0.0000000000
22323  -46.842  -57.653  2.825 0.0000000000
107475  -44.835  -60.576  2.941 0.0000000000
22970  -44.292  -57.649  1.724 0.0000000000
22320  -43.596  -58.971  2.400 0.0000000000
105410  -43.737  -58.274  1.987 0.0000000000
22319  -42.952  -58.662  2.211 0.0000000000
13983  -43.442  -68.299  -4.588 0.0000000000
13981  -41.258  -68.439  -4.551 0.0000000000
14862  -41.853  -67.720  -4.882 0.0000000000
14011  -40.223  -68.239  -6.544 0.0000000000
14010  -39.354  -68.355  -6.044 0.0000000000
13149  -38.909  -68.926  -6.662 0.0000000000
12401  -38.358  -70.368  -7.408 0.0000000000
122949  -39.104  -70.172  -7.614 0.0000000000
14033  -41.975  -68.731  -8.393 0.0000000000
14904  -42.104  -67.983  -7.934 0.0000000000
10875  -39.960  -72.678  -9.206 0.0000000000
121900  -40.366  -71.436  -8.793 0.0000000000
118510  -44.900  -60.906  -5.441 0.0000000000
20343  -44.205  -60.708  -5.306 0.0000000000
19556  -47.294  -61.429  -8.080 0.0000000000
19574  -48.140  -61.629  -8.847 0.0000000000
116401  -46.806  -62.246  -8.802 0.0000000000
17812  -46.314  -62.662  -13.175 0.0000000000
18758  -45.943  -62.682  -12.712 0.0000000000
117970  -46.859  -62.713  -12.303 0.0000000000
17822  -46.927  -63.110  -13.329 0.0000000000
16881  -46.643  -64.887  -12.432 0.0000000000
16880  -46.200  -65.723  -12.444 0.0000000000
14961  -44.551  -67.685  -12.696 0.0000000000
14110  -44.557  -68.292  -13.767 0.0000000000
14129  -43.989  -68.672  -14.619 0.0000000000
19463  -41.111  -63.474  0.722 0.0000000000
17666  -40.936  -64.134  -0.068 0.0000000000
19445  -40.804  -62.708  1.352 0.0000000000
19462  -40.144  -63.047  0.821 0.0000000000
19461  -39.416  -62.497  0.495 0.0000000000
25301  -46.862  -54.411  4.759 0.0000000000
25290  -47.408  -54.052  5.753 0.0000000000
13121  -39.055  -69.311  -4.375 0.0000000000
17775  -46.393  -64.547  -8.821 0.0000000000
16853  -45.546  -65.873  -9.325 0.0000000000
16854  -46.424  -65.176  -9.447 0.0000000000
15889  -46.499  -66.834  -10.045 0.0000000000
12438  -44.316  -70.048  -10.795 0.0000000000
14053  -45.629  -68.663  -10.585 0.0000000000
14072  -46.004  -68.110  -11.593 0.0000000000
13217  -45.660  -68.670  -11.682 0.0000000000
114597  -48.298  -68.701  -4.436 0.0000000000
14856  -49.193  -67.964  -5.126 0.0000000000
15814  -49.509  -66.765  -4.948 0.0000000000
17719  -46.221  -64.719  -3.780 0.0000000000
18649  -45.556  -63.782  -3.763 0.0000000000
107381  -48.713  -63.070  -4.564 0.0000000000
18662  -49.348  -62.772  -5.284 0.0000000000
124536  -48.448  -62.266  -4.943 0.0000000000
19524  -48.901  -61.705  -5.582 0.0000000000
20345  -48.352  -61.146  -6.315 0.0000000000
13108  -48.563  -70.214  -2.360 0.0000000000
106389  -47.419  -68.717  -1.687 0.0000000000
18602  -47.190  -64.084  0.798 0.0000000000
17671  -46.918  -64.568  0.352 0.0000000000
18601  -46.197  -63.995  0.793 0.0000000000
18600  -45.147  -63.952  0.889 0.0000000000
18599  -44.080  -63.833  0.907 0.0000000000
18581  -44.604  -63.398  1.376 0.0000000000
118197  -44.233  -62.790  1.672 0.0000000000
20247  -43.719  -61.701  2.337 0.0000000000
22298  -45.705  -58.672  4.655 0.0000000000
21658  -47.081  -59.234  4.141 0.0000000000
22303  -47.017  -58.548  3.585 0.0000000000
24510  -47.822  -55.464  3.195 0.0000000000
23676  -47.097  -56.461  3.093 0.0000000000
22971  -45.401  -57.272  2.239 0.0000000000
22986  -45.576  -56.779  1.814 0.0000000000
23699  -45.784  -56.579  1.226 0.0000000000
23698  -45.116  -56.855  0.647 0.0000000000
14877  -43.203  -66.870  -5.264 0.0000000000
14875  -41.604  -67.449  -5.423 0.0000000000
14886  -41.381  -67.404  -6.211 0.0000000000
14891  -40.973  -67.997  -6.839 0.0000000000
12413  -41.191  -70.675  -8.974 0.0000000000
106838  -43.810  -63.171  -11.646 0.0000000000
18736  -43.777  -62.812  -10.858 0.0000000000
18737  -44.477  -62.919  -11.126 0.0000000000
18757  -44.993  -62.864  -12.014 0.0000000000
16868  -45.233  -65.478  -11.832 0.0000000000
15915  -45.677  -66.533  -12.353 0.0000000000
15914  -44.708  -67.052  -11.914 0.0000000000
14089  -43.865  -68.066  -12.944 0.0000000000
15786  -43.035  -66.106  -1.877 0.0000000000
15803  -43.755  -66.350  -3.095 0.0000000000
15792  -43.187  -66.113  -2.616 0.0000000000
16767  -43.121  -65.741  -3.120 0.0000000000
125169  -43.246  -65.365  -3.361 0.0000000000
122198  -40.852  -64.529  -0.800 0.0000000000
122417  -41.020  -64.582  -2.165 0.0000000000
17716  -42.679  -64.848  -3.376 0.0000000000
17715  -41.802  -64.257  -3.299 0.0000000000
18647  -42.451  -63.760  -3.720 0.0000000000
125396  -42.883  -63.181  -3.954 0.0000000000
14846  -49.936  -67.242  -0.306 0.0000000000
17672  -48.116  -64.792  0.264 0.0000000000
18585  -49.105  -64.029  1.001 0.0000000000
18603  -48.181  -64.097  0.751 0.0000000000
18584  -47.399  -63.457  1.305 0.0000000000
19451  -46.784  -62.970  1.823 0.0000000000
125561  -44.607  -55.301  4.617 0.0000000000
23670  -45.771  -56.444  3.724 0.0000000000
25312  -47.336  -54.786  3.879 0.0000000000
25333  -48.306  -55.204  2.809 0.0000000000
16792  -43.020  -66.148  -6.873 0.0000000000
15842  -43.275  -66.330  -7.533 0.0000000000
14034  -42.732  -68.313  -8.662 0.0000000000
13183  -42.164  -69.764  -9.179 0.0000000000
10878  -42.298  -71.975  -9.768 0.0000000000
11687  -43.201  -71.967  -12.602 0.0000000000
107206  -42.826  -72.552  -13.252 0.0000000000
11706  -43.175  -71.680  -14.004 0.0000000000
10945  -42.736  -72.154  -14.618 0.0000000000
111544  -45.087  -70.076  -4.827 0.0000000000
13126  -44.242  -69.172  -4.561 0.0000000000
13984  -44.725  -68.376  -4.858 0.0000000000
14864  -43.898  -67.510  -4.927 0.0000000000
14865  -45.511  -67.663  -5.207 0.0000000000
15813  -44.451  -66.840  -5.352 0.0000000000
15825  -44.994  -66.201  -5.609 0.0000000000
122808  -48.124  -66.394  -4.108 0.0000000000
17720  -48.085  -64.873  -3.941 0.0000000000
16786  -48.569  -65.711  -5.556 0.0000000000
16785  -46.260  -65.160  -5.855 0.0000000000
115057  -44.977  -65.145  -6.405 0.0000000000
17734  -45.882  -64.440  -6.598 0.0000000000
18676  -46.509  -63.920  -7.001 0.0000000000
18696  -47.135  -63.730  -7.606 0.0000000000
18678  -49.135  -62.542  -6.890 0.0000000000
108219  -48.250  -63.197  -7.546 0.0000000000
106887  -47.273  -63.994  -8.671 0.0000000000
126997  -48.170  -63.648  -9.436 0.0000000000
17798  -48.130  -63.617  -10.344 0.0000000000
12378  -45.759  -70.799  -4.935 0.0000000000
13128  -47.771  -70.042  -5.412 0.0000000000
119870  -47.969  -70.814  -4.148 0.0000000000
13113  -48.053  -69.898  -4.681 0.0000000000
14849  -45.226  -67.490  -2.938 0.0000000000
15794  -44.419  -67.000  -2.675 0.0000000000
13938  -49.790  -67.938  -0.752 0.0000000000
14845  -47.908  -67.748  -1.029 0.0000000000
16727  -46.481  -64.991  -0.053 0.0000000000
15784  -46.491  -66.318  -0.680 0.0000000000
15788  -45.659  -67.000  -1.302 0.0000000000
15787  -44.498  -66.763  -1.723 0.0000000000
15793  -43.740  -66.475  -2.306 0.0000000000
16741  -43.176  -65.718  -1.115 0.0000000000
17681  -42.781  -64.666  -0.188 0.0000000000
17667  -42.547  -64.107  0.258 0.0000000000
18579  -42.781  -62.865  1.005 0.0000000000
19446  -41.827  -62.881  1.253 0.0000000000
20265  -41.475  -62.237  1.773 0.0000000000
20245  -41.244  -61.517  2.135 0.0000000000
20998  -47.982  -60.129  3.556 0.0000000000
19427  -47.686  -61.794  2.431 0.0000000000
20250  -47.167  -61.256  2.521 0.0000000000
108322  -46.210  -61.675  2.571 0.0000000000
113539  -46.474  -57.353  3.486 0.0000000000
22308  -47.240  -58.212  2.990 0.0000000000
105427  -47.063  -58.322  2.827 0.0000000000
105657  -46.836  -59.765  2.705 0.0000000000
122505  -45.768  -60.424  2.881 0.0000000000
20249  -45.488  -61.166  2.825 0.0000000000
20248  -44.557  -61.426  2.689 0.0000000000
21012  -43.846  -60.841  2.743 0.0000000000
22321  -44.220  -58.796  2.433 0.0000000000
21011  -42.986  -60.319  2.610 0.0000000000
21674  -42.384  -59.756  2.605 0.0000000000
105725  -42.200  -59.037  2.534 0.0000000000
13124  -42.066  -69.303  -4.368 0.0000000000
125760  -40.598  -68.779  -4.378 0.0000000000
13979  -39.354  -68.659  -4.685 0.0000000000
14861  -41.021  -67.875  -4.953 0.0000000000
13995  -38.919  -68.564  -5.212 0.0000000000
13135  -38.290  -69.163  -5.316 0.0000000000
12391  -37.894  -69.978  -6.650 0.0000000000
14893  -42.259  -67.182  -7.486 0.0000000000
14022  -41.422  -68.355  -7.692 0.0000000000
13159  -40.262  -69.392  -7.815 0.0000000000
12412  -40.516  -70.840  -8.642 0.0000000000
12411  -39.945  -71.074  -8.444 0.0000000000
12402  -39.896  -70.314  -8.064 0.0000000000
20263  -38.957  -61.048  1.193 0.0000000000
19493  -39.835  -62.243  -2.253 0.0000000000
126332  -41.304  -62.971  -3.331 0.0000000000
19506  -43.268  -62.373  -4.154 0.0000000000
19513  -44.040  -61.480  -4.557 0.0000000000
19515  -45.393  -61.418  -5.072 0.0000000000
124544  -46.597  -61.399  -5.660 0.0000000000
20363  -47.639  -60.885  -6.846 0.0000000000
20380  -48.234  -60.737  -7.628 0.0000000000
19575  -48.954  -61.471  -8.920 0.0000000000
19599  -48.303  -62.360  -9.573 0.0000000000
18761  -47.813  -63.231  -11.332 0.0000000000
18738  -45.274  -62.953  -11.080 0.0000000000
18714  -45.781  -62.835  -9.477 0.0000000000
122820  -47.046  -62.796  -11.265 0.0000000000
18760  -47.257  -62.911  -12.573 0.0000000000
16870  -47.730  -64.155  -11.843 0.0000000000
15906  -47.004  -65.739  -11.725 0.0000000000
14963  -46.204  -67.287  -12.109 0.0000000000
14090  -45.580  -67.865  -12.489 0.0000000000
14981  -45.126  -67.955  -13.195 0.0000000000
14131  -44.585  -68.573  -14.095 0.0000000000
12482  -44.180  -69.202  -15.217 0.0000000000
11547  -50.254  -70.525  -0.176 0.0000000000
11629  -40.964  -71.407  -9.056 0.0000000000
11671  -43.713  -71.312  -11.896 0.0000000000
12376  -42.864  -70.142  -4.131 0.0000000000
12400  -37.445  -70.606  -7.069 0.0000000000
12481  -44.263  -69.998  -14.638 0.0000000000
13094  -51.138  -69.316  -0.584 0.0000000000
13109  -50.011  -70.094  -2.048 0.0000000000
13122  -39.982  -69.159  -4.235 0.0000000000
13147  -37.763  -69.802  -5.849 0.0000000000
13157  -38.606  -69.646  -7.037 0.0000000000
13169  -40.747  -70.057  -8.455 0.0000000000
13170  -41.475  -69.893  -8.856 0.0000000000
13171  -42.491  -69.095  -9.010 0.0000000000
13202  -45.250  -69.372  -11.101 0.0000000000
13236  -45.448  -68.436  -12.580 0.0000000000
13252  -44.342  -68.820  -14.704 0.0000000000
13940  -50.731  -69.274  -1.090 0.0000000000
13978  -38.700  -68.919  -4.757 0.0000000000
13982  -42.363  -68.343  -4.558 0.0000000000
13996  -39.665  -68.217  -5.156 0.0000000000
13999  -48.801  -68.938  -6.227 0.0000000000
14009  -38.677  -68.751  -5.870 0.0000000000
14021  -39.730  -68.750  -7.044 0.0000000000
14051  -43.454  -68.858  -9.415 0.0000000000
14054  -46.289  -67.842  -11.044 0.0000000000
14111  -44.874  -68.239  -13.799 0.0000000000
14112  -45.207  -68.049  -13.209 0.0000000000
14844  -46.216  -67.696  -1.575 0.0000000000
14873  -40.026  -68.045  -5.761 0.0000000000
14874  -40.407  -67.920  -5.224 0.0000000000
14876  -42.378  -67.172  -5.335 0.0000000000
14885  -40.619  -67.789  -5.996 0.0000000000
14892  -41.620  -67.538  -7.159 0.0000000000
14905  -42.606  -67.587  -8.118 0.0000000000
14906  -43.179  -67.583  -8.602 0.0000000000
14928  -44.901  -67.723  -9.530 0.0000000000
14960  -43.504  -67.789  -12.186 0.0000000000
15782  -43.761  -66.146  -1.503 0.0000000000
15823  -42.815  -66.525  -5.776 0.0000000000
15841  -42.597  -66.531  -7.129 0.0000000000
15917  -46.409  -66.253  -12.216 0.0000000000
16740  -42.596  -65.253  -0.801 0.0000000000
16745  -48.837  -66.085  -0.298 0.0000000000
16750  -42.469  -65.693  -2.070 0.0000000000
16757  -42.476  -65.467  -2.695 0.0000000000
16793  -43.408  -66.033  -6.331 0.0000000000
16808  -43.649  -65.830  -7.073 0.0000000000
16831  -44.655  -65.471  -8.394 0.0000000000
16882  -47.125  -64.362  -12.461 0.0000000000
17679  -40.195  -63.920  -0.786 0.0000000000
17694  -41.250  -64.849  -1.495 0.0000000000
17703  -40.542  -63.963  -2.549 0.0000000000
17705  -41.942  -64.892  -2.866 0.0000000000
17718  -44.905  -64.598  -3.633 0.0000000000
17735  -47.259  -64.754  -5.895 0.0000000000
17737  -49.392  -64.286  -5.263 0.0000000000
17759  -45.747  -64.172  -7.731 0.0000000000
17824  -47.535  -63.316  -12.241 0.0000000000
18597  -42.237  -63.449  0.685 0.0000000000
18634  -40.170  -63.066  -2.391 0.0000000000
18648  -43.354  -63.657  -3.847 0.0000000000
18661  -49.338  -63.189  -4.971 0.0000000000
18668  -49.369  -62.602  -5.752 0.0000000000
18713  -44.761  -63.054  -9.789 0.0000000000
18715  -48.314  -63.366  -8.521 0.0000000000
18716  -48.787  -62.748  -9.414 0.0000000000
18741  -48.175  -62.910  -10.027 0.0000000000
18759  -46.704  -62.884  -13.244 0.0000000000
18770  -47.122  -62.932  -13.153 0.0000000000
19444  -39.838  -62.323  1.316 0.0000000000
19474  -39.317  -62.560  -0.581 0.0000000000
19504  -42.131  -62.017  -3.497 0.0000000000
19517  -49.156  -62.510  -5.127 0.0000000000
19522  -45.812  -61.026  -5.756 0.0000000000
19523  -47.552  -61.721  -5.464 0.0000000000
19576  -49.303  -61.655  -8.740 0.0000000000
19598  -47.237  -62.694  -9.981 0.0000000000
20244  -40.482  -61.221  2.066 0.0000000000
20267  -43.051  -61.980  1.956 0.0000000000
20280  -39.082  -61.804  1.004 0.0000000000
20331  -44.560  -60.983  -4.954 0.0000000000
20344  -46.949  -61.251  -6.178 0.0000000000
20365  -49.305  -60.878  -7.374 0.0000000000
20381  -49.004  -60.610  -7.730 0.0000000000
20399  -48.748  -60.930  -8.273 0.0000000000
20987  -47.824  -60.232  4.316 0.0000000000
21026  -39.200  -60.482  1.544 0.0000000000
21665  -47.649  -59.581  3.125 0.0000000000
22985  -44.670  -57.133  1.251 0.0000000000
105218  -41.836  -63.329  -3.542 0.0000000000
109786  -44.746  -69.566  -12.604 0.0000000000
110520  -48.391  -69.416  -5.733 0.0000000000
111008  -40.400  -70.215  -4.040 0.0000000000
111289  -41.878  -61.150  2.328 0.0000000000
113659  -44.380  -65.440  -3.517 0.0000000000
115787  -45.250  -68.408  -9.859 0.0000000000
116096  -46.369  -66.404  -3.653 0.0000000000
118517  -40.607  -68.612  -7.407 0.0000000000
121172  -47.978  -63.792  -11.316 0.0000000000
121377  -43.872  -66.612  -2.909 0.0000000000
121633  -42.564  -62.793  -3.886 0.0000000000
122055  -44.804  -64.693  -7.112 0.0000000000
123770  -46.954  -69.364  -5.640 0.0000000000
123931  -39.725  -63.029  0.108 0.0000000000
