#!ascii label  , from subject freesurfer vox2ras=TkReg
293
63319  -31.468  -11.230  -12.864 0.0000000000
66845  -30.447  -8.648  -16.160 0.0000000000
104999  -33.213  2.803  -13.739 0.0000000000
72794  -33.383  -0.902  -13.226 0.0000000000
69378  -34.664  -4.998  -14.224 0.0000000000
124705  -37.024  -7.398  -14.844 0.0000000000
106431  -32.779  4.296  -14.074 0.0000000000
71051  -34.577  -3.210  -13.356 0.0000000000
69405  -31.152  -4.514  -15.750 0.0000000000
65100  -31.558  -10.483  -15.706 0.0000000000
65965  -33.559  -9.003  -16.141 0.0000000000
65087  -33.785  -9.232  -12.373 0.0000000000
59755  -27.773  -15.961  -11.364 0.0000000000
62452  -29.255  -12.579  -14.001 0.0000000000
81338  -28.647  9.792  -16.487 0.0000000000
80681  -31.374  8.910  -16.020 0.0000000000
121309  -33.436  7.408  -15.798 0.0000000000
77925  -34.346  4.575  -16.459 0.0000000000
75441  -34.688  2.037  -15.900 0.0000000000
123560  -32.719  0.636  -13.530 0.0000000000
114503  -35.535  1.214  -15.951 0.0000000000
72815  -36.556  -0.492  -14.846 0.0000000000
71054  -37.753  -2.601  -14.872 0.0000000000
104522  -38.811  -4.606  -18.014 0.0000000000
67692  -32.377  -7.231  -15.766 0.0000000000
67696  -36.427  -7.414  -17.847 0.0000000000
70238  -31.078  -3.506  -15.347 0.0000000000
105634  -29.844  -4.238  -16.445 0.0000000000
64207  -31.436  -10.864  -13.704 0.0000000000
65085  -32.292  -9.729  -13.426 0.0000000000
64208  -32.023  -10.374  -12.734 0.0000000000
56187  -28.115  -19.529  -8.654 0.0000000000
57056  -28.410  -18.767  -8.790 0.0000000000
57987  -28.176  -17.457  -9.402 0.0000000000
64222  -29.484  -11.492  -14.415 0.0000000000
62451  -28.656  -12.970  -13.843 0.0000000000
79994  -33.056  8.131  -16.175 0.0000000000
104616  -32.746  3.532  -13.736 0.0000000000
77915  -33.969  5.029  -15.264 0.0000000000
76279  -34.194  3.474  -14.918 0.0000000000
77137  -34.441  3.874  -15.895 0.0000000000
76261  -33.981  2.873  -14.384 0.0000000000
73653  -33.133  -0.009  -13.512 0.0000000000
74544  -34.698  0.908  -14.546 0.0000000000
73655  -34.993  0.351  -14.285 0.0000000000
73675  -35.659  0.629  -15.126 0.0000000000
105837  -35.153  -0.905  -13.545 0.0000000000
70208  -34.604  -4.061  -13.594 0.0000000000
71052  -36.063  -2.555  -13.608 0.0000000000
70210  -36.678  -3.531  -13.949 0.0000000000
70225  -38.210  -3.233  -15.421 0.0000000000
69381  -37.345  -4.428  -14.743 0.0000000000
66864  -29.971  -7.587  -15.947 0.0000000000
67707  -31.072  -6.838  -16.161 0.0000000000
66866  -31.468  -8.142  -16.032 0.0000000000
66828  -35.364  -8.691  -16.404 0.0000000000
66849  -35.219  -8.609  -17.382 0.0000000000
66851  -36.862  -7.701  -17.245 0.0000000000
67697  -37.238  -6.938  -18.325 0.0000000000
66852  -37.762  -7.241  -15.647 0.0000000000
59757  -29.080  -15.253  -10.534 0.0000000000
59773  -28.150  -15.284  -11.825 0.0000000000
60666  -29.249  -14.177  -11.365 0.0000000000
61577  -29.631  -13.507  -11.767 0.0000000000
118593  -32.441  -1.799  -13.869 0.0000000000
71924  -33.655  -1.538  -13.016 0.0000000000
71069  -32.427  -2.628  -13.964 0.0000000000
70224  -33.094  -4.097  -13.577 0.0000000000
69396  -33.312  -4.895  -14.190 0.0000000000
65113  -31.330  -10.433  -16.341 0.0000000000
105909  -31.924  -9.316  -16.339 0.0000000000
65946  -32.676  -9.330  -15.846 0.0000000000
123488  -33.855  -8.889  -15.426 0.0000000000
126877  -35.007  -8.058  -13.187 0.0000000000
58829  -28.524  -16.335  -9.961 0.0000000000
106258  -29.233  -9.255  -15.295 0.0000000000
64237  -30.696  -11.040  -15.417 0.0000000000
64224  -30.502  -11.346  -14.884 0.0000000000
63318  -30.309  -11.954  -14.081 0.0000000000
119553  -28.013  11.043  -16.139 0.0000000000
80666  -29.437  8.400  -16.252 0.0000000000
80680  -29.708  9.165  -16.273 0.0000000000
79998  -32.704  8.817  -16.362 0.0000000000
116489  -33.377  8.192  -16.845 0.0000000000
79285  -33.900  6.599  -16.969 0.0000000000
104823  -33.542  5.883  -14.973 0.0000000000
77924  -34.235  5.868  -15.792 0.0000000000
122243  -34.148  5.166  -17.525 0.0000000000
116667  -34.248  3.732  -17.860 0.0000000000
76315  -34.461  2.256  -18.380 0.0000000000
75466  -34.828  1.830  -18.344 0.0000000000
75406  -33.331  1.808  -13.849 0.0000000000
75426  -34.432  2.126  -14.838 0.0000000000
75427  -34.908  1.589  -15.548 0.0000000000
74587  -35.570  1.779  -17.523 0.0000000000
74576  -36.101  1.399  -16.803 0.0000000000
72830  -37.442  0.093  -15.734 0.0000000000
71926  -35.579  -1.700  -13.491 0.0000000000
112024  -36.703  -1.176  -14.553 0.0000000000
69403  -29.958  -5.019  -16.453 0.0000000000
68550  -32.271  -6.200  -15.293 0.0000000000
120431  -33.690  -5.858  -14.947 0.0000000000
110924  -33.400  -8.243  -16.298 0.0000000000
67694  -35.166  -7.695  -17.450 0.0000000000
68533  -36.296  -6.008  -15.901 0.0000000000
68555  -37.511  -6.436  -18.141 0.0000000000
104518  -39.083  -5.866  -18.307 0.0000000000
62438  -29.268  -12.973  -13.522 0.0000000000
62419  -29.831  -12.845  -12.352 0.0000000000
62420  -30.719  -12.302  -11.990 0.0000000000
63321  -32.933  -10.551  -11.687 0.0000000000
63320  -32.028  -10.994  -11.790 0.0000000000
56188  -29.029  -19.273  -8.214 0.0000000000
76278  -33.442  3.596  -14.248 0.0000000000
112639  -32.360  -1.146  -13.609 0.0000000000
72793  -32.698  -0.617  -13.159 0.0000000000
115570  -33.936  -0.289  -13.453 0.0000000000
108255  -34.700  -0.215  -13.746 0.0000000000
72795  -34.235  -0.885  -13.197 0.0000000000
69379  -35.287  -4.575  -14.061 0.0000000000
70209  -35.494  -3.568  -13.621 0.0000000000
69380  -36.267  -4.755  -14.486 0.0000000000
66865  -30.729  -7.842  -16.130 0.0000000000
66829  -36.320  -7.673  -15.346 0.0000000000
66830  -37.474  -7.684  -14.160 0.0000000000
60644  -28.816  -14.837  -11.157 0.0000000000
71079  -31.106  -2.554  -14.966 0.0000000000
71068  -31.840  -2.196  -14.430 0.0000000000
70222  -31.739  -3.097  -14.558 0.0000000000
108134  -31.753  -4.127  -14.734 0.0000000000
69395  -32.490  -4.579  -14.279 0.0000000000
120418  -32.099  -9.954  -16.278 0.0000000000
65086  -32.892  -9.159  -13.514 0.0000000000
65929  -33.673  -8.543  -13.752 0.0000000000
65948  -34.613  -8.359  -14.427 0.0000000000
112702  -34.579  -8.375  -12.712 0.0000000000
65930  -35.443  -8.246  -12.571 0.0000000000
106498  -27.862  -20.412  -8.524 0.0000000000
125256  -27.480  -20.960  -8.577 0.0000000000
127266  -28.541  -16.884  -9.558 0.0000000000
58830  -29.265  -16.632  -9.476 0.0000000000
65111  -30.056  -10.125  -15.476 0.0000000000
110219  -29.668  -12.014  -14.236 0.0000000000
64223  -30.130  -11.537  -14.748 0.0000000000
63333  -29.880  -11.956  -14.408 0.0000000000
63317  -29.657  -12.336  -14.022 0.0000000000
124608  -27.330  8.913  -17.061 0.0000000000
120394  -26.896  10.060  -16.811 0.0000000000
79992  -31.378  8.397  -15.612 0.0000000000
80667  -30.444  8.610  -15.780 0.0000000000
123173  -30.671  9.279  -16.141 0.0000000000
81340  -31.385  9.623  -16.327 0.0000000000
80682  -32.097  9.161  -16.325 0.0000000000
79284  -33.556  7.475  -16.531 0.0000000000
78609  -33.925  6.760  -16.072 0.0000000000
104615  -32.965  5.246  -14.381 0.0000000000
78610  -34.217  6.005  -16.540 0.0000000000
116147  -34.245  5.133  -16.793 0.0000000000
76292  -34.576  2.833  -15.924 0.0000000000
77162  -34.408  3.293  -17.491 0.0000000000
76304  -34.646  2.701  -17.213 0.0000000000
75454  -34.945  2.094  -17.049 0.0000000000
73652  -32.219  0.038  -13.429 0.0000000000
74541  -31.956  0.879  -13.279 0.0000000000
74542  -32.660  1.307  -13.546 0.0000000000
107125  -33.999  1.312  -14.220 0.0000000000
74559  -34.490  1.528  -14.659 0.0000000000
122889  -35.036  1.162  -15.100 0.0000000000
75442  -35.311  1.717  -16.768 0.0000000000
73676  -36.393  0.130  -15.162 0.0000000000
73692  -36.861  0.617  -15.953 0.0000000000
71050  -33.977  -2.538  -13.159 0.0000000000
121785  -34.612  -1.660  -13.142 0.0000000000
71925  -35.061  -2.500  -13.284 0.0000000000
71053  -37.020  -2.605  -14.074 0.0000000000
71927  -36.453  -1.782  -13.961 0.0000000000
71928  -37.346  -1.740  -14.773 0.0000000000
71944  -37.484  -0.766  -15.371 0.0000000000
71945  -38.317  -1.157  -15.782 0.0000000000
110977  -38.215  -4.251  -15.723 0.0000000000
104523  -39.157  -4.104  -17.828 0.0000000000
108118  -29.198  -5.224  -16.287 0.0000000000
68549  -31.598  -6.374  -15.646 0.0000000000
68551  -33.190  -6.813  -15.711 0.0000000000
65964  -32.692  -9.238  -16.012 0.0000000000
106567  -33.450  -8.926  -16.197 0.0000000000
67695  -35.794  -7.941  -17.838 0.0000000000
66867  -35.140  -8.323  -17.569 0.0000000000
68553  -35.900  -7.031  -17.297 0.0000000000
68554  -36.633  -6.847  -17.811 0.0000000000
67708  -38.261  -6.743  -18.387 0.0000000000
104516  -39.220  -6.315  -18.045 0.0000000000
61578  -30.516  -13.150  -11.478 0.0000000000
114468  -31.259  -12.835  -11.267 0.0000000000
70237  -30.460  -3.919  -16.095 0.0000000000
64225  -31.159  -11.010  -14.881 0.0000000000
65084  -31.715  -10.223  -14.115 0.0000000000
64209  -32.857  -9.762  -12.465 0.0000000000
112538  -33.605  -10.012  -11.766 0.0000000000
121512  -28.590  -19.972  -8.176 0.0000000000
57974  -28.725  -17.978  -8.847 0.0000000000
64235  -29.095  -10.623  -14.540 0.0000000000
63346  -28.492  -11.038  -13.942 0.0000000000
63332  -28.854  -12.177  -13.921 0.0000000000
80679  -28.322  8.416  -16.993 0.0000000000
79993  -32.221  8.428  -15.863 0.0000000000
79280  -32.794  7.622  -15.326 0.0000000000
117721  -33.505  6.779  -15.193 0.0000000000
77136  -33.659  4.318  -14.745 0.0000000000
117762  -34.452  2.758  -15.036 0.0000000000
74543  -33.375  0.907  -13.855 0.0000000000
73654  -34.154  0.459  -13.933 0.0000000000
72814  -35.641  -0.182  -14.329 0.0000000000
70211  -37.584  -3.460  -14.534 0.0000000000
110615  -37.740  -5.153  -15.875 0.0000000000
68563  -29.776  -5.797  -16.187 0.0000000000
67706  -30.347  -6.701  -16.131 0.0000000000
67691  -31.752  -7.382  -15.829 0.0000000000
65966  -34.565  -8.906  -16.489 0.0000000000
66848  -34.496  -8.728  -16.863 0.0000000000
66850  -35.957  -8.279  -17.681 0.0000000000
123697  -37.105  -6.577  -17.394 0.0000000000
119281  -38.129  -7.385  -17.906 0.0000000000
67698  -38.944  -7.116  -17.749 0.0000000000
67699  -40.078  -7.110  -16.621 0.0000000000
66853  -39.462  -7.441  -16.183 0.0000000000
127444  -28.434  -15.384  -11.029 0.0000000000
60665  -28.523  -14.584  -12.046 0.0000000000
61576  -28.895  -13.899  -12.296 0.0000000000
61561  -30.170  -13.910  -10.816 0.0000000000
71943  -31.835  -1.455  -14.237 0.0000000000
71923  -32.935  -1.257  -12.961 0.0000000000
71049  -33.086  -2.162  -13.378 0.0000000000
70206  -33.117  -3.102  -13.483 0.0000000000
70223  -32.409  -3.612  -14.023 0.0000000000
70207  -33.838  -3.579  -13.371 0.0000000000
69377  -33.884  -4.456  -13.757 0.0000000000
65962  -30.899  -9.854  -16.401 0.0000000000
66846  -31.135  -9.053  -16.465 0.0000000000
65963  -31.521  -9.845  -16.496 0.0000000000
65101  -32.312  -9.668  -14.917 0.0000000000
65947  -33.067  -9.035  -14.920 0.0000000000
65949  -35.648  -8.046  -13.858 0.0000000000
65950  -36.676  -7.691  -13.775 0.0000000000
65088  -34.839  -9.251  -11.694 0.0000000000
58845  -27.947  -16.308  -10.583 0.0000000000
58828  -27.769  -16.919  -10.133 0.0000000000
59756  -28.494  -15.803  -10.525 0.0000000000
59741  -29.386  -15.870  -9.927 0.0000000000
65961  -29.899  -9.076  -15.772 0.0000000000
65112  -31.062  -10.720  -16.166 0.0000000000
64238  -30.992  -10.857  -15.845 0.0000000000
64236  -29.926  -10.977  -14.983 0.0000000000
63334  -30.953  -11.445  -14.011 0.0000000000
63304  -30.776  -11.749  -12.935 0.0000000000
104617  -28.735  7.720  -16.579 0.0000000000
81339  -30.390  10.073  -16.349 0.0000000000
79999  -33.154  8.882  -16.746 0.0000000000
79292  -33.675  7.612  -17.429 0.0000000000
79293  -34.017  6.320  -17.857 0.0000000000
110369  -31.960  1.216  -13.708 0.0000000000
75405  -32.645  2.246  -13.525 0.0000000000
75407  -33.911  2.115  -14.229 0.0000000000
122937  -34.974  1.577  -17.918 0.0000000000
73691  -36.240  0.952  -16.143 0.0000000000
74577  -37.103  1.213  -16.595 0.0000000000
74578  -37.865  1.641  -16.561 0.0000000000
73693  -38.180  0.887  -16.325 0.0000000000
72796  -35.998  -1.025  -14.055 0.0000000000
71070  -38.555  -2.496  -15.947 0.0000000000
69404  -30.587  -4.809  -16.320 0.0000000000
116866  -30.677  -5.744  -16.316 0.0000000000
68564  -31.142  -5.443  -16.075 0.0000000000
69394  -31.833  -5.283  -15.053 0.0000000000
109355  -32.748  -5.528  -14.803 0.0000000000
120147  -34.050  -5.250  -14.348 0.0000000000
66847  -32.453  -8.451  -16.047 0.0000000000
67693  -34.296  -8.052  -16.970 0.0000000000
115904  -34.164  -7.010  -15.978 0.0000000000
68552  -34.746  -6.229  -15.372 0.0000000000
68532  -35.527  -5.591  -14.996 0.0000000000
68534  -37.050  -5.600  -15.801 0.0000000000
108894  -38.235  -5.239  -17.034 0.0000000000
104517  -38.999  -6.044  -18.282 0.0000000000
112693  -38.875  -5.217  -18.423 0.0000000000
61594  -29.233  -13.382  -12.672 0.0000000000
62439  -30.025  -12.299  -13.152 0.0000000000
63305  -31.453  -11.670  -11.977 0.0000000000
66868  -35.496  -8.181  -17.689 0.0000000000
104515  -38.740  -6.106  -18.476 0.0000000000
104519  -39.467  -6.185  -17.772 0.0000000000
104520  -39.520  -6.005  -17.731 0.0000000000
126016  -31.088  -6.053  -16.219 0.0000000000
