#!ascii label  , from subject freesurfer vox2ras=TkReg
655
30047  24.141  -47.514  64.274 0.0000000000
48769  42.027  -27.116  55.236 0.0000000000
49795  49.745  -25.521  55.538 0.0000000000
42660  43.982  -33.479  61.706 0.0000000000
34466  31.496  -43.585  62.004 0.0000000000
29069  29.347  -49.599  63.762 0.0000000000
50806  46.462  -24.880  56.926 0.0000000000
48706  44.285  -26.497  59.986 0.0000000000
40802  40.039  -37.231  61.516 0.0000000000
34488  34.037  -43.202  59.605 0.0000000000
55421  55.967  -20.393  51.155 0.0000000000
53635  51.129  -22.584  53.045 0.0000000000
45996  39.384  -30.634  57.699 0.0000000000
48689  39.496  -26.812  61.549 0.0000000000
110210  28.260  -46.555  64.895 0.0000000000
108875  27.305  -48.569  64.523 0.0000000000
49772  44.347  -26.149  55.993 0.0000000000
51794  45.714  -25.016  59.482 0.0000000000
110733  43.340  -25.121  58.925 0.0000000000
38100  40.423  -39.314  56.417 0.0000000000
31964  32.452  -46.423  61.590 0.0000000000
34456  33.446  -43.375  63.214 0.0000000000
32872  33.095  -45.722  58.622 0.0000000000
54580  53.616  -20.850  49.527 0.0000000000
53663  55.522  -21.783  51.500 0.0000000000
54530  54.415  -21.870  52.180 0.0000000000
51859  48.821  -23.731  54.643 0.0000000000
52771  49.257  -23.851  52.068 0.0000000000
51845  51.326  -23.525  54.800 0.0000000000
51870  51.696  -24.758  52.620 0.0000000000
111340  51.501  -28.503  53.892 0.0000000000
41732  41.171  -34.912  61.187 0.0000000000
121505  39.242  -33.735  61.822 0.0000000000
121125  40.446  -31.681  62.699 0.0000000000
46829  38.862  -28.728  60.349 0.0000000000
45932  41.340  -29.919  63.107 0.0000000000
46827  41.469  -29.117  60.594 0.0000000000
44337  43.865  -32.676  60.843 0.0000000000
31912  31.020  -46.715  64.518 0.0000000000
50852  46.512  -25.009  53.738 0.0000000000
51828  48.703  -24.047  57.013 0.0000000000
49738  48.084  -26.274  57.793 0.0000000000
48741  46.217  -27.741  58.029 0.0000000000
38046  37.661  -40.330  60.457 0.0000000000
38961  39.234  -38.284  58.671 0.0000000000
40840  41.207  -36.658  57.532 0.0000000000
40816  43.995  -36.314  59.765 0.0000000000
40813  46.677  -35.772  59.665 0.0000000000
36169  36.329  -41.537  61.716 0.0000000000
35349  35.718  -41.943  57.580 0.0000000000
54579  57.736  -20.688  50.344 0.0000000000
119098  51.504  -22.413  51.527 0.0000000000
52768  53.317  -23.334  52.977 0.0000000000
49854  53.712  -26.651  51.039 0.0000000000
120872  40.428  -25.343  57.944 0.0000000000
123878  41.368  -25.669  60.975 0.0000000000
47780  42.625  -28.556  58.389 0.0000000000
30075  24.972  -48.653  62.960 0.0000000000
30062  25.583  -48.221  63.821 0.0000000000
30074  25.906  -48.934  62.909 0.0000000000
48768  43.096  -27.036  55.303 0.0000000000
50790  43.593  -25.516  57.933 0.0000000000
49756  42.826  -26.122  57.101 0.0000000000
31978  32.711  -46.581  60.395 0.0000000000
54564  52.925  -21.457  49.807 0.0000000000
54547  54.123  -21.405  51.572 0.0000000000
54548  52.963  -21.479  51.105 0.0000000000
51838  50.177  -23.671  55.732 0.0000000000
52725  50.279  -23.204  55.474 0.0000000000
50833  50.360  -24.299  55.508 0.0000000000
50851  50.587  -25.633  53.849 0.0000000000
42676  42.809  -34.353  61.191 0.0000000000
42644  41.195  -33.823  62.272 0.0000000000
108894  42.093  -32.678  62.551 0.0000000000
45933  41.076  -30.434  63.206 0.0000000000
44306  42.484  -32.100  62.576 0.0000000000
45118  42.631  -31.462  61.634 0.0000000000
43551  44.335  -33.169  61.179 0.0000000000
31914  29.441  -46.652  65.107 0.0000000000
30040  30.988  -47.985  64.405 0.0000000000
30057  32.249  -48.384  63.262 0.0000000000
50822  45.891  -25.320  55.418 0.0000000000
50853  45.878  -25.343  53.560 0.0000000000
50834  46.484  -25.064  55.163 0.0000000000
116089  47.463  -24.415  55.426 0.0000000000
51829  47.944  -24.102  57.126 0.0000000000
50786  48.302  -25.420  57.518 0.0000000000
51818  47.437  -24.648  57.790 0.0000000000
49703  45.431  -26.108  60.327 0.0000000000
49702  46.264  -26.153  59.954 0.0000000000
48722  46.138  -27.445  58.811 0.0000000000
107600  45.532  -28.027  57.397 0.0000000000
128635  44.575  -27.617  58.323 0.0000000000
118813  37.419  -40.393  58.675 0.0000000000
38045  38.284  -39.566  59.980 0.0000000000
38086  38.364  -39.268  57.486 0.0000000000
39884  41.292  -38.021  56.699 0.0000000000
40830  42.467  -36.278  58.366 0.0000000000
34469  33.848  -43.355  61.712 0.0000000000
35311  34.911  -42.377  61.960 0.0000000000
35325  35.812  -42.281  60.854 0.0000000000
36188  36.277  -41.872  60.278 0.0000000000
35334  35.367  -42.262  59.490 0.0000000000
107405  54.465  -20.264  49.406 0.0000000000
55420  56.642  -20.288  51.035 0.0000000000
52777  55.069  -22.678  50.575 0.0000000000
115230  50.382  -22.890  52.559 0.0000000000
52770  49.844  -23.361  51.704 0.0000000000
52769  50.559  -22.892  51.363 0.0000000000
52779  50.409  -22.986  50.401 0.0000000000
53649  51.191  -22.538  52.289 0.0000000000
53633  53.134  -22.345  53.054 0.0000000000
53624  52.655  -22.779  53.553 0.0000000000
48839  52.498  -27.900  52.544 0.0000000000
115893  52.870  -26.917  51.440 0.0000000000
39803  39.598  -37.729  61.863 0.0000000000
40779  38.749  -36.740  62.412 0.0000000000
119081  39.464  -32.221  60.243 0.0000000000
43576  39.268  -33.259  59.211 0.0000000000
47753  38.689  -27.673  60.893 0.0000000000
48726  38.521  -27.145  58.629 0.0000000000
49724  38.955  -25.986  59.197 0.0000000000
129506  39.206  -25.409  57.717 0.0000000000
50749  39.982  -25.470  60.118 0.0000000000
50747  41.489  -24.964  60.398 0.0000000000
116141  40.710  -26.141  61.296 0.0000000000
129528  42.172  -30.985  58.715 0.0000000000
46843  41.827  -29.313  59.353 0.0000000000
111584  42.154  -30.996  58.073 0.0000000000
46888  42.806  -30.145  56.785 0.0000000000
31021  27.791  -47.497  65.227 0.0000000000
125240  28.157  -49.001  64.538 0.0000000000
29088  28.550  -49.981  62.491 0.0000000000
29071  27.478  -49.301  63.765 0.0000000000
117061  45.787  -25.287  56.379 0.0000000000
51820  46.014  -24.890  58.429 0.0000000000
127108  44.994  -25.221  58.265 0.0000000000
50768  44.628  -24.911  59.594 0.0000000000
49682  43.832  -25.408  60.504 0.0000000000
33668  32.240  -44.390  63.207 0.0000000000
34465  32.412  -43.222  62.742 0.0000000000
33678  33.026  -44.487  62.841 0.0000000000
33700  32.913  -44.704  60.343 0.0000000000
34489  33.455  -43.953  59.040 0.0000000000
34501  34.147  -43.724  57.767 0.0000000000
32892  33.545  -45.211  58.051 0.0000000000
55440  54.433  -20.620  50.235 0.0000000000
54528  55.893  -20.785  51.631 0.0000000000
54529  55.231  -21.227  51.762 0.0000000000
53646  55.003  -21.702  51.900 0.0000000000
53664  54.594  -22.377  51.645 0.0000000000
51872  47.744  -24.686  53.010 0.0000000000
52747  49.577  -23.172  54.268 0.0000000000
116191  50.344  -22.855  54.311 0.0000000000
52746  51.185  -23.044  54.401 0.0000000000
51856  52.296  -23.783  53.689 0.0000000000
50850  51.415  -24.555  53.765 0.0000000000
49830  51.414  -27.054  52.167 0.0000000000
41733  40.707  -35.595  60.734 0.0000000000
41701  39.433  -35.587  62.471 0.0000000000
129927  40.394  -34.485  62.283 0.0000000000
43537  39.685  -33.099  62.083 0.0000000000
45132  39.418  -31.319  60.181 0.0000000000
126535  38.941  -29.576  58.729 0.0000000000
45952  39.410  -30.444  61.378 0.0000000000
46808  39.735  -29.442  62.764 0.0000000000
47741  40.042  -28.212  62.396 0.0000000000
47750  40.750  -28.302  61.553 0.0000000000
45951  41.737  -29.880  61.299 0.0000000000
45131  42.522  -31.578  60.293 0.0000000000
120146  42.679  -32.579  58.998 0.0000000000
123607  29.257  -46.163  63.254 0.0000000000
32833  29.974  -45.609  63.194 0.0000000000
33656  31.523  -44.859  63.500 0.0000000000
31938  32.261  -46.583  63.370 0.0000000000
110173  32.628  -48.441  62.365 0.0000000000
51848  48.120  -24.307  54.999 0.0000000000
52727  49.192  -23.564  55.893 0.0000000000
50820  49.661  -24.813  56.101 0.0000000000
50805  49.065  -26.088  56.466 0.0000000000
48738  49.113  -27.382  57.257 0.0000000000
48739  48.484  -27.442  57.503 0.0000000000
50765  47.019  -25.542  58.960 0.0000000000
48703  47.293  -27.053  58.846 0.0000000000
37080  37.417  -40.309  61.918 0.0000000000
38032  38.236  -39.844  61.234 0.0000000000
38932  39.275  -38.440  60.894 0.0000000000
39834  39.612  -37.843  60.279 0.0000000000
38982  39.432  -38.368  57.443 0.0000000000
39866  39.803  -37.736  57.846 0.0000000000
39833  40.066  -36.879  59.376 0.0000000000
41751  41.071  -35.605  59.747 0.0000000000
41749  43.064  -35.731  59.856 0.0000000000
119369  44.064  -35.518  60.416 0.0000000000
41728  45.422  -34.813  60.540 0.0000000000
40815  45.353  -36.580  59.958 0.0000000000
36186  36.987  -41.290  61.264 0.0000000000
37121  37.032  -40.844  58.782 0.0000000000
37134  36.971  -40.898  57.535 0.0000000000
126472  35.364  -42.703  57.302 0.0000000000
107887  36.873  -42.787  56.384 0.0000000000
119669  57.484  -20.643  49.487 0.0000000000
53680  51.459  -22.330  49.700 0.0000000000
53648  52.545  -21.856  52.036 0.0000000000
52755  53.671  -22.683  52.986 0.0000000000
51882  53.266  -23.679  51.571 0.0000000000
111090  52.706  -23.964  52.956 0.0000000000
51883  52.718  -24.267  51.783 0.0000000000
50891  54.173  -25.629  50.346 0.0000000000
42679  38.724  -34.889  61.233 0.0000000000
50824  39.655  -25.509  55.982 0.0000000000
50809  40.895  -25.695  57.356 0.0000000000
127924  42.077  -24.853  59.102 0.0000000000
50746  42.234  -24.800  60.464 0.0000000000
48707  43.191  -26.552  60.099 0.0000000000
47766  41.393  -28.268  60.001 0.0000000000
48708  42.005  -26.727  59.706 0.0000000000
48724  43.927  -27.169  58.928 0.0000000000
47797  43.877  -28.702  57.444 0.0000000000
42691  45.291  -34.229  60.304 0.0000000000
43585  44.400  -34.119  58.549 0.0000000000
30063  24.558  -48.101  63.889 0.0000000000
30046  25.260  -47.439  64.241 0.0000000000
49774  42.425  -26.670  56.055 0.0000000000
54565  52.151  -21.781  49.261 0.0000000000
109178  50.024  -25.473  54.823 0.0000000000
49794  49.766  -26.775  55.347 0.0000000000
42661  43.125  -33.652  61.618 0.0000000000
43536  42.404  -33.299  62.187 0.0000000000
122428  42.865  -32.719  62.227 0.0000000000
43517  43.386  -32.812  62.035 0.0000000000
44325  42.920  -32.278  61.999 0.0000000000
43534  44.078  -33.263  61.679 0.0000000000
30060  29.687  -48.843  64.472 0.0000000000
30041  30.121  -48.065  64.849 0.0000000000
30059  30.630  -48.751  64.119 0.0000000000
29068  30.234  -49.526  63.644 0.0000000000
50821  46.494  -24.924  55.990 0.0000000000
51840  46.994  -24.620  55.730 0.0000000000
112298  47.123  -24.497  56.568 0.0000000000
51830  47.081  -24.574  57.403 0.0000000000
125321  45.129  -26.497  60.089 0.0000000000
48705  45.875  -26.754  59.655 0.0000000000
48723  45.145  -27.171  59.126 0.0000000000
37133  37.419  -40.436  57.565 0.0000000000
38087  37.769  -39.784  58.062 0.0000000000
38103  38.030  -39.904  57.045 0.0000000000
34478  34.365  -42.998  60.970 0.0000000000
34462  34.434  -42.783  61.978 0.0000000000
35318  35.121  -42.528  61.413 0.0000000000
35326  34.847  -42.663  60.195 0.0000000000
55439  55.239  -20.311  50.154 0.0000000000
55438  56.018  -20.237  50.275 0.0000000000
53634  51.990  -22.451  53.130 0.0000000000
47864  53.857  -28.795  52.529 0.0000000000
48838  53.604  -28.124  52.424 0.0000000000
39782  39.240  -37.278  62.330 0.0000000000
40792  39.812  -36.991  62.214 0.0000000000
128984  39.403  -31.865  59.473 0.0000000000
45145  39.531  -31.267  58.221 0.0000000000
48690  38.803  -26.941  61.170 0.0000000000
49709  38.762  -26.572  60.195 0.0000000000
49687  39.170  -26.453  60.853 0.0000000000
49708  39.294  -25.935  60.095 0.0000000000
50728  39.764  -26.021  60.897 0.0000000000
122934  40.561  -25.560  60.816 0.0000000000
48688  40.105  -26.810  61.743 0.0000000000
45144  42.361  -31.716  58.879 0.0000000000
45158  42.399  -31.657  57.645 0.0000000000
45995  42.476  -30.905  57.122 0.0000000000
30044  27.245  -47.881  64.924 0.0000000000
31022  26.810  -47.216  64.901 0.0000000000
122727  27.996  -48.334  65.101 0.0000000000
108802  44.053  -26.705  55.178 0.0000000000
49797  44.190  -26.857  54.206 0.0000000000
115955  44.661  -26.040  55.268 0.0000000000
107960  45.128  -25.669  55.761 0.0000000000
50807  44.891  -25.622  56.710 0.0000000000
107816  45.620  -25.180  57.635 0.0000000000
124736  44.579  -25.489  57.698 0.0000000000
50789  44.309  -25.102  58.775 0.0000000000
50769  43.645  -24.931  59.753 0.0000000000
116405  43.907  -24.997  60.157 0.0000000000
50745  43.106  -24.931  60.403 0.0000000000
32832  32.210  -45.532  63.275 0.0000000000
33667  32.701  -44.381  63.173 0.0000000000
32839  32.398  -45.374  62.590 0.0000000000
31994  32.862  -46.194  59.284 0.0000000000
32857  32.692  -45.480  60.346 0.0000000000
33710  32.821  -45.321  59.245 0.0000000000
33699  33.145  -44.389  59.678 0.0000000000
33709  33.083  -44.850  58.548 0.0000000000
34502  33.578  -44.331  58.080 0.0000000000
55407  55.452  -20.702  51.443 0.0000000000
55422  54.697  -20.877  51.209 0.0000000000
53647  54.183  -22.246  52.402 0.0000000000
51871  48.690  -24.042  53.580 0.0000000000
52736  50.724  -23.140  55.009 0.0000000000
116631  50.107  -22.915  54.989 0.0000000000
51857  51.697  -23.820  54.366 0.0000000000
48818  50.770  -27.123  53.174 0.0000000000
48817  51.968  -28.246  53.122 0.0000000000
127290  52.387  -28.904  53.615 0.0000000000
41713  40.400  -35.644  61.881 0.0000000000
41712  40.789  -34.696  62.024 0.0000000000
44308  40.949  -32.271  62.790 0.0000000000
43518  40.215  -33.294  62.384 0.0000000000
44309  40.304  -32.491  62.408 0.0000000000
45119  39.613  -31.639  61.220 0.0000000000
45110  39.842  -30.950  62.433 0.0000000000
45934  40.044  -30.144  63.089 0.0000000000
46800  40.458  -29.722  63.073 0.0000000000
121639  39.448  -28.445  62.328 0.0000000000
46799  40.931  -29.400  62.751 0.0000000000
47740  40.582  -28.812  62.387 0.0000000000
45942  41.701  -29.898  62.564 0.0000000000
44338  43.135  -32.223  61.180 0.0000000000
44352  42.860  -32.347  59.959 0.0000000000
44351  43.277  -32.971  59.610 0.0000000000
31941  27.642  -46.533  63.352 0.0000000000
31940  28.600  -46.382  62.742 0.0000000000
31925  28.568  -46.377  64.018 0.0000000000
31913  30.161  -46.751  64.846 0.0000000000
32816  29.989  -46.137  64.460 0.0000000000
32824  30.896  -45.460  63.984 0.0000000000
118756  30.777  -45.030  63.397 0.0000000000
32823  31.380  -45.967  64.141 0.0000000000
32822  31.935  -45.808  63.754 0.0000000000
31923  31.784  -46.755  64.087 0.0000000000
51861  46.951  -24.753  53.419 0.0000000000
51849  47.100  -24.678  54.423 0.0000000000
52718  48.591  -23.852  56.468 0.0000000000
52728  48.301  -23.829  55.851 0.0000000000
51827  49.389  -23.895  56.268 0.0000000000
118218  49.088  -24.648  56.802 0.0000000000
49737  48.776  -26.679  57.487 0.0000000000
48719  48.493  -27.139  57.911 0.0000000000
51809  46.212  -24.875  58.860 0.0000000000
50766  46.414  -25.169  59.247 0.0000000000
48704  46.690  -26.949  59.251 0.0000000000
48721  47.022  -27.457  58.478 0.0000000000
113950  47.628  -27.520  57.906 0.0000000000
48740  46.890  -27.668  57.731 0.0000000000
37095  37.432  -40.631  61.408 0.0000000000
37079  38.066  -39.842  62.062 0.0000000000
38962  38.763  -38.868  59.352 0.0000000000
38946  38.758  -39.019  60.509 0.0000000000
38945  39.163  -38.334  59.904 0.0000000000
38102  38.846  -39.421  56.642 0.0000000000
39006  39.652  -38.793  56.552 0.0000000000
39865  40.704  -37.355  57.174 0.0000000000
39847  40.199  -36.950  58.117 0.0000000000
40832  40.807  -36.293  58.399 0.0000000000
113489  40.690  -36.101  59.252 0.0000000000
41768  41.607  -35.792  58.806 0.0000000000
40829  43.416  -36.724  58.786 0.0000000000
41767  42.328  -35.717  59.061 0.0000000000
41731  43.166  -34.969  60.617 0.0000000000
126009  44.891  -35.941  60.468 0.0000000000
34464  33.151  -42.940  63.239 0.0000000000
37083  35.549  -41.388  61.917 0.0000000000
37096  35.674  -40.498  61.370 0.0000000000
37082  36.171  -40.933  61.996 0.0000000000
37081  36.879  -40.689  61.937 0.0000000000
36176  36.815  -41.454  61.357 0.0000000000
36197  35.837  -41.732  58.823 0.0000000000
36196  36.585  -41.354  59.587 0.0000000000
36210  36.363  -41.225  57.946 0.0000000000
34500  34.792  -43.147  57.519 0.0000000000
120412  37.068  -41.977  56.416 0.0000000000
55437  56.791  -20.365  50.262 0.0000000000
54578  58.798  -20.799  49.678 0.0000000000
53645  55.844  -21.149  51.756 0.0000000000
121761  48.597  -24.600  51.537 0.0000000000
53666  51.075  -22.654  50.543 0.0000000000
53681  50.613  -22.811  49.711 0.0000000000
53665  51.955  -22.169  50.807 0.0000000000
52756  53.221  -22.982  53.472 0.0000000000
52767  53.862  -22.818  52.410 0.0000000000
50877  52.510  -25.573  51.193 0.0000000000
50892  53.057  -24.946  50.685 0.0000000000
42646  38.959  -34.948  62.243 0.0000000000
42678  39.081  -33.945  61.199 0.0000000000
46844  39.015  -29.620  59.604 0.0000000000
108832  38.667  -26.222  58.364 0.0000000000
50793  39.563  -25.362  57.528 0.0000000000
50811  39.249  -25.375  56.488 0.0000000000
50810  39.946  -25.399  56.862 0.0000000000
49758  40.482  -25.910  56.388 0.0000000000
50791  41.490  -25.183  58.434 0.0000000000
50792  40.907  -25.109  58.930 0.0000000000
49684  41.757  -25.207  60.627 0.0000000000
49683  42.817  -25.237  60.698 0.0000000000
49706  42.371  -25.723  60.755 0.0000000000
118883  40.785  -27.186  60.889 0.0000000000
46842  42.171  -29.407  58.272 0.0000000000
47781  41.940  -28.489  58.984 0.0000000000
48725  42.656  -27.603  59.010 0.0000000000
116266  43.598  -28.136  58.191 0.0000000000
123252  42.962  -28.970  57.768 0.0000000000
41747  46.208  -35.375  60.116 0.0000000000
42690  45.963  -34.699  59.898 0.0000000000
30045  26.389  -47.788  64.503 0.0000000000
30061  26.574  -48.748  63.822 0.0000000000
49773  43.496  -26.623  56.118 0.0000000000
49755  43.953  -25.993  56.915 0.0000000000
49739  42.555  -25.204  58.382 0.0000000000
31068  32.742  -47.469  60.915 0.0000000000
54563  53.753  -21.147  50.510 0.0000000000
52726  49.838  -23.369  55.814 0.0000000000
52737  49.613  -23.222  55.329 0.0000000000
51846  50.788  -23.590  55.302 0.0000000000
51858  51.089  -24.221  54.828 0.0000000000
48798  50.218  -27.170  54.333 0.0000000000
42662  41.906  -34.158  61.597 0.0000000000
128224  41.697  -33.221  62.389 0.0000000000
44307  41.756  -32.027  63.006 0.0000000000
45099  40.474  -30.910  63.061 0.0000000000
45098  41.314  -31.361  63.158 0.0000000000
45097  42.008  -31.367  63.098 0.0000000000
45109  42.360  -31.394  62.597 0.0000000000
45941  42.261  -30.576  62.211 0.0000000000
44324  43.818  -32.752  61.595 0.0000000000
31915  29.117  -46.340  64.785 0.0000000000
31020  29.687  -47.432  65.313 0.0000000000
31019  30.484  -47.365  64.809 0.0000000000
31018  31.265  -47.314  64.449 0.0000000000
31038  31.716  -47.745  63.985 0.0000000000
50836  45.287  -25.670  53.997 0.0000000000
50835  45.907  -25.332  54.534 0.0000000000
121410  46.455  -25.055  54.394 0.0000000000
51839  47.728  -24.046  56.283 0.0000000000
128304  48.617  -24.623  57.235 0.0000000000
51817  48.127  -24.444  57.489 0.0000000000
50787  47.636  -25.186  58.159 0.0000000000
50743  45.313  -25.136  60.049 0.0000000000
50742  46.031  -25.429  59.876 0.0000000000
122741  45.399  -27.722  58.098 0.0000000000
47779  44.570  -28.042  57.725 0.0000000000
37120  37.303  -40.644  59.742 0.0000000000
38067  37.709  -39.957  59.255 0.0000000000
38066  38.263  -39.334  58.688 0.0000000000
38983  38.779  -38.757  58.071 0.0000000000
39005  40.776  -38.725  56.536 0.0000000000
39864  41.793  -37.286  56.962 0.0000000000
40831  41.666  -36.240  58.010 0.0000000000
40839  42.190  -36.727  57.543 0.0000000000
40838  42.989  -37.025  57.939 0.0000000000
34463  33.818  -43.148  62.626 0.0000000000
35306  33.543  -42.874  62.980 0.0000000000
36170  34.028  -41.923  62.228 0.0000000000
109727  34.865  -41.956  62.071 0.0000000000
35310  35.678  -42.009  61.626 0.0000000000
36177  36.463  -41.814  61.167 0.0000000000
117239  57.118  -20.594  50.840 0.0000000000
126393  49.757  -23.307  52.563 0.0000000000
52780  49.912  -23.333  50.700 0.0000000000
127459  52.046  -22.234  52.471 0.0000000000
49839  52.166  -27.170  51.807 0.0000000000
50878  51.675  -26.053  51.626 0.0000000000
38924  38.886  -37.990  62.006 0.0000000000
43552  39.437  -32.825  61.390 0.0000000000
120807  39.306  -33.137  60.183 0.0000000000
125157  39.354  -32.538  59.319 0.0000000000
120504  39.519  -32.829  58.350 0.0000000000
47767  38.654  -28.174  59.819 0.0000000000
48710  38.545  -27.347  59.770 0.0000000000
119493  38.656  -26.623  59.227 0.0000000000
50794  38.914  -25.458  57.092 0.0000000000
50774  39.027  -25.556  58.115 0.0000000000
119285  39.567  -25.346  58.359 0.0000000000
50773  40.151  -25.219  59.350 0.0000000000
50772  40.892  -25.042  59.642 0.0000000000
50748  40.794  -25.169  60.270 0.0000000000
49685  40.997  -25.562  61.042 0.0000000000
45962  41.888  -30.052  59.937 0.0000000000
45975  42.048  -30.326  58.712 0.0000000000
46864  42.632  -29.628  57.495 0.0000000000
112075  42.274  -30.271  57.714 0.0000000000
31926  27.464  -46.665  64.474 0.0000000000
31916  27.305  -46.826  64.953 0.0000000000
31903  28.301  -46.904  65.252 0.0000000000
31010  28.579  -47.522  65.400 0.0000000000
30043  28.828  -48.478  65.178 0.0000000000
29055  28.923  -49.102  64.509 0.0000000000
117216  29.123  -49.968  63.102 0.0000000000
29070  28.446  -49.591  63.593 0.0000000000
29089  27.738  -49.666  62.669 0.0000000000
29072  26.832  -49.334  62.839 0.0000000000
50823  45.258  -25.654  54.892 0.0000000000
51831  46.423  -24.827  57.715 0.0000000000
50767  45.488  -24.887  59.194 0.0000000000
50788  45.237  -24.944  58.752 0.0000000000
51795  45.119  -24.913  59.731 0.0000000000
50744  44.581  -25.017  60.142 0.0000000000
49681  44.869  -25.563  60.431 0.0000000000
49704  44.542  -25.930  60.541 0.0000000000
114252  38.584  -40.357  56.556 0.0000000000
33679  32.019  -43.923  62.937 0.0000000000
33666  33.299  -43.887  63.275 0.0000000000
32846  32.487  -45.449  61.539 0.0000000000
33689  32.872  -44.542  61.498 0.0000000000
111994  33.545  -43.882  62.726 0.0000000000
33688  33.193  -43.946  61.033 0.0000000000
34479  33.649  -43.608  60.309 0.0000000000
124920  33.832  -43.543  58.567 0.0000000000
33720  34.251  -44.729  57.659 0.0000000000
124996  55.145  -20.533  50.847 0.0000000000
52778  54.339  -23.391  50.298 0.0000000000
51885  48.586  -24.357  52.543 0.0000000000
52759  49.317  -23.583  53.072 0.0000000000
52758  49.961  -22.974  53.418 0.0000000000
52757  50.730  -22.752  53.589 0.0000000000
53625  51.763  -22.843  53.752 0.0000000000
52745  51.838  -23.422  54.143 0.0000000000
50865  50.972  -25.825  52.617 0.0000000000
112567  53.027  -28.760  52.896 0.0000000000
40801  40.324  -36.292  61.391 0.0000000000
40777  39.920  -36.182  62.333 0.0000000000
107890  40.086  -35.271  62.279 0.0000000000
42663  39.398  -34.046  62.160 0.0000000000
42645  40.357  -33.901  62.416 0.0000000000
130060  39.879  -34.004  62.416 0.0000000000
121104  39.290  -31.226  59.163 0.0000000000
45976  39.158  -30.406  58.726 0.0000000000
45963  39.246  -30.433  59.948 0.0000000000
46828  39.091  -29.471  60.934 0.0000000000
45943  39.572  -29.960  62.651 0.0000000000
46816  39.258  -29.272  62.242 0.0000000000
46817  38.901  -28.411  61.725 0.0000000000
47752  38.991  -27.549  61.852 0.0000000000
48677  39.652  -27.540  62.080 0.0000000000
47751  40.193  -27.527  61.980 0.0000000000
46815  41.225  -29.205  61.951 0.0000000000
45950  42.229  -30.715  60.784 0.0000000000
45961  42.192  -30.907  59.490 0.0000000000
33680  31.044  -44.150  62.338 0.0000000000
31924  29.574  -46.006  64.063 0.0000000000
128294  30.352  -45.138  62.893 0.0000000000
32840  30.606  -44.709  62.664 0.0000000000
33669  31.400  -44.447  63.100 0.0000000000
33655  32.043  -45.015  63.378 0.0000000000
31952  32.414  -46.349  62.643 0.0000000000
31037  32.119  -47.384  63.553 0.0000000000
31048  32.424  -47.510  62.905 0.0000000000
114799  32.531  -47.362  61.993 0.0000000000
51860  47.921  -24.507  54.014 0.0000000000
51847  48.871  -23.623  55.465 0.0000000000
49771  49.669  -26.687  56.129 0.0000000000
109285  49.441  -27.304  56.773 0.0000000000
49754  48.716  -25.763  56.963 0.0000000000
49753  49.228  -26.869  57.222 0.0000000000
51819  46.746  -24.759  58.176 0.0000000000
51808  46.907  -24.896  58.574 0.0000000000
49722  47.597  -26.515  58.474 0.0000000000
50741  46.563  -25.715  59.562 0.0000000000
49701  46.901  -26.357  59.247 0.0000000000
48720  47.854  -27.276  58.260 0.0000000000
38935  37.358  -39.128  61.890 0.0000000000
38019  38.328  -38.884  62.142 0.0000000000
38933  38.651  -39.082  61.450 0.0000000000
119954  39.063  -38.329  61.556 0.0000000000
39821  39.754  -38.004  61.219 0.0000000000
40819  39.988  -37.452  60.683 0.0000000000
39007  38.915  -38.803  56.987 0.0000000000
38981  40.237  -38.093  56.886 0.0000000000
39848  39.593  -37.608  59.001 0.0000000000
40818  40.324  -36.395  60.340 0.0000000000
117947  41.440  -35.161  60.287 0.0000000000
41750  42.039  -35.200  59.680 0.0000000000
42677  42.044  -34.726  60.643 0.0000000000
42675  43.887  -34.236  61.381 0.0000000000
42674  44.748  -34.329  61.114 0.0000000000
41729  44.989  -35.193  60.756 0.0000000000
41748  45.652  -35.674  60.447 0.0000000000
40814  46.347  -36.137  60.044 0.0000000000
125129  45.350  -37.746  58.962 0.0000000000
40827  46.264  -36.958  59.431 0.0000000000
34470  31.945  -42.947  61.434 0.0000000000
35319  32.983  -42.031  62.044 0.0000000000
36167  37.053  -41.090  61.644 0.0000000000
37108  37.135  -41.038  60.809 0.0000000000
36187  36.836  -41.483  60.895 0.0000000000
37109  36.928  -41.056  60.155 0.0000000000
37150  37.249  -40.872  56.900 0.0000000000
35335  34.443  -42.828  58.696 0.0000000000
35350  35.113  -42.291  58.164 0.0000000000
35367  36.032  -42.772  56.810 0.0000000000
35366  36.378  -41.887  56.876 0.0000000000
123643  52.257  -21.827  50.132 0.0000000000
54531  53.590  -21.777  52.315 0.0000000000
53632  53.844  -22.242  52.660 0.0000000000
124495  53.765  -23.207  51.048 0.0000000000
51889  53.691  -24.185  50.397 0.0000000000
52744  52.564  -23.257  53.771 0.0000000000
124552  52.935  -23.409  53.459 0.0000000000
51884  52.113  -24.841  51.853 0.0000000000
49798  40.989  -26.728  54.955 0.0000000000
41702  38.778  -35.829  62.406 0.0000000000
41714  38.621  -35.261  62.017 0.0000000000
49776  40.185  -26.091  55.534 0.0000000000
49775  41.297  -26.493  55.818 0.0000000000
49757  41.637  -26.259  56.759 0.0000000000
50808  41.909  -25.639  57.557 0.0000000000
50770  42.622  -24.767  59.760 0.0000000000
50771  41.665  -24.780  59.780 0.0000000000
49705  43.560  -25.783  60.754 0.0000000000
49707  41.441  -26.459  60.546 0.0000000000
48709  41.685  -27.416  59.628 0.0000000000
46863  43.321  -29.369  57.100 0.0000000000
43550  44.596  -33.732  61.264 0.0000000000
43563  44.772  -33.690  60.724 0.0000000000
43564  44.200  -33.280  60.333 0.0000000000
41766  46.517  -35.174  59.427 0.0000000000
42714  45.391  -34.340  59.348 0.0000000000
43573  44.737  -33.808  59.800 0.0000000000
43574  43.708  -33.564  59.090 0.0000000000
30035  28.516  -48.046  65.380 0.0000000000
32815  30.654  -46.189  64.358 0.0000000000
32825  30.295  -45.616  63.876 0.0000000000
34457  32.996  -43.735  63.461 0.0000000000
35314  32.741  -42.524  62.417 0.0000000000
36168  36.706  -41.206  61.823 0.0000000000
36179  33.729  -41.440  61.396 0.0000000000
36223  36.853  -41.289  56.894 0.0000000000
40778  39.337  -36.475  62.504 0.0000000000
40791  40.140  -36.566  62.038 0.0000000000
40817  42.982  -36.181  59.166 0.0000000000
41730  44.276  -34.841  60.913 0.0000000000
42659  44.337  -33.749  61.454 0.0000000000
42664  38.862  -34.450  61.927 0.0000000000
43535  43.558  -33.105  62.065 0.0000000000
45159  39.559  -31.362  57.432 0.0000000000
46807  40.087  -29.007  62.714 0.0000000000
47782  38.599  -28.103  58.916 0.0000000000
49680  45.612  -25.688  60.257 0.0000000000
49686  40.333  -26.209  61.320 0.0000000000
49723  39.474  -25.512  59.173 0.0000000000
113324  40.200  -25.209  58.617 0.0000000000
115895  41.965  -30.562  63.054 0.0000000000
116290  40.687  -40.073  56.441 0.0000000000
116803  45.052  -34.159  60.966 0.0000000000
118913  31.579  -45.326  63.745 0.0000000000
120821  39.907  -32.095  62.015 0.0000000000
121436  46.880  -24.836  55.033 0.0000000000
122223  41.144  -32.998  62.536 0.0000000000
122817  39.734  -34.636  62.346 0.0000000000
123931  38.914  -34.457  60.649 0.0000000000
127089  32.475  -46.927  62.738 0.0000000000
128104  45.127  -27.989  57.543 0.0000000000
128351  35.431  -40.965  61.884 0.0000000000
128466  41.173  -25.199  60.683 0.0000000000
129011  38.618  -27.103  60.582 0.0000000000
129651  29.175  -48.576  64.972 0.0000000000
130100  41.698  -30.909  63.175 0.0000000000
