#!ascii label  , from subject freesurfer vox2ras=TkReg
813
118606  14.041  -32.636  60.271 0.0000000000
109422  4.416  -34.629  49.827 0.0000000000
43533  7.035  -34.121  63.227 0.0000000000
46012  5.157  -31.060  58.078 0.0000000000
49751  3.462  -25.959  57.250 0.0000000000
44321  10.433  -32.517  63.023 0.0000000000
45164  10.480  -31.247  57.811 0.0000000000
123799  15.288  -37.231  62.012 0.0000000000
41687  11.499  -35.417  64.820 0.0000000000
41641  7.994  -34.556  66.891 0.0000000000
48674  4.210  -27.637  62.422 0.0000000000
46885  1.966  -28.707  57.202 0.0000000000
51755  2.929  -24.456  62.987 0.0000000000
41724  3.225  -35.508  61.923 0.0000000000
42745  4.684  -34.952  57.140 0.0000000000
42725  8.018  -34.029  57.985 0.0000000000
47774  7.357  -28.080  59.608 0.0000000000
44427  3.011  -32.724  53.581 0.0000000000
46932  1.213  -29.135  51.753 0.0000000000
47900  4.838  -28.100  51.277 0.0000000000
49764  7.840  -26.007  56.340 0.0000000000
44333  12.593  -31.906  61.416 0.0000000000
45974  12.376  -30.783  59.445 0.0000000000
41742  14.720  -35.017  60.981 0.0000000000
41708  13.495  -35.828  63.062 0.0000000000
43530  12.818  -33.380  62.149 0.0000000000
43513  11.448  -33.015  64.018 0.0000000000
48658  2.670  -26.790  63.861 0.0000000000
116516  4.913  -34.547  62.306 0.0000000000
42688  5.375  -34.737  60.539 0.0000000000
42671  7.199  -34.044  60.950 0.0000000000
48735  9.789  -28.263  58.404 0.0000000000
46881  9.285  -29.750  57.759 0.0000000000
43502  7.093  -33.646  64.729 0.0000000000
41645  5.178  -34.949  66.842 0.0000000000
42626  4.159  -34.615  64.911 0.0000000000
42643  2.614  -34.914  63.630 0.0000000000
43615  5.800  -33.453  56.393 0.0000000000
42766  4.230  -34.244  55.120 0.0000000000
45180  4.407  -31.900  55.776 0.0000000000
126456  1.530  -26.842  56.997 0.0000000000
107567  1.327  -28.723  55.083 0.0000000000
49829  1.644  -26.819  53.701 0.0000000000
48852  2.308  -27.243  51.224 0.0000000000
48795  4.482  -26.966  54.144 0.0000000000
44323  8.403  -33.270  62.863 0.0000000000
43561  8.822  -33.242  60.910 0.0000000000
44348  10.705  -32.112  60.207 0.0000000000
46006  11.495  -30.161  57.622 0.0000000000
38916  15.227  -38.559  62.606 0.0000000000
38029  13.668  -38.384  61.683 0.0000000000
38905  13.321  -37.629  62.635 0.0000000000
39763  12.327  -36.790  63.405 0.0000000000
42608  9.815  -34.750  66.430 0.0000000000
44293  9.101  -33.456  64.655 0.0000000000
46824  4.420  -28.900  60.100 0.0000000000
45994  3.291  -29.667  58.553 0.0000000000
47764  2.457  -28.487  60.239 0.0000000000
49700  2.071  -26.817  60.210 0.0000000000
50763  2.930  -25.264  59.465 0.0000000000
43581  16.733  -33.469  58.866 0.0000000000
37088  17.852  -40.596  61.914 0.0000000000
38005  19.273  -40.016  63.678 0.0000000000
39810  17.603  -37.657  61.898 0.0000000000
41740  17.157  -35.665  60.281 0.0000000000
41746  1.346  -36.258  59.911 0.0000000000
110174  1.923  -35.712  58.136 0.0000000000
110883  3.141  -35.572  59.043 0.0000000000
108920  6.324  -34.637  57.744 0.0000000000
44381  6.921  -32.878  56.900 0.0000000000
44372  8.960  -32.969  57.939 0.0000000000
45166  7.767  -31.513  57.299 0.0000000000
46859  5.944  -30.010  58.588 0.0000000000
48700  6.062  -27.805  60.973 0.0000000000
41801  2.314  -35.304  55.374 0.0000000000
126856  2.888  -34.877  53.463 0.0000000000
43652  2.736  -32.920  51.882 0.0000000000
117654  2.284  -30.421  55.742 0.0000000000
45199  1.542  -30.868  52.801 0.0000000000
44463  2.959  -31.564  51.121 0.0000000000
46084  2.509  -29.982  48.721 0.0000000000
47943  3.379  -28.878  48.679 0.0000000000
123760  4.914  -23.453  62.625 0.0000000000
51805  5.512  -24.946  59.786 0.0000000000
51803  7.422  -24.566  59.543 0.0000000000
49749  5.762  -26.142  57.239 0.0000000000
48778  6.362  -27.398  54.680 0.0000000000
44332  13.106  -32.006  61.105 0.0000000000
45127  13.208  -31.636  60.478 0.0000000000
119568  14.087  -31.556  59.451 0.0000000000
43559  14.416  -33.529  60.469 0.0000000000
42670  13.247  -34.034  61.756 0.0000000000
114168  13.328  -32.842  61.400 0.0000000000
44319  12.764  -32.461  61.800 0.0000000000
41882  4.002  -35.453  48.435 0.0000000000
42820  4.370  -34.239  49.269 0.0000000000
42656  6.006  -34.311  62.603 0.0000000000
108924  5.506  -34.499  61.573 0.0000000000
42672  6.636  -34.284  61.789 0.0000000000
38058  14.672  -39.229  60.212 0.0000000000
43515  6.997  -33.878  63.870 0.0000000000
43503  6.174  -34.205  64.352 0.0000000000
43516  6.057  -34.278  63.535 0.0000000000
42642  4.041  -34.795  63.603 0.0000000000
45175  5.513  -31.992  56.662 0.0000000000
44388  5.006  -32.207  56.085 0.0000000000
45176  4.601  -31.680  56.637 0.0000000000
107579  2.515  -25.994  57.320 0.0000000000
49770  1.649  -26.646  55.861 0.0000000000
116007  2.178  -26.310  54.971 0.0000000000
49828  2.265  -26.564  53.696 0.0000000000
111050  3.881  -26.467  55.575 0.0000000000
44322  9.436  -32.996  62.783 0.0000000000
44335  9.720  -32.629  61.901 0.0000000000
44334  10.625  -32.012  61.333 0.0000000000
45989  12.130  -30.444  58.272 0.0000000000
128996  11.639  -28.433  57.552 0.0000000000
39791  15.252  -37.916  62.525 0.0000000000
38917  14.522  -38.339  62.547 0.0000000000
123881  14.473  -37.129  62.386 0.0000000000
41698  12.505  -35.235  63.884 0.0000000000
40749  12.674  -36.249  63.654 0.0000000000
40751  11.659  -36.101  64.504 0.0000000000
42606  10.857  -34.898  65.496 0.0000000000
127929  11.016  -32.334  63.143 0.0000000000
44292  10.023  -33.166  64.521 0.0000000000
44303  9.687  -33.046  63.721 0.0000000000
44304  8.600  -33.303  63.589 0.0000000000
47747  4.121  -28.150  61.501 0.0000000000
46825  3.503  -29.073  60.073 0.0000000000
47738  3.513  -27.978  61.996 0.0000000000
120411  2.739  -25.038  63.706 0.0000000000
114816  2.153  -26.942  61.396 0.0000000000
51783  2.435  -25.534  61.437 0.0000000000
50739  2.479  -25.704  59.989 0.0000000000
51782  2.939  -24.732  61.399 0.0000000000
39789  17.244  -38.548  62.288 0.0000000000
122877  1.666  -35.631  60.940 0.0000000000
41763  1.733  -35.707  59.676 0.0000000000
41743  3.505  -35.484  60.572 0.0000000000
111422  7.066  -34.467  59.087 0.0000000000
42728  5.786  -34.899  58.494 0.0000000000
42742  7.258  -34.296  57.745 0.0000000000
43600  7.188  -33.772  57.260 0.0000000000
44380  7.769  -33.062  57.313 0.0000000000
44361  10.006  -32.687  59.487 0.0000000000
43583  9.360  -33.060  58.662 0.0000000000
44371  9.624  -32.498  57.990 0.0000000000
47793  7.687  -28.634  58.907 0.0000000000
46882  8.613  -30.125  57.733 0.0000000000
46858  7.281  -29.311  58.512 0.0000000000
45990  6.790  -29.966  58.179 0.0000000000
46836  6.714  -28.735  59.148 0.0000000000
109716  5.988  -28.279  60.213 0.0000000000
128557  6.578  -27.823  60.497 0.0000000000
38939  12.889  -37.963  61.402 0.0000000000
109640  12.948  -37.970  60.725 0.0000000000
41670  8.031  -35.363  66.602 0.0000000000
40756  6.562  -35.897  64.626 0.0000000000
41671  7.014  -35.353  66.620 0.0000000000
42601  3.507  -34.771  66.271 0.0000000000
40730  4.119  -35.343  66.486 0.0000000000
110901  2.775  -35.237  63.091 0.0000000000
41726  1.661  -35.562  61.569 0.0000000000
41784  2.806  -35.395  57.499 0.0000000000
41794  1.957  -35.471  56.404 0.0000000000
41793  2.988  -34.992  55.972 0.0000000000
43642  3.602  -33.398  54.023 0.0000000000
42775  3.634  -34.289  54.459 0.0000000000
43647  2.806  -33.354  53.170 0.0000000000
42789  2.970  -34.163  52.354 0.0000000000
43648  2.610  -33.078  52.442 0.0000000000
124459  2.486  -29.234  57.451 0.0000000000
46021  2.483  -30.176  56.428 0.0000000000
46896  2.262  -29.450  56.691 0.0000000000
124168  1.145  -28.884  53.537 0.0000000000
46040  1.556  -30.181  53.374 0.0000000000
120945  1.487  -30.074  52.268 0.0000000000
113602  2.048  -31.489  51.832 0.0000000000
46051  2.011  -30.723  51.510 0.0000000000
45246  2.781  -30.660  49.852 0.0000000000
46965  1.436  -29.207  50.269 0.0000000000
48851  3.359  -27.432  51.463 0.0000000000
47918  2.469  -27.980  49.900 0.0000000000
122556  4.416  -28.648  50.118 0.0000000000
52679  6.455  -23.081  62.710 0.0000000000
51779  5.717  -24.208  61.310 0.0000000000
51778  6.699  -24.084  61.119 0.0000000000
51826  9.191  -24.545  57.690 0.0000000000
122768  7.849  -25.110  57.674 0.0000000000
50781  6.573  -25.355  58.234 0.0000000000
50819  7.181  -25.932  56.990 0.0000000000
48779  5.793  -27.071  55.284 0.0000000000
49788  7.459  -26.622  55.681 0.0000000000
111672  11.950  -31.856  61.880 0.0000000000
45117  11.445  -31.763  61.437 0.0000000000
45128  12.720  -31.394  60.525 0.0000000000
41721  15.189  -35.875  61.104 0.0000000000
41707  13.983  -36.220  62.384 0.0000000000
41723  13.628  -35.079  62.452 0.0000000000
42639  13.026  -34.934  63.340 0.0000000000
42640  12.346  -34.340  63.794 0.0000000000
43497  11.696  -33.795  64.425 0.0000000000
43512  12.106  -33.328  63.578 0.0000000000
44320  12.275  -32.240  62.279 0.0000000000
49644  4.368  -26.803  64.963 0.0000000000
48665  3.161  -27.484  63.456 0.0000000000
126044  3.533  -26.661  65.645 0.0000000000
50680  2.806  -25.317  65.403 0.0000000000
110183  3.176  -23.867  64.625 0.0000000000
42673  4.245  -35.024  62.051 0.0000000000
42689  3.876  -35.281  61.305 0.0000000000
127061  4.858  -34.662  61.813 0.0000000000
42687  6.310  -34.423  60.723 0.0000000000
42708  7.651  -34.200  59.247 0.0000000000
47812  10.128  -29.156  57.776 0.0000000000
46007  10.026  -30.820  57.521 0.0000000000
46856  9.142  -28.873  58.349 0.0000000000
48736  8.931  -28.101  58.947 0.0000000000
48717  7.842  -27.535  60.044 0.0000000000
48683  7.401  -26.866  61.430 0.0000000000
116070  7.174  -33.790  66.216 0.0000000000
41643  6.576  -34.969  67.169 0.0000000000
43487  6.226  -34.098  65.878 0.0000000000
42610  4.417  -34.465  65.571 0.0000000000
117720  3.667  -34.575  65.526 0.0000000000
42628  2.720  -34.770  64.477 0.0000000000
110430  3.837  -34.670  64.318 0.0000000000
121244  3.461  -35.056  63.298 0.0000000000
42755  5.384  -34.157  56.292 0.0000000000
42757  4.050  -34.640  55.811 0.0000000000
43630  5.221  -33.445  55.800 0.0000000000
44399  4.834  -32.708  55.430 0.0000000000
44400  4.137  -32.218  54.948 0.0000000000
119599  1.428  -27.797  57.137 0.0000000000
47825  1.459  -28.311  56.480 0.0000000000
48764  1.304  -27.504  56.052 0.0000000000
48797  1.290  -27.262  54.331 0.0000000000
48816  1.431  -27.244  52.694 0.0000000000
47903  1.232  -28.226  51.120 0.0000000000
48815  1.951  -26.752  52.799 0.0000000000
48833  2.616  -27.028  52.069 0.0000000000
47862  4.811  -27.555  52.887 0.0000000000
50817  9.179  -24.900  56.870 0.0000000000
115472  8.265  -26.231  55.531 0.0000000000
49786  9.102  -25.916  55.444 0.0000000000
112956  7.621  -33.602  62.899 0.0000000000
43548  7.611  -33.717  62.007 0.0000000000
44350  9.088  -32.993  61.602 0.0000000000
44349  9.760  -32.680  60.819 0.0000000000
44360  10.609  -32.129  59.015 0.0000000000
45142  11.915  -30.980  60.072 0.0000000000
45156  11.750  -30.956  58.945 0.0000000000
115998  10.720  -30.507  57.574 0.0000000000
113838  11.035  -28.835  57.623 0.0000000000
37077  15.560  -39.598  62.275 0.0000000000
37091  14.758  -39.585  61.255 0.0000000000
38015  14.371  -38.719  62.277 0.0000000000
40767  13.287  -36.526  63.189 0.0000000000
39773  12.778  -37.259  62.918 0.0000000000
39794  12.073  -37.127  62.589 0.0000000000
40738  9.275  -35.647  65.488 0.0000000000
42597  8.921  -34.382  66.865 0.0000000000
43491  10.752  -33.924  65.422 0.0000000000
42595  9.718  -33.917  66.404 0.0000000000
43493  8.514  -33.498  65.996 0.0000000000
44288  7.929  -33.237  65.418 0.0000000000
44305  7.886  -33.451  63.752 0.0000000000
45992  4.664  -30.553  58.592 0.0000000000
46013  4.319  -30.934  58.119 0.0000000000
46840  3.360  -29.409  59.304 0.0000000000
46841  2.517  -28.950  59.428 0.0000000000
47794  2.173  -28.739  59.084 0.0000000000
109405  2.453  -27.416  61.697 0.0000000000
48702  2.072  -27.598  60.330 0.0000000000
48737  1.715  -27.405  58.770 0.0000000000
113064  1.957  -26.673  59.051 0.0000000000
111424  2.577  -25.855  58.823 0.0000000000
50804  2.896  -25.712  58.216 0.0000000000
43569  14.783  -33.132  59.724 0.0000000000
116157  16.814  -40.273  60.995 0.0000000000
37065  20.602  -40.244  64.215 0.0000000000
37998  19.745  -39.920  64.272 0.0000000000
37067  19.229  -40.283  63.348 0.0000000000
37068  18.723  -40.248  63.037 0.0000000000
37075  17.384  -40.189  62.480 0.0000000000
37076  16.334  -39.941  62.313 0.0000000000
39790  16.171  -38.570  62.366 0.0000000000
39812  16.034  -37.582  61.803 0.0000000000
40809  17.228  -36.352  60.772 0.0000000000
40799  15.779  -36.698  61.211 0.0000000000
41761  15.635  -35.192  60.338 0.0000000000
42705  15.757  -34.433  59.731 0.0000000000
41774  2.607  -35.544  58.350 0.0000000000
41773  3.777  -35.436  58.198 0.0000000000
42710  4.970  -35.039  59.458 0.0000000000
41772  4.819  -35.228  58.382 0.0000000000
42744  5.411  -34.957  57.634 0.0000000000
42754  5.942  -34.174  56.831 0.0000000000
44386  6.128  -32.725  56.582 0.0000000000
45168  5.844  -31.397  57.311 0.0000000000
43562  8.020  -33.641  61.012 0.0000000000
43571  8.741  -33.664  59.114 0.0000000000
43584  8.598  -33.549  58.289 0.0000000000
127438  8.990  -31.258  57.376 0.0000000000
129926  8.647  -31.820  57.418 0.0000000000
120684  8.014  -32.254  57.349 0.0000000000
46011  6.170  -30.693  57.915 0.0000000000
45991  5.399  -30.531  58.460 0.0000000000
46838  4.841  -29.449  59.451 0.0000000000
47761  5.234  -28.380  60.507 0.0000000000
48673  5.277  -27.249  62.376 0.0000000000
48684  6.623  -27.210  61.552 0.0000000000
48672  6.238  -26.957  62.234 0.0000000000
49654  5.368  -26.612  63.699 0.0000000000
40775  5.877  -36.437  64.123 0.0000000000
41672  5.941  -35.380  66.644 0.0000000000
42767  3.415  -34.769  55.130 0.0000000000
42777  2.675  -35.092  54.328 0.0000000000
42801  3.372  -33.725  51.565 0.0000000000
113269  3.173  -30.670  56.931 0.0000000000
46020  2.894  -30.858  56.081 0.0000000000
45190  2.427  -31.170  54.238 0.0000000000
46028  1.608  -29.560  55.126 0.0000000000
46034  1.894  -30.595  53.787 0.0000000000
45198  1.986  -31.430  53.227 0.0000000000
44438  2.333  -32.196  52.077 0.0000000000
44451  2.741  -32.154  51.570 0.0000000000
43663  3.946  -32.926  50.673 0.0000000000
44473  3.708  -31.874  49.430 0.0000000000
47919  1.680  -28.120  49.908 0.0000000000
46995  2.355  -29.283  48.521 0.0000000000
52660  3.989  -22.984  64.761 0.0000000000
53570  5.377  -22.548  64.013 0.0000000000
116067  4.254  -23.589  62.980 0.0000000000
51781  3.781  -24.455  61.461 0.0000000000
51806  4.442  -24.948  60.013 0.0000000000
50783  4.579  -25.464  58.771 0.0000000000
51804  6.580  -24.837  59.724 0.0000000000
50782  5.614  -25.416  58.472 0.0000000000
49750  4.659  -26.114  57.255 0.0000000000
49790  4.967  -26.646  55.793 0.0000000000
48794  5.488  -27.254  54.419 0.0000000000
47861  5.578  -28.070  53.077 0.0000000000
48831  6.494  -28.276  53.129 0.0000000000
43560  13.506  -32.229  60.747 0.0000000000
44347  13.694  -31.896  60.110 0.0000000000
123333  13.808  -32.915  60.874 0.0000000000
43546  13.848  -33.636  61.173 0.0000000000
41856  4.436  -35.164  50.529 0.0000000000
117945  4.341  -35.683  49.378 0.0000000000
113991  4.284  -34.918  49.035 0.0000000000
43549  7.094  -34.207  62.591 0.0000000000
38039  15.510  -39.789  60.427 0.0000000000
38057  15.351  -39.618  60.188 0.0000000000
38040  14.993  -39.713  60.615 0.0000000000
45169  4.847  -31.381  57.409 0.0000000000
49792  2.065  -26.166  55.616 0.0000000000
49768  2.851  -26.075  56.264 0.0000000000
49791  2.795  -26.266  55.256 0.0000000000
45108  10.496  -32.216  62.201 0.0000000000
39792  14.578  -37.798  62.571 0.0000000000
41686  12.229  -35.844  64.184 0.0000000000
40735  10.957  -35.656  65.146 0.0000000000
44302  10.542  -32.716  63.761 0.0000000000
51769  2.588  -25.250  62.442 0.0000000000
51768  2.831  -24.766  62.089 0.0000000000
41725  2.185  -35.416  61.546 0.0000000000
41744  1.885  -35.499  60.558 0.0000000000
107351  2.833  -35.603  61.068 0.0000000000
42726  7.555  -34.308  58.412 0.0000000000
42727  6.744  -34.604  58.452 0.0000000000
43599  7.763  -33.833  57.619 0.0000000000
44370  10.248  -31.990  58.150 0.0000000000
118744  10.012  -32.526  58.581 0.0000000000
47760  6.634  -28.152  59.884 0.0000000000
125547  7.164  -27.656  60.321 0.0000000000
41655  7.538  -35.036  67.058 0.0000000000
41659  3.100  -34.817  66.162 0.0000000000
40731  3.425  -35.108  66.430 0.0000000000
41709  2.706  -35.445  62.388 0.0000000000
108046  2.119  -35.286  62.240 0.0000000000
41783  3.929  -35.157  57.454 0.0000000000
113586  2.515  -35.246  56.733 0.0000000000
41792  3.673  -34.973  56.684 0.0000000000
44414  3.644  -32.510  54.246 0.0000000000
46862  2.381  -28.923  58.173 0.0000000000
46920  1.105  -28.977  52.617 0.0000000000
119837  1.327  -29.722  53.028 0.0000000000
46052  1.719  -29.989  51.700 0.0000000000
46057  1.918  -29.765  51.132 0.0000000000
46946  1.255  -29.135  50.979 0.0000000000
47882  4.279  -27.803  51.651 0.0000000000
47901  3.988  -27.988  51.025 0.0000000000
47917  4.626  -28.337  50.701 0.0000000000
127300  6.638  -22.762  63.140 0.0000000000
52678  7.088  -23.264  62.243 0.0000000000
115223  6.299  -23.616  61.965 0.0000000000
52686  7.306  -23.558  61.585 0.0000000000
50799  8.467  -25.022  57.343 0.0000000000
51815  8.293  -24.678  58.123 0.0000000000
107947  7.855  -25.523  57.110 0.0000000000
50800  7.257  -25.473  57.633 0.0000000000
107993  6.985  -26.430  56.398 0.0000000000
45116  12.310  -31.574  61.055 0.0000000000
45141  13.433  -31.429  59.853 0.0000000000
41722  14.309  -35.607  61.685 0.0000000000
42654  12.998  -34.278  62.509 0.0000000000
42655  12.575  -33.864  63.006 0.0000000000
45107  11.614  -32.249  62.745 0.0000000000
109372  3.150  -25.099  66.319 0.0000000000
51731  3.172  -24.276  65.326 0.0000000000
52640  3.565  -23.860  65.884 0.0000000000
42686  6.997  -34.248  59.962 0.0000000000
43572  7.736  -33.965  60.136 0.0000000000
47773  8.145  -28.071  59.350 0.0000000000
48697  8.284  -27.059  60.512 0.0000000000
48682  7.967  -26.802  61.127 0.0000000000
43495  7.107  -33.608  65.600 0.0000000000
42625  5.186  -34.381  64.898 0.0000000000
42609  5.424  -34.312  65.444 0.0000000000
42627  3.346  -34.666  64.982 0.0000000000
107102  4.930  -34.443  63.138 0.0000000000
42657  4.182  -34.919  62.848 0.0000000000
107187  3.459  -35.327  62.683 0.0000000000
49816  1.644  -26.775  54.471 0.0000000000
48781  1.453  -27.060  55.109 0.0000000000
108407  1.215  -27.346  53.608 0.0000000000
48796  3.383  -26.740  53.896 0.0000000000
48814  3.028  -26.872  53.011 0.0000000000
48832  3.936  -27.378  52.357 0.0000000000
48813  4.177  -27.123  53.307 0.0000000000
50832  9.274  -25.341  56.091 0.0000000000
127252  9.787  -25.079  55.924 0.0000000000
43532  7.961  -33.397  63.083 0.0000000000
43547  8.115  -33.257  62.570 0.0000000000
44336  8.825  -33.094  62.268 0.0000000000
45129  12.031  -31.271  60.653 0.0000000000
45130  11.452  -31.491  60.684 0.0000000000
45163  11.291  -30.874  57.914 0.0000000000
122303  10.874  -29.699  57.507 0.0000000000
38014  15.185  -39.088  62.555 0.0000000000
38027  14.807  -39.405  62.074 0.0000000000
38904  13.887  -37.651  62.526 0.0000000000
38918  13.704  -38.108  62.322 0.0000000000
40785  13.796  -36.557  62.648 0.0000000000
40768  12.765  -36.775  63.382 0.0000000000
39774  12.159  -37.016  63.046 0.0000000000
126717  12.579  -37.370  62.603 0.0000000000
39775  11.554  -36.729  63.235 0.0000000000
109986  10.834  -36.511  63.204 0.0000000000
41668  9.795  -35.288  66.038 0.0000000000
41669  8.962  -35.251  66.321 0.0000000000
41653  9.324  -34.796  66.622 0.0000000000
43498  10.997  -33.381  64.757 0.0000000000
127048  11.255  -33.796  64.984 0.0000000000
44287  9.741  -33.492  65.232 0.0000000000
43500  9.277  -33.645  65.762 0.0000000000
43484  9.144  -33.853  66.515 0.0000000000
43501  8.586  -33.427  65.263 0.0000000000
123503  8.103  -33.369  63.169 0.0000000000
109111  7.564  -33.637  63.466 0.0000000000
46861  4.355  -29.859  59.099 0.0000000000
46839  4.103  -29.390  59.637 0.0000000000
47763  2.990  -28.735  60.549 0.0000000000
46826  2.762  -28.933  59.935 0.0000000000
47777  2.295  -28.603  59.721 0.0000000000
48666  2.806  -27.234  63.498 0.0000000000
48676  2.729  -27.428  62.652 0.0000000000
49679  2.084  -26.939  60.798 0.0000000000
48718  1.901  -27.229  59.674 0.0000000000
49721  2.109  -26.575  59.688 0.0000000000
50738  2.712  -25.234  60.007 0.0000000000
50764  2.641  -25.626  59.495 0.0000000000
129347  2.808  -25.572  59.056 0.0000000000
43568  15.761  -33.584  59.264 0.0000000000
43582  16.091  -32.842  58.683 0.0000000000
108541  16.870  -32.711  58.369 0.0000000000
37102  18.214  -40.558  60.857 0.0000000000
37115  18.129  -40.346  59.972 0.0000000000
37116  17.339  -40.285  60.300 0.0000000000
37103  17.464  -40.459  61.152 0.0000000000
116568  19.842  -39.165  64.277 0.0000000000
37062  19.569  -40.110  63.908 0.0000000000
127050  17.338  -39.806  62.641 0.0000000000
38012  16.652  -39.656  62.429 0.0000000000
39811  16.850  -37.767  61.760 0.0000000000
40810  16.559  -36.227  60.635 0.0000000000
40811  15.932  -35.948  60.615 0.0000000000
41741  16.497  -35.484  60.195 0.0000000000
42704  16.560  -34.246  59.402 0.0000000000
42706  15.146  -33.853  59.860 0.0000000000
41764  1.504  -36.080  59.499 0.0000000000
107505  2.475  -35.496  59.945 0.0000000000
41775  2.122  -35.604  58.995 0.0000000000
42711  4.425  -35.124  60.537 0.0000000000
117177  5.941  -34.590  57.276 0.0000000000
43614  6.449  -33.577  56.846 0.0000000000
45174  6.450  -32.010  56.864 0.0000000000
114065  8.361  -33.205  61.792 0.0000000000
46008  9.292  -30.682  57.449 0.0000000000
46009  8.348  -30.863  57.434 0.0000000000
44379  8.496  -32.686  57.592 0.0000000000
113398  6.471  -29.441  58.716 0.0000000000
46860  5.153  -30.010  58.920 0.0000000000
46837  5.737  -29.320  59.170 0.0000000000
47746  5.092  -27.997  61.219 0.0000000000
48685  5.736  -27.519  61.704 0.0000000000
48699  6.936  -27.409  60.970 0.0000000000
38028  14.195  -38.863  61.669 0.0000000000
38041  14.365  -39.135  60.897 0.0000000000
38042  13.842  -38.563  61.296 0.0000000000
41644  5.932  -34.909  67.087 0.0000000000
41657  5.973  -35.115  67.099 0.0000000000
41673  5.081  -35.085  66.840 0.0000000000
41727  1.285  -35.943  60.844 0.0000000000
40812  1.216  -36.443  60.384 0.0000000000
116945  1.632  -35.994  55.904 0.0000000000
41802  1.898  -35.636  54.934 0.0000000000
42776  3.108  -34.315  53.616 0.0000000000
109681  2.579  -35.441  53.763 0.0000000000
42783  2.871  -34.954  52.981 0.0000000000
127651  2.812  -33.591  52.182 0.0000000000
42802  3.023  -33.704  51.893 0.0000000000
116547  3.616  -34.609  51.782 0.0000000000
46014  3.494  -30.333  57.876 0.0000000000
45170  3.984  -31.184  57.338 0.0000000000
45182  2.700  -31.002  55.182 0.0000000000
121233  1.341  -28.425  55.776 0.0000000000
46905  1.633  -29.161  55.639 0.0000000000
46035  1.665  -29.903  54.266 0.0000000000
44428  2.363  -32.300  52.846 0.0000000000
45210  1.743  -31.441  52.266 0.0000000000
116817  2.438  -31.347  51.430 0.0000000000
44450  3.335  -32.901  51.278 0.0000000000
44462  3.520  -32.130  50.689 0.0000000000
43662  4.215  -32.662  49.858 0.0000000000
46069  2.389  -29.928  49.822 0.0000000000
48853  1.671  -27.512  51.094 0.0000000000
48868  1.513  -27.915  50.519 0.0000000000
48867  2.003  -27.584  50.490 0.0000000000
47932  2.945  -28.339  49.215 0.0000000000
47944  2.508  -28.731  48.677 0.0000000000
46994  2.909  -29.299  48.166 0.0000000000
46993  3.626  -29.487  48.010 0.0000000000
53569  6.083  -22.360  63.943 0.0000000000
52669  4.958  -22.959  63.366 0.0000000000
52688  4.421  -23.952  62.147 0.0000000000
51790  5.120  -24.624  60.628 0.0000000000
50762  3.853  -25.225  59.439 0.0000000000
50761  4.764  -25.212  59.444 0.0000000000
51802  8.125  -24.153  59.303 0.0000000000
51787  7.878  -24.039  60.042 0.0000000000
51788  7.107  -24.448  60.348 0.0000000000
50801  6.549  -25.800  57.483 0.0000000000
111996  5.922  -25.642  57.853 0.0000000000
50802  5.085  -25.708  57.910 0.0000000000
49766  5.282  -26.480  56.559 0.0000000000
130198  6.485  -27.218  55.215 0.0000000000
48812  5.158  -27.442  53.603 0.0000000000
48811  6.154  -27.834  53.858 0.0000000000
109162  7.926  -26.751  54.944 0.0000000000
124428  12.883  -31.664  60.863 0.0000000000
45971  13.729  -31.072  59.209 0.0000000000
129353  14.384  -34.220  60.895 0.0000000000
42669  13.977  -34.604  61.506 0.0000000000
42829  4.108  -34.487  48.386 0.0000000000
43670  4.367  -33.452  48.979 0.0000000000
108535  6.281  -34.090  65.135 0.0000000000
42641  4.856  -34.458  64.091 0.0000000000
44387  5.446  -32.727  56.140 0.0000000000
127728  1.969  -26.287  57.580 0.0000000000
49769  1.949  -26.199  56.561 0.0000000000
49793  1.815  -26.536  55.031 0.0000000000
49815  1.918  -26.491  54.377 0.0000000000
49814  2.614  -26.440  54.483 0.0000000000
49813  3.671  -26.611  54.723 0.0000000000
46005  12.131  -29.818  57.710 0.0000000000
46879  11.725  -29.239  57.564 0.0000000000
41697  12.893  -35.828  63.602 0.0000000000
40750  12.238  -36.416  63.872 0.0000000000
40769  11.729  -36.535  63.825 0.0000000000
41667  10.294  -35.172  65.817 0.0000000000
44301  11.220  -32.592  63.561 0.0000000000
44291  10.739  -32.988  64.333 0.0000000000
44294  8.171  -33.291  64.594 0.0000000000
108440  4.521  -28.414  60.796 0.0000000000
47762  3.747  -28.622  60.697 0.0000000000
47748  3.172  -28.362  61.311 0.0000000000
129761  2.668  -28.351  60.801 0.0000000000
50701  2.465  -26.063  63.862 0.0000000000
49656  2.433  -26.650  63.050 0.0000000000
50712  2.233  -26.150  62.233 0.0000000000
128524  2.186  -26.435  61.622 0.0000000000
50727  2.199  -26.330  61.026 0.0000000000
49699  2.251  -26.251  60.403 0.0000000000
109410  2.428  -25.682  60.498 0.0000000000
51793  2.655  -25.173  60.679 0.0000000000
51792  3.104  -24.788  60.659 0.0000000000
37087  18.564  -40.637  61.842 0.0000000000
38902  19.300  -39.257  63.580 0.0000000000
38914  16.822  -39.320  62.501 0.0000000000
39788  18.064  -38.226  62.464 0.0000000000
41759  17.084  -34.904  59.719 0.0000000000
41745  1.505  -35.830  60.220 0.0000000000
41762  3.828  -35.508  59.781 0.0000000000
42709  6.212  -34.681  59.524 0.0000000000
42743  6.561  -34.259  57.270 0.0000000000
119690  7.320  -32.137  57.061 0.0000000000
43570  9.233  -33.205  59.868 0.0000000000
46857  8.319  -29.317  58.288 0.0000000000
46883  7.768  -30.002  57.916 0.0000000000
46010  7.269  -30.672  57.605 0.0000000000
47775  6.060  -28.638  59.622 0.0000000000
38938  13.329  -38.257  61.409 0.0000000000
117102  13.460  -38.368  60.923 0.0000000000
115185  8.473  -35.632  65.781 0.0000000000
112532  7.457  -35.693  65.505 0.0000000000
40739  6.312  -35.635  65.531 0.0000000000
42658  1.972  -35.203  62.920 0.0000000000
41785  1.896  -35.637  57.306 0.0000000000
43641  4.200  -33.676  54.644 0.0000000000
111573  2.831  -34.059  52.834 0.0000000000
46884  2.887  -29.475  58.022 0.0000000000
46015  2.806  -29.849  57.225 0.0000000000
46904  1.929  -29.764  55.849 0.0000000000
46912  1.371  -29.164  54.406 0.0000000000
129856  1.441  -29.576  53.762 0.0000000000
114900  1.464  -30.426  52.633 0.0000000000
45211  1.443  -30.876  52.221 0.0000000000
45219  1.555  -30.945  51.922 0.0000000000
129763  2.817  -31.115  50.831 0.0000000000
45231  2.568  -30.623  50.821 0.0000000000
46056  2.212  -29.880  50.668 0.0000000000
46964  1.727  -29.356  49.736 0.0000000000
47902  2.942  -27.628  50.671 0.0000000000
110898  3.614  -28.270  50.185 0.0000000000
47931  3.842  -28.713  49.495 0.0000000000
52680  5.596  -23.229  62.670 0.0000000000
52687  5.280  -23.785  62.036 0.0000000000
51789  6.123  -24.545  60.497 0.0000000000
124174  8.394  -24.303  58.760 0.0000000000
51816  7.779  -24.621  58.803 0.0000000000
50759  7.030  -25.017  58.967 0.0000000000
50780  7.465  -25.046  58.231 0.0000000000
49765  6.540  -26.218  56.940 0.0000000000
114950  6.169  -26.529  56.495 0.0000000000
49789  6.564  -26.950  55.779 0.0000000000
49812  7.090  -27.207  55.034 0.0000000000
45096  11.183  -32.076  62.426 0.0000000000
45960  12.497  -31.092  60.132 0.0000000000
45973  12.879  -30.925  59.610 0.0000000000
40800  14.806  -36.529  61.863 0.0000000000
42623  12.015  -34.866  64.417 0.0000000000
42624  11.399  -34.441  65.011 0.0000000000
43531  12.452  -32.860  62.711 0.0000000000
44300  11.920  -32.611  63.205 0.0000000000
49655  4.620  -26.913  63.988 0.0000000000
48664  3.903  -27.395  63.331 0.0000000000
48656  3.709  -27.174  64.162 0.0000000000
49645  3.366  -26.837  64.848 0.0000000000
49646  2.745  -26.467  64.611 0.0000000000
50669  3.243  -25.895  66.724 0.0000000000
49635  2.740  -26.046  65.268 0.0000000000
50691  2.648  -25.581  64.601 0.0000000000
51744  2.875  -24.580  64.584 0.0000000000
51743  2.948  -23.996  63.930 0.0000000000
109326  4.750  -34.802  61.323 0.0000000000
46880  10.077  -30.128  57.411 0.0000000000
47792  8.439  -28.583  58.765 0.0000000000
48698  7.588  -27.203  60.779 0.0000000000
43486  7.757  -33.805  66.522 0.0000000000
41642  7.172  -34.962  67.125 0.0000000000
42592  7.241  -34.463  66.769 0.0000000000
42598  6.472  -34.473  66.605 0.0000000000
42599  5.531  -34.570  66.489 0.0000000000
43488  5.139  -34.320  65.920 0.0000000000
42600  4.397  -34.650  66.365 0.0000000000
110834  3.660  -34.513  65.959 0.0000000000
42611  3.248  -34.577  65.893 0.0000000000
110416  3.140  -34.672  63.922 0.0000000000
42756  4.722  -34.628  56.416 0.0000000000
42765  4.816  -34.177  55.699 0.0000000000
43631  4.707  -33.525  55.148 0.0000000000
44413  4.321  -32.989  54.666 0.0000000000
47838  1.159  -27.800  55.108 0.0000000000
47849  1.078  -28.103  54.196 0.0000000000
47863  0.965  -27.996  53.125 0.0000000000
47883  1.114  -28.097  52.132 0.0000000000
48835  1.455  -27.522  51.720 0.0000000000
48834  1.793  -27.123  51.873 0.0000000000
50818  8.523  -25.444  56.630 0.0000000000
49787  8.585  -25.787  56.009 0.0000000000
50831  9.946  -25.410  55.345 0.0000000000
45143  11.341  -31.385  59.688 0.0000000000
45157  10.945  -31.467  58.447 0.0000000000
47791  10.554  -28.392  57.935 0.0000000000
48754  11.192  -28.070  57.746 0.0000000000
37090  15.305  -39.823  61.654 0.0000000000
38016  13.832  -38.385  61.998 0.0000000000
38919  13.227  -38.102  61.921 0.0000000000
38929  12.760  -37.808  61.819 0.0000000000
40766  14.031  -36.946  62.480 0.0000000000
39772  13.325  -37.166  62.905 0.0000000000
39793  12.701  -37.639  62.215 0.0000000000
39813  12.276  -37.391  61.984 0.0000000000
41654  8.502  -34.956  66.883 0.0000000000
42607  10.184  -34.386  66.070 0.0000000000
43499  10.317  -33.429  65.053 0.0000000000
43492  9.995  -33.720  65.784 0.0000000000
127854  9.777  -34.257  66.531 0.0000000000
42596  9.539  -34.271  66.685 0.0000000000
43485  8.392  -33.793  66.563 0.0000000000
43494  7.759  -33.402  66.028 0.0000000000
123353  7.540  -33.378  65.342 0.0000000000
44295  7.651  -33.370  64.672 0.0000000000
43514  7.475  -33.583  64.071 0.0000000000
45993  3.986  -30.205  58.627 0.0000000000
121690  2.662  -29.213  58.833 0.0000000000
47813  1.797  -28.209  58.284 0.0000000000
48675  3.336  -27.741  62.675 0.0000000000
47739  2.921  -27.901  61.955 0.0000000000
47749  2.581  -27.994  61.246 0.0000000000
49667  2.274  -26.899  62.081 0.0000000000
48687  2.243  -27.478  61.017 0.0000000000
48701  2.279  -28.037  60.600 0.0000000000
47765  2.162  -28.213  60.083 0.0000000000
47778  1.916  -28.102  59.493 0.0000000000
48755  1.542  -27.393  57.863 0.0000000000
49736  1.743  -26.736  58.111 0.0000000000
50740  2.316  -26.127  59.860 0.0000000000
49735  2.183  -26.246  58.521 0.0000000000
49752  2.403  -25.998  58.122 0.0000000000
44359  14.378  -32.272  59.665 0.0000000000
44358  15.200  -32.656  59.191 0.0000000000
44368  15.478  -32.084  58.750 0.0000000000
123627  16.073  -40.106  61.442 0.0000000000
37997  20.127  -40.041  64.517 0.0000000000
125103  18.895  -40.518  62.706 0.0000000000
37074  18.255  -40.423  62.557 0.0000000000
37089  16.992  -40.350  61.818 0.0000000000
128815  15.790  -39.975  61.810 0.0000000000
40796  18.031  -36.842  61.691 0.0000000000
40808  17.876  -36.313  61.104 0.0000000000
40797  17.337  -36.977  61.392 0.0000000000
40798  16.631  -36.952  61.214 0.0000000000
41760  16.363  -34.894  59.792 0.0000000000
42685  15.024  -34.391  60.349 0.0000000000
120219  4.178  -35.537  58.969 0.0000000000
41782  4.576  -35.195  57.754 0.0000000000
109062  5.399  -34.676  56.909 0.0000000000
115548  8.487  -33.681  60.082 0.0000000000
127667  8.188  -33.947  59.422 0.0000000000
42707  8.174  -33.994  58.658 0.0000000000
43598  8.304  -33.434  57.780 0.0000000000
45165  9.585  -31.623  57.612 0.0000000000
44378  9.103  -32.348  57.703 0.0000000000
45167  6.829  -31.337  57.247 0.0000000000
47776  5.345  -28.789  59.795 0.0000000000
48686  4.874  -27.678  61.824 0.0000000000
48663  4.835  -27.038  63.125 0.0000000000
45155  14.818  -31.462  58.869 0.0000000000
38950  14.279  -38.633  59.546 0.0000000000
41656  6.691  -35.060  67.160 0.0000000000
40740  5.523  -35.755  65.532 0.0000000000
40757  5.556  -36.100  64.838 0.0000000000
41795  1.646  -36.124  57.105 0.0000000000
41809  1.996  -35.728  54.328 0.0000000000
122417  4.325  -34.217  50.620 0.0000000000
45177  3.759  -31.320  56.413 0.0000000000
45181  3.596  -31.488  55.461 0.0000000000
45189  3.299  -31.735  54.596 0.0000000000
45197  2.796  -31.993  53.774 0.0000000000
46897  1.831  -29.008  56.227 0.0000000000
46027  1.997  -30.330  54.943 0.0000000000
43657  2.987  -33.033  51.641 0.0000000000
42812  3.980  -33.574  51.013 0.0000000000
42811  4.369  -33.605  50.129 0.0000000000
44480  4.116  -32.568  48.791 0.0000000000
47920  1.293  -28.581  50.284 0.0000000000
46982  1.882  -29.314  49.052 0.0000000000
47933  2.053  -28.390  49.212 0.0000000000
46996  1.884  -28.868  48.872 0.0000000000
46099  2.695  -29.806  47.933 0.0000000000
52650  3.976  -23.081  65.403 0.0000000000
52661  3.512  -23.500  64.319 0.0000000000
53571  4.623  -22.790  64.336 0.0000000000
52670  4.130  -23.229  63.899 0.0000000000
52671  3.407  -23.787  63.465 0.0000000000
51767  3.475  -24.244  62.379 0.0000000000
51780  4.754  -24.309  61.403 0.0000000000
51791  4.082  -24.682  60.705 0.0000000000
51807  3.356  -24.935  60.011 0.0000000000
50784  3.383  -25.466  58.853 0.0000000000
50803  3.972  -25.708  58.033 0.0000000000
50760  6.111  -25.105  59.028 0.0000000000
121838  5.335  -25.261  59.114 0.0000000000
49767  4.198  -26.308  56.451 0.0000000000
48780  4.752  -26.801  54.975 0.0000000000
111223  5.773  -26.771  55.992 0.0000000000
47881  4.997  -27.989  52.205 0.0000000000
114183  7.033  -27.920  53.610 0.0000000000
116346  5.386  -28.539  51.731 0.0000000000
37990  20.221  -39.503  64.864 0.0000000000
46983  1.503  -28.841  49.492 0.0000000000
48657  3.011  -27.197  64.148 0.0000000000
50679  2.819  -26.140  66.035 0.0000000000
50785  2.349  -26.140  59.279 0.0000000000
52651  3.541  -23.448  65.060 0.0000000000
109653  2.422  -25.729  63.066 0.0000000000
127186  2.956  -26.426  65.347 0.0000000000
128975  3.229  -34.114  51.868 0.0000000000
129817  2.693  -25.077  63.025 0.0000000000
