#!ascii label  , from subject freesurfer vox2ras=TkReg
1209
90276  51.347  22.546  31.487 0.0000000000
92107  53.512  25.817  32.517 0.0000000000
87448  48.698  17.433  38.623 0.0000000000
89608  45.184  21.358  32.220 0.0000000000
87535  48.456  17.179  30.342 0.0000000000
89698  52.994  21.615  25.570 0.0000000000
93340  48.471  27.879  34.991 0.0000000000
94721  49.544  29.822  29.169 0.0000000000
84861  52.925  13.549  40.180 0.0000000000
82464  51.637  10.725  34.449 0.0000000000
89614  57.443  21.218  30.623 0.0000000000
121819  53.539  17.363  33.411 0.0000000000
89564  54.727  21.887  37.967 0.0000000000
124232  51.153  18.067  43.060 0.0000000000
94129  49.748  29.038  24.578 0.0000000000
92161  52.795  25.731  25.800 0.0000000000
84927  45.856  13.423  33.549 0.0000000000
89605  48.133  21.754  31.935 0.0000000000
88535  46.352  19.536  32.544 0.0000000000
88531  50.031  19.818  32.717 0.0000000000
90336  52.001  23.032  28.692 0.0000000000
90911  48.737  23.546  29.192 0.0000000000
94682  45.586  29.667  32.154 0.0000000000
84831  56.209  13.323  42.272 0.0000000000
84092  56.134  12.520  37.970 0.0000000000
82419  58.166  11.572  38.018 0.0000000000
111134  52.611  28.010  20.228 0.0000000000
90885  55.515  23.429  31.799 0.0000000000
89589  56.201  21.274  35.048 0.0000000000
109995  54.012  22.346  34.662 0.0000000000
88970  48.784  20.518  40.521 0.0000000000
88961  51.277  21.346  42.453 0.0000000000
87420  48.809  17.438  42.601 0.0000000000
85592  50.447  14.993  43.972 0.0000000000
92740  50.810  26.537  31.342 0.0000000000
92779  51.518  27.533  27.450 0.0000000000
91513  53.405  24.766  29.659 0.0000000000
90909  55.601  23.635  28.580 0.0000000000
87998  50.532  18.419  35.589 0.0000000000
86889  49.397  16.508  34.068 0.0000000000
86881  47.369  15.983  36.545 0.0000000000
87539  45.281  17.128  30.961 0.0000000000
86351  45.762  16.099  28.824 0.0000000000
89725  55.722  21.352  21.963 0.0000000000
89716  49.834  21.617  22.233 0.0000000000
93349  52.278  28.906  35.716 0.0000000000
91465  51.202  25.275  36.235 0.0000000000
96296  44.804  32.258  28.734 0.0000000000
129788  49.360  34.426  29.482 0.0000000000
94030  48.417  29.504  32.978 0.0000000000
85623  49.753  14.826  39.394 0.0000000000
84099  49.039  12.793  37.301 0.0000000000
83256  52.245  11.961  37.337 0.0000000000
82478  54.343  10.514  33.786 0.0000000000
89615  55.006  21.448  31.384 0.0000000000
117446  54.430  18.703  32.528 0.0000000000
88022  57.350  18.553  32.386 0.0000000000
88510  53.875  19.612  35.654 0.0000000000
89008  51.133  20.399  38.383 0.0000000000
90183  51.935  22.761  39.469 0.0000000000
88976  52.511  20.473  40.613 0.0000000000
113136  49.734  17.361  40.547 0.0000000000
85603  50.068  14.509  41.818 0.0000000000
128040  52.577  12.595  43.474 0.0000000000
95846  50.856  31.811  21.967 0.0000000000
93478  53.876  27.222  22.995 0.0000000000
123327  55.119  29.055  26.070 0.0000000000
92175  56.094  25.849  23.798 0.0000000000
90983  54.364  22.704  24.308 0.0000000000
89678  55.238  21.486  27.443 0.0000000000
86929  51.199  16.808  30.982 0.0000000000
86334  47.807  15.661  31.365 0.0000000000
123138  44.625  13.400  30.624 0.0000000000
120079  48.130  11.586  35.058 0.0000000000
90269  49.539  22.075  32.294 0.0000000000
113866  48.484  21.137  32.510 0.0000000000
124258  51.156  21.063  33.001 0.0000000000
122652  51.656  22.978  29.961 0.0000000000
90910  50.512  23.483  29.202 0.0000000000
90292  50.155  22.992  30.923 0.0000000000
90295  47.777  22.871  30.664 0.0000000000
110448  56.808  12.266  42.138 0.0000000000
84065  57.578  12.677  40.610 0.0000000000
83243  56.890  11.400  40.335 0.0000000000
86959  44.398  16.323  26.969 0.0000000000
109536  54.322  24.244  32.348 0.0000000000
90882  54.280  23.229  32.829 0.0000000000
109556  52.673  24.124  33.509 0.0000000000
109937  47.387  18.021  40.782 0.0000000000
87946  48.450  19.027  41.272 0.0000000000
92735  52.311  26.768  32.678 0.0000000000
92113  52.050  25.743  30.071 0.0000000000
92110  53.778  25.963  31.768 0.0000000000
91507  54.799  24.887  30.679 0.0000000000
87990  49.471  18.473  36.817 0.0000000000
87481  48.649  17.129  35.859 0.0000000000
86875  47.753  16.534  37.327 0.0000000000
89055  43.118  20.366  32.388 0.0000000000
120053  44.464  19.758  32.571 0.0000000000
88059  47.541  18.128  31.945 0.0000000000
87515  46.305  17.774  31.400 0.0000000000
87537  46.850  17.333  30.325 0.0000000000
86942  45.981  16.703  29.458 0.0000000000
86941  46.695  16.795  29.806 0.0000000000
89713  53.398  21.416  23.093 0.0000000000
109791  52.539  21.276  22.017 0.0000000000
128702  51.079  22.129  23.770 0.0000000000
90282  44.761  22.680  31.139 0.0000000000
89621  43.679  21.751  31.755 0.0000000000
93992  50.798  29.453  36.163 0.0000000000
92681  51.423  28.376  37.134 0.0000000000
92694  49.141  27.169  35.600 0.0000000000
93368  47.567  28.648  33.932 0.0000000000
94671  47.130  29.712  33.133 0.0000000000
115386  49.308  29.264  34.556 0.0000000000
94011  50.597  29.161  34.895 0.0000000000
124407  51.279  13.968  39.666 0.0000000000
84903  51.724  13.431  38.543 0.0000000000
84902  52.978  13.357  38.965 0.0000000000
83274  56.923  11.482  35.830 0.0000000000
126185  55.340  11.557  36.307 0.0000000000
82459  56.534  10.864  34.379 0.0000000000
127126  57.166  20.834  30.383 0.0000000000
89043  56.088  19.928  32.314 0.0000000000
89042  58.111  19.778  31.905 0.0000000000
89580  55.332  21.637  36.859 0.0000000000
89027  56.235  20.387  35.870 0.0000000000
89021  54.148  20.623  36.552 0.0000000000
89022  53.052  20.506  36.891 0.0000000000
89006  52.812  20.996  37.712 0.0000000000
90830  50.759  25.164  38.995 0.0000000000
90202  51.429  23.100  37.926 0.0000000000
90813  51.135  23.450  40.350 0.0000000000
88443  51.416  19.584  42.614 0.0000000000
88952  52.690  21.588  42.514 0.0000000000
88450  52.147  19.605  42.210 0.0000000000
88457  51.562  19.036  41.015 0.0000000000
87425  51.069  17.940  41.779 0.0000000000
111881  49.831  16.258  41.651 0.0000000000
86836  50.722  16.274  42.680 0.0000000000
84815  50.899  13.533  45.171 0.0000000000
84824  51.162  13.189  43.153 0.0000000000
94801  49.719  29.530  23.152 0.0000000000
94155  51.200  28.257  22.190 0.0000000000
94140  51.178  28.361  23.620 0.0000000000
95317  49.323  32.070  29.576 0.0000000000
95320  49.743  31.346  28.702 0.0000000000
94726  50.237  30.102  28.419 0.0000000000
92787  52.703  27.205  26.500 0.0000000000
94100  53.886  29.427  27.280 0.0000000000
92793  54.634  27.460  25.661 0.0000000000
92800  56.136  27.482  24.755 0.0000000000
92170  53.965  25.655  24.631 0.0000000000
90998  54.445  23.561  23.655 0.0000000000
126136  53.464  24.329  25.503 0.0000000000
90907  56.955  22.874  29.282 0.0000000000
90949  56.916  22.161  27.586 0.0000000000
89667  56.908  21.256  28.530 0.0000000000
89655  54.840  21.527  29.321 0.0000000000
87513  54.100  17.063  31.864 0.0000000000
88026  53.259  17.227  31.540 0.0000000000
86893  52.772  16.487  31.997 0.0000000000
86302  47.355  15.359  33.695 0.0000000000
86320  49.077  15.977  32.208 0.0000000000
85678  46.343  14.736  32.928 0.0000000000
85689  45.492  14.545  31.560 0.0000000000
121560  45.095  12.760  32.018 0.0000000000
83268  50.257  11.659  36.384 0.0000000000
84110  48.617  12.286  36.690 0.0000000000
82466  49.802  10.969  34.620 0.0000000000
89618  46.205  21.898  31.739 0.0000000000
89052  46.230  20.396  32.575 0.0000000000
121296  47.703  20.585  32.562 0.0000000000
88533  48.525  19.303  32.529 0.0000000000
88030  49.018  18.593  32.129 0.0000000000
90359  52.504  22.311  26.288 0.0000000000
90297  46.324  22.998  30.748 0.0000000000
84844  55.157  13.437  41.544 0.0000000000
84900  54.912  13.321  39.015 0.0000000000
84882  56.989  13.286  39.628 0.0000000000
84091  58.084  12.408  37.705 0.0000000000
90273  56.464  22.849  31.289 0.0000000000
89597  57.495  20.770  32.072 0.0000000000
90259  55.664  22.197  33.207 0.0000000000
90253  54.696  22.207  34.710 0.0000000000
90226  54.747  22.501  36.885 0.0000000000
89538  49.323  23.005  40.536 0.0000000000
90168  50.549  23.543  41.210 0.0000000000
88969  49.697  21.141  41.279 0.0000000000
114259  50.193  19.898  42.357 0.0000000000
87929  50.779  18.182  43.202 0.0000000000
86829  50.913  16.331  43.326 0.0000000000
86824  50.387  16.390  43.940 0.0000000000
85586  49.922  14.793  44.725 0.0000000000
84808  50.379  13.535  45.893 0.0000000000
94781  48.813  30.343  24.729 0.0000000000
93404  49.633  27.910  29.793 0.0000000000
94064  50.397  28.700  28.368 0.0000000000
92748  50.565  26.649  29.404 0.0000000000
92149  51.719  26.081  27.988 0.0000000000
111693  52.926  24.781  27.910 0.0000000000
112203  53.404  24.354  27.003 0.0000000000
114370  54.159  24.374  29.406 0.0000000000
91506  55.624  24.242  30.426 0.0000000000
88007  51.944  17.982  34.653 0.0000000000
87498  51.126  16.821  33.382 0.0000000000
87479  50.175  17.728  35.138 0.0000000000
125303  47.981  16.054  34.960 0.0000000000
86292  46.818  15.057  35.116 0.0000000000
82495  52.467  10.436  32.315 0.0000000000
119415  50.365  10.733  32.658 0.0000000000
87518  43.811  17.160  32.005 0.0000000000
118114  44.989  19.039  32.548 0.0000000000
87517  44.583  17.457  31.900 0.0000000000
86932  44.851  16.771  30.172 0.0000000000
86944  44.708  16.680  29.075 0.0000000000
86948  45.193  16.622  28.409 0.0000000000
86358  45.385  15.941  27.547 0.0000000000
89131  54.914  20.547  20.322 0.0000000000
115527  52.206  21.194  20.734 0.0000000000
92720  52.487  26.810  33.523 0.0000000000
92078  51.542  25.495  34.823 0.0000000000
92692  52.049  28.018  36.438 0.0000000000
92049  50.637  25.516  37.797 0.0000000000
91437  49.667  25.424  38.689 0.0000000000
90817  48.010  23.954  39.714 0.0000000000
89540  47.671  21.905  39.236 0.0000000000
126517  46.547  33.032  29.009 0.0000000000
129880  48.462  34.237  30.672 0.0000000000
95308  48.375  31.265  30.374 0.0000000000
94059  48.234  29.238  31.099 0.0000000000
93384  49.563  28.022  32.721 0.0000000000
93382  51.809  27.464  33.355 0.0000000000
86253  48.887  15.984  39.282 0.0000000000
85641  48.636  15.020  38.311 0.0000000000
112434  49.932  13.891  38.386 0.0000000000
84097  50.927  12.772  37.607 0.0000000000
119072  52.272  11.153  35.939 0.0000000000
83254  54.189  11.852  37.231 0.0000000000
83277  53.971  11.007  35.962 0.0000000000
82463  52.968  10.511  34.552 0.0000000000
90275  52.852  22.195  31.435 0.0000000000
117992  52.746  21.179  32.516 0.0000000000
128938  53.967  20.779  32.426 0.0000000000
88024  55.351  17.968  32.500 0.0000000000
87485  54.840  17.520  33.222 0.0000000000
89036  57.371  19.658  34.420 0.0000000000
88517  56.103  18.689  34.494 0.0000000000
87996  53.418  18.645  35.034 0.0000000000
121358  51.802  19.403  35.709 0.0000000000
88503  50.590  19.641  36.831 0.0000000000
123275  49.719  19.548  38.109 0.0000000000
90865  52.089  23.452  35.064 0.0000000000
90228  53.025  22.473  37.087 0.0000000000
90181  54.153  22.410  38.989 0.0000000000
90167  52.176  22.565  41.854 0.0000000000
112185  53.518  21.981  40.764 0.0000000000
121795  53.595  21.469  39.647 0.0000000000
88977  51.666  20.225  39.570 0.0000000000
88464  50.166  19.242  39.498 0.0000000000
87434  49.375  17.654  39.651 0.0000000000
113984  49.138  16.335  40.024 0.0000000000
85610  50.322  14.290  40.550 0.0000000000
84847  51.426  13.512  41.055 0.0000000000
85598  50.346  14.747  43.045 0.0000000000
84834  51.066  13.379  42.140 0.0000000000
84045  52.871  13.048  41.641 0.0000000000
84032  54.765  13.052  43.051 0.0000000000
94815  51.098  29.724  20.947 0.0000000000
93488  52.574  27.401  21.360 0.0000000000
129253  55.233  26.303  22.075 0.0000000000
113847  52.433  30.259  28.186 0.0000000000
94114  52.424  28.936  25.298 0.0000000000
93462  55.043  28.604  24.808 0.0000000000
124609  56.193  27.449  23.986 0.0000000000
92183  56.434  25.434  22.683 0.0000000000
91568  56.410  24.066  22.777 0.0000000000
90399  54.675  21.991  23.314 0.0000000000
89696  54.663  21.718  24.803 0.0000000000
90965  54.699  22.686  26.045 0.0000000000
89686  55.626  21.940  26.189 0.0000000000
89688  54.833  21.610  26.100 0.0000000000
90346  53.531  22.053  27.587 0.0000000000
117582  53.681  21.965  30.009 0.0000000000
88530  51.675  19.083  32.527 0.0000000000
88028  51.194  18.004  31.556 0.0000000000
86939  49.449  16.704  30.345 0.0000000000
86895  50.626  16.559  32.677 0.0000000000
86319  49.535  16.047  30.991 0.0000000000
86940  48.352  16.413  30.264 0.0000000000
86344  46.808  16.274  30.053 0.0000000000
85699  45.333  15.322  29.413 0.0000000000
84911  47.836  13.539  37.334 0.0000000000
84113  47.273  12.693  35.911 0.0000000000
83284  46.674  12.125  34.632 0.0000000000
82498  48.847  10.671  32.630 0.0000000000
83311  45.554  11.752  32.394 0.0000000000
127455  56.357  10.389  37.798 0.0000000000
107454  58.552  10.820  36.204 0.0000000000
90268  50.179  22.288  32.268 0.0000000000
89603  50.242  21.761  32.703 0.0000000000
90267  51.038  22.103  32.383 0.0000000000
90291  51.507  22.807  30.640 0.0000000000
90893  50.858  23.180  30.188 0.0000000000
123091  50.865  22.874  31.023 0.0000000000
115326  49.621  22.526  31.575 0.0000000000
83217  57.270  12.004  41.445 0.0000000000
91501  53.825  24.885  32.594 0.0000000000
91494  53.312  24.077  33.037 0.0000000000
91495  52.896  25.043  33.070 0.0000000000
92719  52.854  26.436  32.758 0.0000000000
92738  53.073  26.204  31.680 0.0000000000
92106  53.905  25.982  32.139 0.0000000000
92105  54.177  25.589  31.831 0.0000000000
87966  48.702  18.138  38.031 0.0000000000
87464  48.835  18.031  37.270 0.0000000000
120109  48.171  16.874  38.069 0.0000000000
89609  44.240  21.233  32.213 0.0000000000
89054  43.922  20.455  32.420 0.0000000000
89053  44.794  20.563  32.460 0.0000000000
126691  47.861  17.567  31.078 0.0000000000
88060  47.083  17.737  31.132 0.0000000000
87536  47.633  17.208  30.311 0.0000000000
87550  46.475  17.025  29.817 0.0000000000
87549  47.277  16.981  29.999 0.0000000000
89707  53.366  21.431  24.139 0.0000000000
89714  52.342  21.518  23.246 0.0000000000
90372  52.348  21.794  24.882 0.0000000000
89620  44.522  21.938  31.754 0.0000000000
90283  43.963  22.383  31.263 0.0000000000
89610  43.392  21.076  32.145 0.0000000000
93339  49.705  28.796  35.637 0.0000000000
93351  47.952  28.295  34.428 0.0000000000
94001  48.451  29.185  34.145 0.0000000000
93350  48.940  28.988  34.806 0.0000000000
93993  49.814  29.259  35.251 0.0000000000
84886  52.542  13.593  39.441 0.0000000000
107159  52.277  13.535  38.890 0.0000000000
84885  53.475  13.527  39.565 0.0000000000
83290  57.338  11.359  35.112 0.0000000000
89083  57.065  21.031  30.176 0.0000000000
89063  57.468  20.564  30.943 0.0000000000
117469  57.536  20.353  31.324 0.0000000000
89581  55.192  21.312  37.276 0.0000000000
89020  55.427  20.749  36.907 0.0000000000
89004  54.780  21.236  37.588 0.0000000000
89005  53.892  21.058  37.627 0.0000000000
89566  53.731  21.249  38.330 0.0000000000
91430  50.437  25.408  39.530 0.0000000000
90822  50.694  24.836  39.746 0.0000000000
90814  50.325  24.716  40.787 0.0000000000
87928  51.111  18.660  42.826 0.0000000000
88442  51.932  19.878  42.515 0.0000000000
87936  51.375  18.396  42.442 0.0000000000
87943  51.799  18.915  41.898 0.0000000000
87418  51.204  17.622  42.725 0.0000000000
87419  50.639  16.885  42.207 0.0000000000
86835  51.155  16.897  43.081 0.0000000000
84807  51.144  13.239  46.076 0.0000000000
94789  49.477  29.567  23.957 0.0000000000
95360  49.279  30.347  23.425 0.0000000000
94142  49.890  28.966  23.697 0.0000000000
94141  50.407  28.661  23.424 0.0000000000
94128  50.435  28.620  24.318 0.0000000000
94722  48.938  30.539  29.707 0.0000000000
111019  49.741  31.009  28.989 0.0000000000
92154  52.422  26.253  26.437 0.0000000000
92794  53.152  26.701  25.892 0.0000000000
92801  54.937  26.900  24.922 0.0000000000
92160  53.522  26.198  25.229 0.0000000000
91562  53.668  24.527  24.766 0.0000000000
91552  53.220  25.193  25.246 0.0000000000
90288  57.738  22.011  30.092 0.0000000000
90333  57.468  21.922  28.645 0.0000000000
89629  57.421  21.322  30.058 0.0000000000
89653  56.866  20.975  29.144 0.0000000000
87486  54.162  17.065  32.390 0.0000000000
86892  53.584  16.737  31.836 0.0000000000
87496  53.195  16.774  32.574 0.0000000000
86296  46.715  14.990  34.184 0.0000000000
86303  46.746  15.080  33.290 0.0000000000
85660  46.001  14.093  33.025 0.0000000000
85679  45.927  14.691  32.394 0.0000000000
84940  45.462  13.481  32.584 0.0000000000
82452  51.170  10.912  35.154 0.0000000000
82453  50.369  10.999  35.193 0.0000000000
82465  50.727  10.857  34.318 0.0000000000
89617  47.174  22.004  31.695 0.0000000000
122231  46.779  21.460  32.204 0.0000000000
89606  47.519  21.314  32.305 0.0000000000
89049  49.284  20.571  32.719 0.0000000000
89050  48.500  20.167  32.639 0.0000000000
88532  49.231  19.485  32.546 0.0000000000
90347  52.527  22.574  27.918 0.0000000000
109110  51.917  22.809  27.117 0.0000000000
90348  51.631  23.261  28.005 0.0000000000
128059  49.540  23.503  29.251 0.0000000000
90936  49.745  23.519  27.918 0.0000000000
90279  47.913  22.363  31.321 0.0000000000
90296  47.115  22.709  31.051 0.0000000000
90280  46.520  22.503  31.302 0.0000000000
84859  55.418  13.493  40.536 0.0000000000
84858  56.578  13.383  40.457 0.0000000000
84082  58.248  12.573  39.328 0.0000000000
84083  57.858  13.125  39.037 0.0000000000
84090  58.265  12.188  37.917 0.0000000000
84105  58.209  12.097  37.106 0.0000000000
83251  58.355  11.662  37.271 0.0000000000
94197  52.556  28.894  19.964 0.0000000000
94836  52.706  29.987  19.799 0.0000000000
90265  56.089  22.514  32.224 0.0000000000
111943  55.061  22.879  32.589 0.0000000000
112584  54.147  22.597  33.728 0.0000000000
90244  54.663  22.319  36.000 0.0000000000
122795  54.498  22.495  36.489 0.0000000000
89532  49.213  21.720  40.245 0.0000000000
87938  48.921  18.549  42.017 0.0000000000
88451  49.434  19.313  42.044 0.0000000000
87937  49.804  18.596  42.756 0.0000000000
88444  50.666  19.155  42.786 0.0000000000
87930  49.620  17.954  43.017 0.0000000000
87412  50.469  17.460  43.441 0.0000000000
87413  49.506  17.366  43.275 0.0000000000
86226  49.244  15.623  44.081 0.0000000000
85587  49.175  14.785  44.527 0.0000000000
84816  50.210  14.142  45.203 0.0000000000
84817  49.457  14.193  45.072 0.0000000000
92741  49.880  26.839  31.010 0.0000000000
93400  49.971  27.045  30.065 0.0000000000
92745  50.608  26.495  30.340 0.0000000000
92112  52.878  25.296  30.322 0.0000000000
92115  51.746  25.815  29.331 0.0000000000
110842  52.465  25.378  29.367 0.0000000000
92134  52.367  25.474  28.402 0.0000000000
91514  52.897  24.862  28.870 0.0000000000
91530  53.604  24.399  28.787 0.0000000000
91503  55.307  24.711  31.038 0.0000000000
90889  56.013  24.021  31.004 0.0000000000
90888  56.776  23.042  30.594 0.0000000000
111558  51.398  18.571  35.347 0.0000000000
88008  51.008  17.892  34.880 0.0000000000
86880  47.902  16.644  36.298 0.0000000000
86885  48.272  16.532  35.375 0.0000000000
86886  47.592  16.083  35.727 0.0000000000
86295  47.467  15.568  35.083 0.0000000000
123235  46.884  14.949  35.854 0.0000000000
86916  42.942  16.772  32.128 0.0000000000
88536  45.443  19.871  32.604 0.0000000000
125931  45.754  19.084  32.461 0.0000000000
87538  46.113  17.349  30.505 0.0000000000
87516  45.431  17.657  31.676 0.0000000000
87540  44.499  16.967  31.340 0.0000000000
86947  45.575  16.445  28.846 0.0000000000
110138  45.434  16.723  29.132 0.0000000000
86357  45.426  16.280  28.100 0.0000000000
90412  56.763  22.224  21.996 0.0000000000
129715  55.127  20.771  21.535 0.0000000000
107723  51.465  21.348  21.890 0.0000000000
89728  52.084  21.039  20.936 0.0000000000
89729  51.127  21.508  21.336 0.0000000000
89731  49.229  21.747  21.720 0.0000000000
107294  52.402  27.840  34.478 0.0000000000
111033  52.346  27.016  34.412 0.0000000000
93336  52.347  28.976  36.708 0.0000000000
120604  51.067  26.914  37.306 0.0000000000
92042  50.366  25.520  38.251 0.0000000000
90831  48.067  24.349  38.861 0.0000000000
90176  47.649  23.116  39.620 0.0000000000
96306  45.702  32.648  27.437 0.0000000000
96295  45.672  32.563  28.320 0.0000000000
96259  47.706  33.693  31.045 0.0000000000
95809  47.989  33.239  31.127 0.0000000000
95808  48.587  32.639  30.311 0.0000000000
94679  48.035  29.785  33.115 0.0000000000
94698  47.989  29.949  32.402 0.0000000000
119788  47.983  30.180  31.585 0.0000000000
94049  48.332  29.142  31.982 0.0000000000
93397  48.665  28.336  31.273 0.0000000000
94048  48.802  28.630  32.345 0.0000000000
94010  51.826  29.138  35.320 0.0000000000
93366  51.178  28.342  34.153 0.0000000000
93365  52.260  28.203  34.478 0.0000000000
121609  52.383  27.179  33.581 0.0000000000
85640  49.511  14.560  38.652 0.0000000000
85639  50.239  14.309  39.004 0.0000000000
84096  51.787  12.695  37.941 0.0000000000
84907  51.173  13.244  38.145 0.0000000000
84107  51.400  12.071  37.244 0.0000000000
83267  51.855  11.541  36.627 0.0000000000
83266  52.683  11.543  36.607 0.0000000000
84085  55.410  12.919  38.507 0.0000000000
84086  54.317  12.986  38.437 0.0000000000
84093  54.828  12.449  37.825 0.0000000000
82448  55.215  10.944  35.207 0.0000000000
83276  54.831  11.260  35.806 0.0000000000
82449  54.346  10.766  35.248 0.0000000000
82450  53.469  10.700  35.273 0.0000000000
82462  53.871  10.502  34.528 0.0000000000
82479  53.359  10.360  33.760 0.0000000000
114459  53.884  10.479  32.897 0.0000000000
89616  53.767  21.785  31.635 0.0000000000
89600  53.480  21.335  32.284 0.0000000000
126809  54.413  21.185  32.057 0.0000000000
111635  57.284  18.760  32.105 0.0000000000
88526  56.487  18.698  32.311 0.0000000000
88023  56.552  18.161  32.513 0.0000000000
87494  55.441  17.776  32.695 0.0000000000
88011  56.589  17.894  32.812 0.0000000000
89593  57.339  20.810  33.145 0.0000000000
89039  57.616  20.168  33.600 0.0000000000
89588  56.934  20.437  34.817 0.0000000000
89029  54.912  20.085  35.982 0.0000000000
88508  56.287  19.685  35.366 0.0000000000
88509  55.303  19.289  35.296 0.0000000000
88004  55.101  18.187  34.344 0.0000000000
87995  54.391  18.662  35.067 0.0000000000
88511  52.778  19.445  35.611 0.0000000000
89023  52.029  20.441  37.065 0.0000000000
88502  51.403  19.933  36.454 0.0000000000
88487  51.143  20.295  37.398 0.0000000000
88489  49.873  19.209  37.286 0.0000000000
88488  50.331  20.003  37.822 0.0000000000
91480  51.781  24.296  34.644 0.0000000000
113517  51.413  24.279  35.458 0.0000000000
90229  51.828  22.844  37.005 0.0000000000
90201  52.526  22.641  37.951 0.0000000000
90200  54.044  22.638  38.088 0.0000000000
90182  53.431  22.544  39.150 0.0000000000
89527  50.905  22.282  42.061 0.0000000000
90161  51.404  22.748  41.749 0.0000000000
89526  51.916  22.145  42.410 0.0000000000
88968  53.009  21.497  42.271 0.0000000000
89530  53.252  22.037  41.986 0.0000000000
109275  53.205  21.456  41.242 0.0000000000
89537  54.135  21.958  39.842 0.0000000000
128030  53.667  21.737  40.401 0.0000000000
88975  52.803  21.005  40.086 0.0000000000
87952  50.584  18.841  40.337 0.0000000000
88463  50.900  19.574  39.980 0.0000000000
87953  49.792  18.571  39.610 0.0000000000
86849  49.285  17.002  40.100 0.0000000000
86239  49.760  15.514  41.664 0.0000000000
127709  49.830  14.757  41.047 0.0000000000
84863  51.037  13.895  40.333 0.0000000000
84848  50.642  13.807  41.324 0.0000000000
86224  50.617  16.042  43.918 0.0000000000
86231  50.686  15.722  43.524 0.0000000000
109134  50.450  14.054  43.273 0.0000000000
84024  51.825  12.724  43.303 0.0000000000
84034  52.517  12.690  42.577 0.0000000000
84046  51.949  13.070  41.784 0.0000000000
84033  53.612  13.060  42.348 0.0000000000
95847  50.111  31.784  22.605 0.0000000000
96333  50.654  33.458  23.495 0.0000000000
96338  50.954  32.821  22.599 0.0000000000
95379  50.605  30.161  21.519 0.0000000000
93480  51.936  27.761  22.548 0.0000000000
93489  51.914  27.851  21.626 0.0000000000
93479  52.822  27.239  22.175 0.0000000000
92819  54.323  26.764  22.349 0.0000000000
92780  50.810  27.933  27.852 0.0000000000
94082  51.355  29.556  28.152 0.0000000000
93432  51.975  28.760  27.678 0.0000000000
93443  54.585  29.318  26.667 0.0000000000
94743  53.939  30.210  27.226 0.0000000000
94765  53.927  30.011  26.652 0.0000000000
94113  53.927  29.561  25.873 0.0000000000
94126  53.722  28.731  25.037 0.0000000000
94125  54.952  29.087  25.635 0.0000000000
92168  56.368  26.901  24.239 0.0000000000
92799  56.149  27.486  24.473 0.0000000000
92174  56.312  26.337  23.587 0.0000000000
92817  56.273  26.569  23.269 0.0000000000
119239  56.417  25.213  23.117 0.0000000000
90999  53.975  23.774  24.350 0.0000000000
90386  54.627  21.951  24.183 0.0000000000
90371  54.979  21.957  25.031 0.0000000000
91538  55.033  23.513  27.793 0.0000000000
90951  54.375  23.572  27.001 0.0000000000
89677  56.116  21.733  26.983 0.0000000000
90345  56.216  22.055  26.869 0.0000000000
109097  55.426  21.637  26.618 0.0000000000
89679  54.562  21.653  27.011 0.0000000000
127836  53.927  21.717  26.763 0.0000000000
114384  54.228  21.757  27.790 0.0000000000
89631  55.558  21.455  30.335 0.0000000000
89632  54.368  21.784  30.655 0.0000000000
90274  53.500  22.097  30.895 0.0000000000
88528  53.202  19.451  32.739 0.0000000000
89046  52.269  20.457  32.894 0.0000000000
88520  52.274  19.623  32.851 0.0000000000
87531  52.596  16.987  31.255 0.0000000000
88055  51.826  17.224  31.051 0.0000000000
129606  51.223  17.223  30.871 0.0000000000
88056  50.477  17.580  30.884 0.0000000000
86938  50.121  16.681  30.691 0.0000000000
86888  50.233  16.675  33.726 0.0000000000
86896  49.724  16.303  33.037 0.0000000000
112426  48.329  15.633  32.095 0.0000000000
86333  48.820  15.801  31.173 0.0000000000
112518  49.154  16.049  30.564 0.0000000000
86342  48.587  15.996  30.483 0.0000000000
86343  47.754  16.055  30.352 0.0000000000
86335  46.750  15.647  31.002 0.0000000000
85690  44.906  13.937  31.029 0.0000000000
85693  45.387  14.977  30.427 0.0000000000
85694  44.839  14.294  30.141 0.0000000000
85700  44.702  14.514  29.237 0.0000000000
84966  44.410  13.555  29.113 0.0000000000
84905  49.018  14.079  38.073 0.0000000000
85643  48.031  14.288  37.727 0.0000000000
84910  48.560  13.480  37.579 0.0000000000
83270  48.154  11.949  35.906 0.0000000000
84111  47.771  12.499  36.451 0.0000000000
83283  47.339  12.077  35.346 0.0000000000
84114  46.789  12.708  35.248 0.0000000000
83293  47.331  11.567  34.422 0.0000000000
121719  50.138  10.689  31.186 0.0000000000
127135  49.678  10.651  32.482 0.0000000000
114456  49.393  10.551  31.877 0.0000000000
90278  48.807  22.220  31.666 0.0000000000
90270  48.886  21.738  32.245 0.0000000000
89604  49.430  21.443  32.606 0.0000000000
89048  50.154  20.896  32.903 0.0000000000
90317  52.180  22.810  29.413 0.0000000000
90934  51.279  23.422  28.692 0.0000000000
90892  51.439  23.230  29.373 0.0000000000
122274  49.875  23.354  30.085 0.0000000000
90894  49.011  23.363  29.917 0.0000000000
129272  48.337  23.408  29.739 0.0000000000
90293  49.231  22.909  30.707 0.0000000000
130184  49.037  22.559  31.226 0.0000000000
84830  56.847  12.931  41.888 0.0000000000
84842  57.076  13.083  41.029 0.0000000000
84044  57.242  12.432  41.336 0.0000000000
83234  57.952  12.250  40.175 0.0000000000
129195  57.575  11.483  39.506 0.0000000000
91504  54.989  24.399  31.670 0.0000000000
90886  54.772  23.642  32.236 0.0000000000
123797  53.880  23.960  32.770 0.0000000000
90883  53.699  23.304  33.237 0.0000000000
113719  52.955  22.779  34.526 0.0000000000
88458  48.129  19.629  40.526 0.0000000000
87939  48.083  18.167  41.381 0.0000000000
92736  51.199  26.852  32.332 0.0000000000
92744  51.515  26.142  30.672 0.0000000000
92739  52.043  26.427  31.676 0.0000000000
92743  52.435  25.816  30.923 0.0000000000
92111  53.325  25.564  31.094 0.0000000000
112289  53.855  25.110  30.531 0.0000000000
125342  54.128  25.409  31.250 0.0000000000
92109  54.643  25.080  31.410 0.0000000000
87989  50.188  18.835  36.371 0.0000000000
87999  49.762  18.172  35.898 0.0000000000
87472  49.078  17.793  36.326 0.0000000000
87473  48.353  17.316  36.884 0.0000000000
117309  47.210  19.105  32.414 0.0000000000
88032  46.520  18.526  32.138 0.0000000000
86943  45.790  17.003  29.781 0.0000000000
86350  46.084  16.448  29.469 0.0000000000
89712  54.292  21.567  22.874 0.0000000000
89726  54.545  21.036  21.971 0.0000000000
89715  51.275  21.637  22.985 0.0000000000
90400  50.456  21.782  22.996 0.0000000000
108186  44.155  22.769  30.889 0.0000000000
122362  43.614  22.738  30.612 0.0000000000
111370  42.883  21.555  31.686 0.0000000000
89611  42.585  20.927  32.081 0.0000000000
93991  51.806  29.569  36.668 0.0000000000
93986  52.073  29.362  37.235 0.0000000000
93338  50.743  29.105  36.652 0.0000000000
92693  50.295  27.925  36.405 0.0000000000
94016  46.221  28.604  33.026 0.0000000000
94681  46.323  29.559  32.562 0.0000000000
94015  47.285  29.040  33.475 0.0000000000
94670  47.873  29.711  33.301 0.0000000000
94013  48.584  29.360  33.689 0.0000000000
94029  49.090  29.171  33.447 0.0000000000
94012  49.552  29.286  34.368 0.0000000000
94000  50.173  29.331  35.263 0.0000000000
84888  50.899  14.111  39.277 0.0000000000
84904  50.915  13.806  38.641 0.0000000000
84887  51.683  13.851  39.162 0.0000000000
84088  52.466  13.082  38.479 0.0000000000
84095  52.761  12.428  37.951 0.0000000000
83263  56.379  11.713  36.480 0.0000000000
83253  55.470  11.951  37.093 0.0000000000
83275  55.771  11.302  35.795 0.0000000000
82447  56.216  11.005  35.172 0.0000000000
82477  55.355  10.713  33.942 0.0000000000
124723  56.471  20.942  30.969 0.0000000000
89599  55.625  20.747  31.881 0.0000000000
89598  57.096  20.026  31.605 0.0000000000
88525  57.970  19.280  31.844 0.0000000000
88021  57.981  19.003  32.259 0.0000000000
110133  55.675  21.464  36.227 0.0000000000
89583  56.366  20.737  35.761 0.0000000000
89019  55.864  20.863  36.628 0.0000000000
88500  53.207  20.063  36.148 0.0000000000
89007  51.994  20.656  37.965 0.0000000000
91448  50.987  25.122  37.337 0.0000000000
90845  51.097  23.774  37.241 0.0000000000
90829  50.986  24.100  38.458 0.0000000000
90821  51.346  23.399  38.995 0.0000000000
88954  51.022  20.182  42.617 0.0000000000
89520  52.257  21.642  42.581 0.0000000000
88953  51.960  20.679  42.592 0.0000000000
88960  52.349  20.609  42.399 0.0000000000
88449  52.551  20.324  41.638 0.0000000000
88462  51.961  19.741  40.740 0.0000000000
88456  52.064  19.402  41.552 0.0000000000
87944  51.232  18.448  41.375 0.0000000000
87945  50.294  18.022  40.668 0.0000000000
86842  49.652  16.736  40.955 0.0000000000
87426  50.471  17.402  41.474 0.0000000000
84825  50.602  13.786  44.141 0.0000000000
116988  51.368  13.099  44.151 0.0000000000
112666  52.178  12.670  44.232 0.0000000000
95843  49.468  31.812  23.228 0.0000000000
95371  49.511  30.995  22.833 0.0000000000
95370  50.165  30.757  22.158 0.0000000000
94816  50.625  29.359  21.604 0.0000000000
94172  50.560  28.831  22.126 0.0000000000
127052  51.362  28.149  22.884 0.0000000000
93471  52.053  27.947  23.414 0.0000000000
126162  49.708  33.711  29.532 0.0000000000
95828  49.093  32.611  28.682 0.0000000000
114249  49.440  32.440  29.362 0.0000000000
93446  52.300  27.824  27.083 0.0000000000
94101  53.033  28.867  27.418 0.0000000000
93445  53.469  28.362  26.855 0.0000000000
93454  54.158  27.906  26.305 0.0000000000
93453  55.181  28.357  25.864 0.0000000000
124949  55.690  28.383  25.418 0.0000000000
92792  55.975  27.978  25.361 0.0000000000
92169  55.774  26.395  24.399 0.0000000000
91569  55.514  24.431  23.333 0.0000000000
91561  54.510  24.843  24.009 0.0000000000
90984  53.929  23.361  25.171 0.0000000000
90933  56.525  22.919  28.424 0.0000000000
107757  56.079  22.796  27.606 0.0000000000
90932  57.304  22.206  28.367 0.0000000000
125441  57.172  21.819  27.990 0.0000000000
89668  56.297  21.350  28.214 0.0000000000
89669  55.484  21.393  28.213 0.0000000000
107192  56.630  21.197  28.891 0.0000000000
111469  55.920  21.344  29.416 0.0000000000
88025  54.359  17.305  32.122 0.0000000000
109980  53.829  17.749  32.108 0.0000000000
129832  53.884  16.974  31.715 0.0000000000
86913  52.940  16.759  31.586 0.0000000000
86914  52.134  16.677  31.527 0.0000000000
86294  47.978  15.738  34.181 0.0000000000
86897  48.853  16.061  33.488 0.0000000000
109677  48.233  15.622  33.056 0.0000000000
86321  47.470  15.441  32.695 0.0000000000
86322  46.598  15.306  32.261 0.0000000000
86323  46.074  15.229  31.675 0.0000000000
84954  45.054  13.498  31.746 0.0000000000
84147  44.724  12.842  31.290 0.0000000000
84109  49.673  12.209  36.834 0.0000000000
83269  49.270  11.664  36.101 0.0000000000
83282  48.782  11.486  35.469 0.0000000000
83291  48.953  11.162  34.838 0.0000000000
128261  45.713  21.630  32.043 0.0000000000
121292  45.553  20.688  32.481 0.0000000000
89607  46.086  21.213  32.344 0.0000000000
121293  46.890  20.872  32.537 0.0000000000
89051  47.030  20.065  32.628 0.0000000000
88031  48.096  18.699  32.360 0.0000000000
88058  48.577  17.864  31.279 0.0000000000
108842  51.956  22.398  25.605 0.0000000000
90967  51.022  23.246  26.710 0.0000000000
90935  50.684  23.589  28.153 0.0000000000
90896  47.723  23.355  29.998 0.0000000000
90897  47.016  23.206  30.364 0.0000000000
90281  45.752  22.632  31.193 0.0000000000
89619  45.361  22.026  31.670 0.0000000000
94031  45.425  28.861  32.425 0.0000000000
93369  46.629  28.074  33.679 0.0000000000
93352  47.012  27.681  34.229 0.0000000000
84860  54.079  13.541  40.506 0.0000000000
84884  54.548  13.498  39.664 0.0000000000
84899  55.899  13.201  39.125 0.0000000000
84084  56.688  13.053  38.762 0.0000000000
84857  57.306  13.178  40.310 0.0000000000
83252  57.172  12.304  37.288 0.0000000000
83262  57.695  11.992  36.534 0.0000000000
121542  58.104  11.813  35.814 0.0000000000
90272  57.467  22.130  30.673 0.0000000000
90263  57.470  21.170  31.129 0.0000000000
90264  57.138  21.840  31.601 0.0000000000
90258  56.649  21.589  32.668 0.0000000000
89594  56.345  21.442  33.785 0.0000000000
90260  54.794  22.457  33.531 0.0000000000
90252  55.395  21.897  34.342 0.0000000000
90243  55.191  21.934  35.604 0.0000000000
90225  55.011  22.256  36.608 0.0000000000
90199  54.596  22.449  37.556 0.0000000000
90170  49.239  24.149  40.978 0.0000000000
90809  50.118  24.419  41.149 0.0000000000
90169  49.911  23.835  41.302 0.0000000000
89531  50.025  22.426  41.379 0.0000000000
113997  50.408  21.590  41.937 0.0000000000
88452  48.780  19.737  41.180 0.0000000000
88963  49.482  20.183  41.558 0.0000000000
88962  50.305  20.701  42.127 0.0000000000
87411  51.077  17.495  43.133 0.0000000000
86823  50.837  16.703  43.379 0.0000000000
85585  50.208  15.448  44.347 0.0000000000
86225  50.169  15.955  44.324 0.0000000000
113935  50.216  14.683  44.561 0.0000000000
94780  49.292  29.683  24.721 0.0000000000
94061  49.382  28.790  29.467 0.0000000000
94065  49.943  29.222  28.698 0.0000000000
93412  49.890  28.261  28.954 0.0000000000
93411  50.281  27.808  28.521 0.0000000000
92761  50.575  27.051  28.515 0.0000000000
92747  51.222  26.073  29.731 0.0000000000
92760  51.177  26.203  28.756 0.0000000000
114169  51.185  26.873  27.860 0.0000000000
92778  51.835  26.760  27.077 0.0000000000
92148  52.212  25.732  27.384 0.0000000000
91546  52.653  25.236  26.728 0.0000000000
91553  53.044  24.757  26.036 0.0000000000
91539  53.959  24.083  27.912 0.0000000000
91529  54.563  24.014  28.721 0.0000000000
91508  54.246  24.621  30.033 0.0000000000
91512  55.033  24.237  29.644 0.0000000000
90908  56.082  23.713  29.419 0.0000000000
90891  56.514  23.507  30.149 0.0000000000
90289  57.448  22.602  29.981 0.0000000000
88006  52.939  18.104  34.320 0.0000000000
87487  52.538  17.420  33.700 0.0000000000
87488  51.534  17.353  34.027 0.0000000000
87489  50.630  17.275  34.323 0.0000000000
87490  49.806  17.105  34.610 0.0000000000
87480  49.399  17.474  35.450 0.0000000000
87491  49.017  16.856  34.964 0.0000000000
86890  48.589  16.303  34.499 0.0000000000
126350  47.214  15.335  34.502 0.0000000000
85654  46.532  14.368  34.603 0.0000000000
114457  51.956  10.469  32.907 0.0000000000
82482  50.570  10.848  33.387 0.0000000000
114939  51.118  10.696  32.744 0.0000000000
88034  44.723  18.213  32.331 0.0000000000
88033  45.584  18.386  32.176 0.0000000000
86933  43.867  16.626  31.291 0.0000000000
86337  43.830  16.298  30.229 0.0000000000
86953  45.098  16.529  27.755 0.0000000000
126616  53.665  20.715  21.272 0.0000000000
89742  53.281  20.607  20.310 0.0000000000
90373  51.280  22.385  24.735 0.0000000000
90388  50.420  22.338  23.981 0.0000000000
92094  52.857  26.055  33.010 0.0000000000
92095  52.258  25.810  33.673 0.0000000000
119908  51.924  27.014  35.372 0.0000000000
92064  51.499  26.571  36.199 0.0000000000
93328  52.126  28.821  37.369 0.0000000000
92680  51.346  27.627  36.907 0.0000000000
92048  51.155  26.332  37.255 0.0000000000
91436  50.509  25.545  38.768 0.0000000000
90816  48.995  24.614  40.642 0.0000000000
90175  48.550  23.649  40.260 0.0000000000
89539  48.567  22.324  39.739 0.0000000000
88978  48.343  21.221  39.603 0.0000000000
96729  48.359  34.354  29.176 0.0000000000
108315  46.808  33.352  30.380 0.0000000000
96715  48.376  34.344  30.320 0.0000000000
96280  49.651  34.386  29.856 0.0000000000
95825  49.669  33.560  29.806 0.0000000000
120997  47.024  30.339  32.844 0.0000000000
94719  47.856  30.928  31.371 0.0000000000
94718  48.271  30.124  30.648 0.0000000000
94062  48.724  29.368  30.038 0.0000000000
94058  48.932  28.475  30.382 0.0000000000
93401  49.359  27.611  30.674 0.0000000000
93395  50.101  27.054  31.999 0.0000000000
93367  50.018  28.786  33.819 0.0000000000
93383  50.575  27.635  33.029 0.0000000000
86861  48.549  16.460  38.711 0.0000000000
107099  47.951  15.949  38.164 0.0000000000
86272  48.650  15.742  38.690 0.0000000000
84909  49.560  13.424  37.757 0.0000000000
84908  50.463  13.360  37.966 0.0000000000
84098  50.088  12.823  37.388 0.0000000000
84108  50.584  12.148  37.045 0.0000000000
83279  51.518  11.178  35.901 0.0000000000
82451  51.916  10.868  35.221 0.0000000000
84901  53.912  13.441  38.954 0.0000000000
84094  53.738  12.426  37.863 0.0000000000
83255  53.175  11.920  37.274 0.0000000000
83264  54.511  11.522  36.501 0.0000000000
83265  53.573  11.490  36.588 0.0000000000
83278  53.073  11.099  35.953 0.0000000000
121711  52.641  10.783  35.270 0.0000000000
82480  52.328  10.474  33.839 0.0000000000
114458  52.855  10.273  32.986 0.0000000000
90266  52.025  22.149  31.870 0.0000000000
89602  51.988  21.470  32.467 0.0000000000
89601  52.831  21.796  32.122 0.0000000000
89045  53.237  20.541  32.647 0.0000000000
111929  54.087  19.927  32.636 0.0000000000
89044  54.911  20.472  32.470 0.0000000000
88527  55.245  19.414  32.645 0.0000000000
87512  54.487  17.549  32.377 0.0000000000
87495  54.629  17.510  32.494 0.0000000000
128500  54.244  17.362  33.272 0.0000000000
89038  58.109  19.543  32.390 0.0000000000
88002  57.490  18.877  33.720 0.0000000000
88507  56.800  20.026  35.278 0.0000000000
88516  57.019  19.106  34.628 0.0000000000
88003  56.954  18.222  33.617 0.0000000000
87484  55.914  17.866  33.451 0.0000000000
88005  54.119  17.755  34.255 0.0000000000
87997  52.372  18.679  35.135 0.0000000000
88512  50.937  19.189  35.982 0.0000000000
88501  52.322  20.059  36.221 0.0000000000
87981  49.147  18.835  37.850 0.0000000000
91479  52.150  24.717  33.924 0.0000000000
90878  52.390  23.723  34.184 0.0000000000
90246  52.601  22.672  35.555 0.0000000000
90866  51.663  23.330  36.080 0.0000000000
90247  52.421  22.647  36.333 0.0000000000
109018  53.421  22.389  36.312 0.0000000000
90227  54.400  22.596  37.110 0.0000000000
110672  54.383  22.367  38.311 0.0000000000
90808  50.909  23.396  41.224 0.0000000000
90174  52.664  22.467  40.332 0.0000000000
90159  52.981  22.167  42.353 0.0000000000
90166  53.100  22.246  41.406 0.0000000000
111352  53.883  22.205  39.991 0.0000000000
89536  54.265  22.172  39.392 0.0000000000
89545  54.308  21.825  39.167 0.0000000000
88986  52.948  21.356  38.536 0.0000000000
88987  52.329  20.771  38.971 0.0000000000
88474  50.364  19.839  38.833 0.0000000000
88475  49.611  19.151  38.753 0.0000000000
87447  49.124  18.339  38.756 0.0000000000
86850  48.948  16.796  39.383 0.0000000000
108672  49.300  15.513  39.784 0.0000000000
86245  49.317  15.965  40.811 0.0000000000
85611  49.677  14.945  40.373 0.0000000000
85622  50.263  14.415  39.719 0.0000000000
118075  50.776  14.153  39.843 0.0000000000
84862  51.906  13.741  40.052 0.0000000000
84846  52.374  13.394  40.910 0.0000000000
86232  50.520  15.577  42.837 0.0000000000
84835  50.447  13.866  42.360 0.0000000000
121493  50.723  13.609  42.958 0.0000000000
107096  53.199  13.393  40.911 0.0000000000
84845  53.853  13.378  41.500 0.0000000000
84833  54.511  13.313  42.167 0.0000000000
84832  55.428  13.329  42.457 0.0000000000
84823  56.001  13.220  43.055 0.0000000000
94198  51.979  28.372  20.751 0.0000000000
94171  51.190  28.723  21.350 0.0000000000
93503  52.313  27.773  20.919 0.0000000000
92820  53.271  26.884  21.352 0.0000000000
92826  54.227  26.284  21.211 0.0000000000
92189  56.284  25.196  21.629 0.0000000000
94769  49.596  29.303  25.549 0.0000000000
94116  50.155  28.822  25.191 0.0000000000
94725  50.946  29.893  28.323 0.0000000000
94724  51.240  30.519  28.133 0.0000000000
94081  53.184  29.979  27.900 0.0000000000
129999  51.914  29.275  25.766 0.0000000000
120304  51.425  28.487  24.558 0.0000000000
94127  52.313  28.362  24.310 0.0000000000
93463  53.347  28.047  24.140 0.0000000000
119219  54.423  27.723  23.918 0.0000000000
112837  55.991  28.094  24.566 0.0000000000
92810  55.426  27.416  23.529 0.0000000000
92818  56.054  26.957  23.170 0.0000000000
92825  56.105  26.114  22.489 0.0000000000
92188  56.624  24.747  21.890 0.0000000000
91577  56.862  23.837  22.220 0.0000000000
90413  55.804  22.294  22.416 0.0000000000
91010  55.088  23.051  22.803 0.0000000000
118912  55.066  21.746  22.646 0.0000000000
89706  54.209  21.637  23.937 0.0000000000
127727  54.015  21.390  24.701 0.0000000000
90966  53.759  23.829  26.181 0.0000000000
90950  55.359  22.661  26.925 0.0000000000
123004  55.680  22.021  26.177 0.0000000000
90358  55.330  21.937  25.676 0.0000000000
89687  55.110  21.857  25.503 0.0000000000
89697  54.202  21.437  25.361 0.0000000000
124992  53.628  21.648  26.166 0.0000000000
129278  53.023  22.276  28.194 0.0000000000
89670  54.489  21.630  28.388 0.0000000000
90315  53.850  21.879  29.137 0.0000000000
90316  52.959  22.277  29.498 0.0000000000
114519  52.225  22.654  30.207 0.0000000000
107117  52.142  22.511  31.062 0.0000000000
89047  51.629  20.120  33.042 0.0000000000
128112  50.747  19.099  32.489 0.0000000000
88529  52.772  18.529  32.416 0.0000000000
88029  50.045  18.546  32.082 0.0000000000
88057  49.620  17.825  30.893 0.0000000000
87547  48.908  16.805  30.186 0.0000000000
87497  52.147  16.738  32.983 0.0000000000
86894  51.662  16.629  32.324 0.0000000000
86915  51.010  16.669  31.576 0.0000000000
115740  50.028  16.395  31.860 0.0000000000
113229  50.212  16.505  30.901 0.0000000000
86930  49.540  16.376  30.581 0.0000000000
86931  48.962  16.435  30.284 0.0000000000
87548  48.240  16.784  30.160 0.0000000000
128385  47.600  16.634  30.119 0.0000000000
86345  46.055  15.892  29.634 0.0000000000
86336  46.046  15.492  30.732 0.0000000000
86352  45.333  15.629  28.429 0.0000000000
86876  47.503  15.619  37.344 0.0000000000
86289  47.174  15.089  36.613 0.0000000000
84100  48.103  12.858  37.159 0.0000000000
84915  47.410  13.288  36.633 0.0000000000
85651  47.050  14.216  36.242 0.0000000000
85652  46.738  14.314  35.438 0.0000000000
84919  46.550  13.495  35.008 0.0000000000
84118  45.915  12.939  33.989 0.0000000000
125718  50.004  10.905  33.914 0.0000000000
82467  49.233  10.941  34.083 0.0000000000
82484  48.659  10.898  33.526 0.0000000000
82513  48.521  10.624  31.823 0.0000000000
82499  48.015  10.774  32.401 0.0000000000
83302  47.878  11.145  33.789 0.0000000000
107436  46.536  11.751  33.868 0.0000000000
84125  46.160  12.329  33.942 0.0000000000
84126  45.676  12.648  33.368 0.0000000000
84133  45.392  12.324  32.595 0.0000000000
84146  45.076  12.018  31.732 0.0000000000
82410  56.759  11.125  39.523 0.0000000000
82432  57.318  10.730  37.912 0.0000000000
128995  57.466  10.524  37.320 0.0000000000
82431  58.136  10.965  37.393 0.0000000000
82409  57.609  11.696  40.044 0.0000000000
82420  57.623  11.339  38.832 0.0000000000
82441  57.765  10.491  36.747 0.0000000000
82460  55.583  10.793  34.642 0.0000000000
82461  54.757  10.688  34.534 0.0000000000
82481  51.382  10.684  33.596 0.0000000000
82483  49.644  10.828  33.234 0.0000000000
82485  47.949  10.959  33.082 0.0000000000
82497  50.076  10.560  32.028 0.0000000000
83216  57.528  12.210  40.890 0.0000000000
83235  57.474  11.846  40.763 0.0000000000
83242  58.191  11.928  39.526 0.0000000000
83249  58.348  12.143  38.751 0.0000000000
83261  58.184  11.956  36.467 0.0000000000
83280  50.766  11.226  35.844 0.0000000000
83281  49.532  11.222  35.348 0.0000000000
83292  48.357  11.199  34.298 0.0000000000
83303  47.160  11.296  33.530 0.0000000000
83304  45.861  11.842  33.201 0.0000000000
83323  44.770  12.109  30.954 0.0000000000
84035  51.641  12.930  42.559 0.0000000000
84080  57.839  12.988  39.820 0.0000000000
84087  53.330  12.936  38.469 0.0000000000
84106  58.021  12.239  37.000 0.0000000000
84117  46.323  12.814  34.557 0.0000000000
84809  49.696  13.640  45.585 0.0000000000
84843  56.355  13.406  41.348 0.0000000000
84883  55.706  13.399  39.726 0.0000000000
84918  46.931  13.425  35.769 0.0000000000
84921  46.192  13.520  34.276 0.0000000000
84960  44.529  13.481  29.923 0.0000000000
85647  47.415  14.182  37.053 0.0000000000
85659  46.292  14.326  33.707 0.0000000000
86220  49.828  15.392  44.462 0.0000000000
86271  49.253  15.306  38.910 0.0000000000
86283  47.835  15.160  37.816 0.0000000000
86284  47.520  14.854  37.354 0.0000000000
86291  47.146  15.466  35.870 0.0000000000
86928  52.224  16.895  31.236 0.0000000000
87405  50.026  16.921  43.713 0.0000000000
87465  48.433  17.533  37.726 0.0000000000
87514  53.508  16.942  31.622 0.0000000000
87532  51.688  16.930  30.957 0.0000000000
87533  49.936  17.171  30.494 0.0000000000
87534  49.202  17.229  30.385 0.0000000000
87927  51.602  19.190  42.469 0.0000000000
87947  47.601  18.774  40.586 0.0000000000
88010  57.468  18.475  32.886 0.0000000000
88027  52.252  17.737  31.529 0.0000000000
88519  57.828  19.163  32.955 0.0000000000
88524  58.178  19.418  31.972 0.0000000000
88534  47.833  19.664  32.598 0.0000000000
88557  57.887  20.000  31.678 0.0000000000
89028  55.802  20.282  36.072 0.0000000000
89035  57.712  19.460  33.419 0.0000000000
89062  57.433  20.717  30.863 0.0000000000
89132  53.817  20.439  19.989 0.0000000000
89519  52.747  22.066  42.546 0.0000000000
89525  53.063  22.018  42.473 0.0000000000
89544  54.449  22.080  38.791 0.0000000000
89546  54.121  21.550  39.104 0.0000000000
89563  54.929  22.186  37.209 0.0000000000
89565  54.348  21.547  38.473 0.0000000000
89592  57.941  20.014  32.484 0.0000000000
89630  56.783  21.104  29.806 0.0000000000
89652  57.131  21.218  29.340 0.0000000000
89654  55.864  21.336  28.729 0.0000000000
89666  57.264  21.552  28.719 0.0000000000
89676  56.547  21.510  27.731 0.0000000000
89708  52.663  21.546  24.311 0.0000000000
89727  52.808  20.883  21.067 0.0000000000
89730  50.191  21.606  21.603 0.0000000000
89740  55.628  20.613  21.061 0.0000000000
89741  54.399  20.489  20.889 0.0000000000
89743  51.643  21.460  21.006 0.0000000000
90160  52.374  22.298  42.272 0.0000000000
90162  50.589  22.993  41.428 0.0000000000
90245  53.767  22.344  35.546 0.0000000000
90277  50.518  22.591  31.671 0.0000000000
90284  43.188  22.163  31.191 0.0000000000
90290  52.870  22.333  30.554 0.0000000000
90294  48.525  22.655  30.984 0.0000000000
90313  57.486  21.665  29.343 0.0000000000
90314  57.539  22.198  29.259 0.0000000000
90334  53.506  22.067  28.481 0.0000000000
90335  52.681  22.479  28.710 0.0000000000
90387  51.849  21.839  24.019 0.0000000000
90807  51.926  22.714  41.160 0.0000000000
90810  49.648  24.552  41.078 0.0000000000
90823  48.481  24.595  39.796 0.0000000000
90877  53.049  23.377  33.633 0.0000000000
90895  48.420  23.071  30.330 0.0000000000
90952  51.154  23.427  27.437 0.0000000000
91425  50.135  25.384  40.316 0.0000000000
91426  49.413  25.229  40.306 0.0000000000
91449  50.895  25.033  38.241 0.0000000000
91500  54.359  25.032  32.073 0.0000000000
91567  56.597  24.563  22.537 0.0000000000
92135  51.917  25.791  28.764 0.0000000000
92707  52.341  28.151  35.492 0.0000000000
92734  53.449  26.215  32.173 0.0000000000
92809  56.444  27.091  23.859 0.0000000000
93329  51.920  29.103  37.478 0.0000000000
93330  51.262  28.739  37.260 0.0000000000
93337  51.574  29.355  37.155 0.0000000000
93396  49.306  27.617  31.641 0.0000000000
93403  50.112  27.392  29.189 0.0000000000
93444  54.625  29.067  26.628 0.0000000000
93461  56.199  28.103  25.084 0.0000000000
93470  52.917  27.532  23.172 0.0000000000
93502  52.840  27.348  20.650 0.0000000000
93990  52.166  29.394  36.626 0.0000000000
93998  52.018  29.541  36.142 0.0000000000
93999  51.301  29.558  35.879 0.0000000000
94014  48.046  29.385  33.693 0.0000000000
94080  53.807  30.041  27.495 0.0000000000
94099  54.293  29.636  27.032 0.0000000000
94111  54.390  29.612  26.674 0.0000000000
94112  54.537  29.525  26.202 0.0000000000
94115  51.070  28.834  25.344 0.0000000000
94156  50.739  28.517  22.803 0.0000000000
94157  50.169  28.969  22.886 0.0000000000
94729  52.097  30.886  28.328 0.0000000000
94770  49.044  29.885  25.342 0.0000000000
94800  50.130  29.608  22.282 0.0000000000
94837  51.809  29.296  20.464 0.0000000000
95319  50.220  30.379  28.204 0.0000000000
95350  49.081  30.153  24.155 0.0000000000
96257  49.231  34.172  30.540 0.0000000000
96258  48.358  34.064  30.900 0.0000000000
96281  47.472  33.740  29.514 0.0000000000
96293  49.365  34.214  29.070 0.0000000000
96714  49.057  34.433  30.422 0.0000000000
96728  49.209  34.543  29.743 0.0000000000
107175  50.613  21.442  22.040 0.0000000000
107832  55.994  21.402  27.643 0.0000000000
108613  49.232  23.516  28.511 0.0000000000
109183  51.131  24.219  36.383 0.0000000000
109355  52.592  20.986  20.397 0.0000000000
109393  52.994  22.170  26.977 0.0000000000
109493  53.281  21.416  24.879 0.0000000000
110708  58.154  12.614  38.534 0.0000000000
110972  49.917  23.538  28.593 0.0000000000
111166  52.786  30.771  28.198 0.0000000000
111710  50.880  20.088  32.935 0.0000000000
112795  56.690  21.940  27.351 0.0000000000
113016  53.999  25.545  32.268 0.0000000000
113333  55.656  28.562  25.209 0.0000000000
113499  50.068  11.310  35.790 0.0000000000
113631  51.070  11.604  36.540 0.0000000000
114369  56.961  20.817  34.150 0.0000000000
115864  57.589  12.777  38.240 0.0000000000
118157  48.761  17.970  42.199 0.0000000000
118598  54.590  19.413  35.501 0.0000000000
119045  51.929  22.759  38.615 0.0000000000
119378  49.665  30.185  22.732 0.0000000000
119637  53.516  21.152  22.080 0.0000000000
120704  50.792  16.941  30.707 0.0000000000
121743  57.229  19.241  31.901 0.0000000000
122286  50.782  10.589  31.958 0.0000000000
122675  57.943  18.938  31.996 0.0000000000
124156  54.898  22.187  25.138 0.0000000000
124533  52.870  26.469  32.202 0.0000000000
124619  56.758  24.358  22.194 0.0000000000
125189  47.353  33.650  28.707 0.0000000000
125994  47.598  12.317  35.908 0.0000000000
126731  49.259  18.259  42.481 0.0000000000
127165  54.576  22.518  23.497 0.0000000000
128043  55.490  17.677  32.826 0.0000000000
128480  56.831  24.148  21.674 0.0000000000
129984  52.282  10.660  34.651 0.0000000000
130088  48.161  17.111  37.499 0.0000000000
130158  53.570  22.788  33.886 0.0000000000
