#!ascii label  , from subject freesurfer vox2ras=TkReg
1081
42890  29.527  -34.207  44.272 0.0000000000
60863  44.131  -14.821  38.049 0.0000000000
51046  34.716  -25.597  40.910 0.0000000000
37172  10.954  -40.906  53.625 0.0000000000
107488  22.393  -32.472  48.608 0.0000000000
55540  36.304  -20.262  41.120 0.0000000000
38182  17.686  -39.597  49.775 0.0000000000
110402  15.153  -42.751  53.090 0.0000000000
38203  21.163  -39.947  47.823 0.0000000000
60846  48.015  -14.789  39.469 0.0000000000
47013  29.352  -29.552  46.064 0.0000000000
48945  30.469  -26.865  44.172 0.0000000000
44496  34.805  -32.338  46.218 0.0000000000
64433  47.439  -10.477  37.588 0.0000000000
119583  50.499  -11.253  36.393 0.0000000000
110068  40.208  -14.567  39.615 0.0000000000
56368  43.324  -19.313  40.808 0.0000000000
108305  39.378  -20.117  40.140 0.0000000000
51034  39.848  -25.828  41.999 0.0000000000
40930  28.307  -36.969  49.196 0.0000000000
35354  9.022  -42.945  57.204 0.0000000000
38061  5.791  -39.835  59.474 0.0000000000
39801  4.526  -37.418  62.883 0.0000000000
44503  25.726  -32.564  46.670 0.0000000000
119504  25.724  -38.266  48.598 0.0000000000
53773  30.514  -22.775  43.534 0.0000000000
49938  33.663  -25.783  45.310 0.0000000000
68207  54.209  -7.113  35.590 0.0000000000
60861  45.887  -14.708  38.178 0.0000000000
58100  45.259  -17.151  39.817 0.0000000000
118884  30.200  -32.532  44.328 0.0000000000
46144  31.483  -30.864  43.350 0.0000000000
43693  32.627  -33.633  45.037 0.0000000000
63464  43.490  -11.729  38.972 0.0000000000
64408  46.214  -10.264  39.603 0.0000000000
123524  45.534  -12.207  37.367 0.0000000000
61817  46.848  -12.928  37.307 0.0000000000
36161  3.599  -40.985  63.873 0.0000000000
120967  39.303  -17.018  39.800 0.0000000000
58072  37.997  -17.177  41.153 0.0000000000
53818  35.895  -22.756  40.612 0.0000000000
53816  37.486  -22.457  40.394 0.0000000000
123538  37.677  -25.437  40.786 0.0000000000
48980  36.805  -27.736  42.829 0.0000000000
35419  12.888  -42.554  53.389 0.0000000000
34536  13.995  -44.439  54.830 0.0000000000
122298  11.743  -43.346  55.170 0.0000000000
34505  11.218  -44.411  57.144 0.0000000000
36226  9.868  -41.971  55.857 0.0000000000
38079  6.671  -39.164  58.019 0.0000000000
38943  4.827  -39.260  60.985 0.0000000000
44490  24.153  -32.273  47.380 0.0000000000
42837  25.124  -34.643  47.053 0.0000000000
122171  23.582  -35.068  46.707 0.0000000000
35464  20.667  -42.251  50.723 0.0000000000
122165  23.373  -42.064  50.459 0.0000000000
47958  33.754  -27.918  46.812 0.0000000000
50983  31.617  -25.878  45.538 0.0000000000
57143  37.078  -18.066  43.023 0.0000000000
118778  35.613  -20.942  43.067 0.0000000000
53807  33.914  -23.003  41.840 0.0000000000
36297  18.186  -41.933  50.944 0.0000000000
34578  17.723  -43.765  53.458 0.0000000000
36299  16.649  -41.590  51.472 0.0000000000
37191  14.232  -40.680  52.133 0.0000000000
38148  12.664  -39.613  52.824 0.0000000000
40970  21.630  -36.680  47.400 0.0000000000
40041  20.434  -37.498  48.576 0.0000000000
37238  19.297  -40.716  48.937 0.0000000000
48906  27.981  -27.377  47.613 0.0000000000
49958  27.701  -26.055  44.735 0.0000000000
124748  29.018  -28.307  44.441 0.0000000000
47026  33.300  -29.592  44.233 0.0000000000
67230  51.079  -8.103  36.918 0.0000000000
65378  49.003  -10.023  36.715 0.0000000000
62643  49.115  -12.638  37.452 0.0000000000
109532  41.950  -14.543  38.454 0.0000000000
58102  43.560  -17.488  39.433 0.0000000000
59019  41.323  -16.945  39.095 0.0000000000
56370  41.447  -19.637  40.534 0.0000000000
117072  41.330  -22.104  41.120 0.0000000000
108652  37.812  -19.815  40.630 0.0000000000
53803  39.669  -22.650  40.862 0.0000000000
41896  29.324  -36.116  46.853 0.0000000000
41914  32.193  -35.487  47.253 0.0000000000
62619  42.677  -12.833  40.311 0.0000000000
38119  9.259  -39.421  55.356 0.0000000000
37140  8.272  -40.116  56.324 0.0000000000
36202  6.833  -41.554  58.157 0.0000000000
36192  6.928  -41.870  59.815 0.0000000000
37092  5.148  -41.069  61.230 0.0000000000
38017  3.981  -39.398  62.201 0.0000000000
122612  2.872  -38.701  63.597 0.0000000000
38894  1.490  -37.455  65.342 0.0000000000
42874  27.669  -34.242  45.065 0.0000000000
41920  26.722  -35.024  46.740 0.0000000000
40933  26.787  -37.678  48.668 0.0000000000
124680  23.428  -38.890  46.762 0.0000000000
52876  33.012  -24.206  42.043 0.0000000000
114612  28.876  -24.879  43.615 0.0000000000
127352  31.284  -25.728  42.994 0.0000000000
49975  34.502  -27.031  43.494 0.0000000000
42825  34.541  -34.553  48.056 0.0000000000
128099  56.303  -8.782  35.212 0.0000000000
66310  52.678  -9.179  35.667 0.0000000000
65387  54.195  -9.723  35.285 0.0000000000
60862  45.012  -14.770  38.034 0.0000000000
128139  45.617  -16.013  39.012 0.0000000000
59027  45.085  -16.061  38.879 0.0000000000
111716  30.025  -33.270  44.062 0.0000000000
44524  31.397  -33.026  43.776 0.0000000000
42888  31.114  -34.208  44.397 0.0000000000
61811  43.361  -13.487  38.329 0.0000000000
63477  43.892  -11.994  38.127 0.0000000000
61819  44.824  -13.342  37.472 0.0000000000
61818  45.490  -13.334  37.332 0.0000000000
37071  2.374  -39.833  64.550 0.0000000000
59925  38.448  -15.623  41.506 0.0000000000
112925  37.939  -16.083  42.072 0.0000000000
52009  35.339  -24.309  40.541 0.0000000000
115300  36.694  -24.711  40.526 0.0000000000
51044  36.371  -25.949  41.010 0.0000000000
50012  37.423  -26.736  41.712 0.0000000000
50014  35.751  -26.560  41.381 0.0000000000
36264  11.670  -41.335  53.205 0.0000000000
35397  12.498  -42.990  54.100 0.0000000000
36248  11.311  -41.697  54.027 0.0000000000
35381  11.295  -42.846  55.288 0.0000000000
36249  10.535  -41.245  54.314 0.0000000000
44491  23.207  -32.386  47.742 0.0000000000
43680  23.839  -33.581  47.156 0.0000000000
43682  22.456  -33.631  47.590 0.0000000000
35435  20.152  -42.552  52.032 0.0000000000
52804  27.755  -23.521  47.311 0.0000000000
47949  33.670  -27.277  47.902 0.0000000000
54684  34.639  -21.707  42.557 0.0000000000
53770  33.897  -21.866  42.813 0.0000000000
36316  17.748  -41.344  50.432 0.0000000000
36298  17.359  -41.919  51.095 0.0000000000
37204  16.979  -41.025  50.771 0.0000000000
38155  15.467  -39.575  51.229 0.0000000000
39072  13.963  -39.017  51.930 0.0000000000
38147  13.313  -39.585  52.356 0.0000000000
40934  20.885  -36.017  49.268 0.0000000000
39105  18.561  -38.527  49.274 0.0000000000
38206  18.870  -39.206  48.822 0.0000000000
37239  18.616  -40.480  49.335 0.0000000000
36334  18.958  -41.151  49.604 0.0000000000
48918  28.045  -27.898  45.997 0.0000000000
47022  29.032  -29.101  45.284 0.0000000000
123296  33.291  -32.088  44.063 0.0000000000
46143  32.393  -30.695  43.389 0.0000000000
46126  34.555  -30.927  44.739 0.0000000000
124211  35.083  -30.222  46.209 0.0000000000
45261  35.765  -31.485  46.862 0.0000000000
64422  46.980  -10.093  39.055 0.0000000000
65370  49.166  -9.321  37.012 0.0000000000
64432  48.001  -10.309  37.353 0.0000000000
61810  46.979  -13.670  37.822 0.0000000000
62644  48.318  -12.478  37.198 0.0000000000
61809  47.894  -13.615  38.283 0.0000000000
60866  40.734  -14.737  38.961 0.0000000000
59031  41.583  -15.696  38.588 0.0000000000
59020  40.261  -15.987  39.087 0.0000000000
57187  39.581  -18.556  39.804 0.0000000000
57186  40.328  -18.530  39.615 0.0000000000
56371  40.585  -19.802  40.310 0.0000000000
55538  41.528  -20.664  40.955 0.0000000000
54696  40.378  -21.135  40.631 0.0000000000
109268  36.582  -19.053  41.795 0.0000000000
57162  37.035  -18.754  41.349 0.0000000000
56374  36.950  -20.018  40.786 0.0000000000
113089  38.365  -24.027  40.629 0.0000000000
53804  38.864  -22.677  40.668 0.0000000000
51993  39.337  -24.364  41.071 0.0000000000
52872  40.792  -23.635  41.638 0.0000000000
40966  28.717  -36.564  47.655 0.0000000000
40965  29.777  -36.588  47.674 0.0000000000
61768  40.818  -13.826  40.940 0.0000000000
61785  41.507  -13.567  40.457 0.0000000000
126643  42.251  -13.536  39.349 0.0000000000
35415  16.476  -42.996  52.814 0.0000000000
34555  16.304  -43.998  53.847 0.0000000000
35353  9.795  -43.378  56.828 0.0000000000
34492  11.015  -44.586  58.053 0.0000000000
110308  10.067  -44.243  58.208 0.0000000000
35338  8.700  -43.251  58.011 0.0000000000
39018  9.178  -38.027  56.295 0.0000000000
38120  8.714  -39.496  55.939 0.0000000000
38092  7.854  -39.454  56.741 0.0000000000
38060  6.277  -39.606  58.822 0.0000000000
114910  6.611  -40.912  57.893 0.0000000000
36203  6.414  -41.064  58.554 0.0000000000
122327  6.728  -41.576  58.934 0.0000000000
118521  6.132  -41.371  60.009 0.0000000000
36183  6.402  -41.692  60.530 0.0000000000
36194  5.649  -40.733  59.854 0.0000000000
38920  4.869  -37.861  62.062 0.0000000000
38030  4.474  -39.761  61.525 0.0000000000
38921  4.032  -38.328  62.391 0.0000000000
38922  3.386  -38.985  62.887 0.0000000000
39779  3.463  -37.903  63.261 0.0000000000
45278  27.103  -32.124  46.484 0.0000000000
44501  27.736  -32.705  45.972 0.0000000000
43696  27.188  -33.466  45.710 0.0000000000
42855  27.178  -34.579  45.716 0.0000000000
42856  26.405  -34.176  46.223 0.0000000000
41880  25.089  -36.174  47.667 0.0000000000
41879  25.738  -36.129  47.918 0.0000000000
40022  26.294  -37.968  48.914 0.0000000000
120850  21.455  -38.311  47.158 0.0000000000
39155  22.556  -38.357  46.579 0.0000000000
38229  22.368  -39.564  47.099 0.0000000000
36310  24.164  -41.603  49.627 0.0000000000
57183  43.207  -18.244  39.872 0.0000000000
57172  44.592  -18.567  40.814 0.0000000000
57160  44.725  -19.255  41.473 0.0000000000
53772  31.380  -22.765  43.499 0.0000000000
53787  32.824  -22.965  42.918 0.0000000000
52866  31.446  -23.806  42.566 0.0000000000
48967  28.869  -27.008  44.118 0.0000000000
112421  28.150  -24.928  43.934 0.0000000000
49980  29.263  -26.333  43.918 0.0000000000
107589  32.061  -25.477  46.358 0.0000000000
51001  31.361  -25.905  44.827 0.0000000000
51000  32.175  -25.909  44.447 0.0000000000
50003  32.912  -26.509  42.754 0.0000000000
49954  34.045  -26.716  44.431 0.0000000000
123083  35.493  -27.035  44.680 0.0000000000
42834  33.467  -34.782  47.451 0.0000000000
67240  55.321  -7.725  35.192 0.0000000000
65391  50.623  -9.793  35.774 0.0000000000
66298  51.405  -8.568  36.192 0.0000000000
65390  51.261  -9.835  35.713 0.0000000000
64445  53.192  -10.731  36.276 0.0000000000
64444  54.078  -10.727  36.067 0.0000000000
39091  17.538  -38.197  50.078 0.0000000000
38167  16.908  -39.555  50.043 0.0000000000
60860  46.718  -14.503  38.423 0.0000000000
59955  47.736  -15.347  39.666 0.0000000000
59956  46.934  -15.657  39.405 0.0000000000
46118  30.328  -30.847  44.957 0.0000000000
46128  30.431  -30.593  44.081 0.0000000000
45322  30.786  -31.851  43.581 0.0000000000
44537  32.359  -32.653  43.825 0.0000000000
112736  33.360  -33.233  45.433 0.0000000000
64390  45.543  -10.498  40.236 0.0000000000
64410  44.719  -11.040  38.890 0.0000000000
64424  45.413  -11.062  38.313 0.0000000000
123962  46.674  -11.344  37.496 0.0000000000
63507  47.309  -11.186  37.277 0.0000000000
108055  46.054  -12.733  37.214 0.0000000000
112171  46.184  -13.472  37.387 0.0000000000
36160  4.269  -41.457  63.267 0.0000000000
60817  39.559  -14.647  41.157 0.0000000000
59959  39.638  -15.777  39.430 0.0000000000
59003  38.618  -16.016  40.653 0.0000000000
114290  38.808  -16.924  40.396 0.0000000000
57178  38.554  -18.465  40.671 0.0000000000
54710  35.994  -21.877  40.760 0.0000000000
54709  36.624  -21.369  40.614 0.0000000000
114623  36.404  -23.270  40.461 0.0000000000
52007  37.502  -24.627  40.529 0.0000000000
51994  38.425  -25.026  40.803 0.0000000000
50011  38.196  -26.821  42.146 0.0000000000
48960  38.462  -27.670  43.503 0.0000000000
40002  27.985  -37.755  50.361 0.0000000000
35417  14.384  -42.386  52.889 0.0000000000
34581  14.590  -43.188  53.522 0.0000000000
128737  13.880  -43.465  53.767 0.0000000000
34537  12.929  -44.331  54.923 0.0000000000
33771  12.699  -44.798  55.698 0.0000000000
35370  10.244  -42.831  56.187 0.0000000000
35371  9.453  -42.452  56.508 0.0000000000
38998  7.725  -37.796  57.887 0.0000000000
38954  6.311  -38.407  59.562 0.0000000000
38955  5.698  -39.001  59.810 0.0000000000
124486  5.215  -39.801  60.246 0.0000000000
39832  5.946  -37.821  61.047 0.0000000000
39819  5.806  -37.518  61.830 0.0000000000
39800  5.569  -37.156  62.648 0.0000000000
44504  24.847  -32.659  47.012 0.0000000000
42857  25.534  -33.895  46.555 0.0000000000
42858  24.696  -33.570  46.899 0.0000000000
114764  24.356  -34.862  46.924 0.0000000000
128687  24.484  -36.522  47.135 0.0000000000
36347  21.024  -41.033  48.759 0.0000000000
36346  21.845  -41.166  48.703 0.0000000000
36312  21.391  -42.136  49.961 0.0000000000
55536  43.418  -20.558  41.361 0.0000000000
52820  29.054  -23.083  44.547 0.0000000000
48943  31.881  -27.548  44.676 0.0000000000
49956  31.052  -26.270  44.693 0.0000000000
48917  32.664  -26.706  46.335 0.0000000000
49912  32.150  -25.902  47.373 0.0000000000
68195  53.690  -6.523  36.301 0.0000000000
37992  0.985  -39.183  65.906 0.0000000000
57135  36.776  -18.919  43.179 0.0000000000
55527  36.354  -19.484  42.491 0.0000000000
55528  35.785  -20.344  42.292 0.0000000000
54699  34.953  -22.034  41.746 0.0000000000
53806  34.689  -22.864  41.249 0.0000000000
123701  34.211  -23.522  41.212 0.0000000000
35436  19.325  -42.597  52.316 0.0000000000
35412  18.990  -43.005  53.112 0.0000000000
35437  18.433  -42.700  52.409 0.0000000000
35438  16.858  -42.723  52.332 0.0000000000
35440  15.765  -41.923  52.245 0.0000000000
124184  16.082  -40.023  51.079 0.0000000000
37206  15.606  -40.465  51.488 0.0000000000
35441  15.080  -42.049  52.536 0.0000000000
36282  13.653  -41.154  52.329 0.0000000000
108556  12.193  -40.926  52.674 0.0000000000
37181  11.639  -40.426  53.219 0.0000000000
42827  21.931  -34.117  47.928 0.0000000000
41881  21.420  -35.517  48.403 0.0000000000
40040  20.958  -37.105  48.067 0.0000000000
39135  21.035  -38.612  47.545 0.0000000000
40042  20.014  -37.840  48.758 0.0000000000
122485  19.968  -38.727  48.437 0.0000000000
37263  20.644  -40.407  48.343 0.0000000000
36333  19.777  -41.370  49.426 0.0000000000
35465  19.873  -42.053  50.761 0.0000000000
50932  27.834  -25.618  47.828 0.0000000000
51931  27.618  -24.420  46.707 0.0000000000
49928  27.515  -26.263  46.262 0.0000000000
48947  28.020  -26.943  44.865 0.0000000000
47989  29.893  -28.219  43.917 0.0000000000
46146  30.543  -30.045  43.761 0.0000000000
47987  31.548  -29.031  43.767 0.0000000000
47973  32.113  -28.545  44.275 0.0000000000
47965  33.459  -28.736  45.020 0.0000000000
47001  34.998  -28.877  47.253 0.0000000000
66292  50.354  -8.323  37.227 0.0000000000
65377  49.577  -9.734  36.329 0.0000000000
64448  50.035  -10.791  36.168 0.0000000000
63506  48.083  -11.338  36.890 0.0000000000
62656  49.029  -12.051  36.797 0.0000000000
115545  43.223  -14.935  38.068 0.0000000000
59029  43.391  -16.207  38.483 0.0000000000
59030  42.418  -16.142  38.496 0.0000000000
59018  42.153  -16.971  38.942 0.0000000000
57184  42.278  -18.379  39.761 0.0000000000
119620  40.488  -16.808  39.214 0.0000000000
57185  41.299  -18.467  39.692 0.0000000000
56369  42.384  -19.481  40.588 0.0000000000
55537  42.464  -20.677  41.027 0.0000000000
53800  42.903  -22.385  41.342 0.0000000000
58073  37.421  -17.897  41.449 0.0000000000
57179  37.662  -18.483  40.981 0.0000000000
126818  38.778  -19.425  40.417 0.0000000000
54708  37.394  -21.708  40.460 0.0000000000
54706  38.893  -21.452  40.445 0.0000000000
55549  39.563  -20.870  40.341 0.0000000000
118056  40.547  -22.878  41.196 0.0000000000
41935  29.468  -35.247  45.291 0.0000000000
41933  31.160  -35.097  45.639 0.0000000000
41895  30.340  -35.993  47.001 0.0000000000
40944  31.694  -36.244  48.535 0.0000000000
62630  43.084  -12.325  39.678 0.0000000000
62638  42.700  -13.465  38.816 0.0000000000
38129  11.163  -39.104  53.895 0.0000000000
38131  9.977  -39.004  54.803 0.0000000000
37174  9.786  -39.917  54.641 0.0000000000
37165  9.315  -40.386  55.247 0.0000000000
37156  8.902  -40.761  55.879 0.0000000000
107719  8.802  -41.954  56.928 0.0000000000
38093  7.233  -39.252  57.189 0.0000000000
36215  7.290  -41.063  57.406 0.0000000000
35355  8.371  -42.395  57.642 0.0000000000
35339  8.057  -42.688  58.596 0.0000000000
35330  7.620  -42.633  59.466 0.0000000000
129295  5.233  -41.643  62.167 0.0000000000
38043  4.850  -40.035  60.935 0.0000000000
37093  4.768  -40.547  61.398 0.0000000000
36165  4.396  -41.145  62.587 0.0000000000
37069  3.837  -40.750  63.000 0.0000000000
38907  2.885  -39.498  63.599 0.0000000000
38908  2.222  -38.912  64.586 0.0000000000
123900  3.247  -37.334  64.055 0.0000000000
39767  2.487  -37.149  64.853 0.0000000000
111525  1.834  -38.092  65.109 0.0000000000
43710  29.271  -33.845  44.266 0.0000000000
44511  28.385  -33.228  45.381 0.0000000000
42873  28.307  -34.446  44.835 0.0000000000
41937  27.821  -34.922  45.326 0.0000000000
41897  28.209  -35.970  46.827 0.0000000000
41876  27.786  -36.447  47.841 0.0000000000
42836  25.959  -34.762  47.040 0.0000000000
41877  27.174  -36.467  47.991 0.0000000000
121110  27.357  -37.259  48.633 0.0000000000
41903  22.506  -35.388  46.962 0.0000000000
40075  23.485  -37.499  46.466 0.0000000000
127100  24.606  -38.828  47.488 0.0000000000
37260  23.255  -40.680  48.124 0.0000000000
37259  24.213  -40.300  48.433 0.0000000000
38180  25.814  -39.749  49.285 0.0000000000
58101  44.428  -17.307  39.672 0.0000000000
107070  33.269  -22.274  43.288 0.0000000000
52864  33.271  -23.366  42.319 0.0000000000
51995  34.029  -25.198  41.135 0.0000000000
51939  27.785  -24.118  45.165 0.0000000000
52837  28.779  -23.642  44.195 0.0000000000
51962  29.409  -24.235  43.318 0.0000000000
51002  30.716  -26.121  44.239 0.0000000000
51039  30.718  -25.283  42.881 0.0000000000
51981  31.078  -24.542  42.516 0.0000000000
51037  32.485  -25.585  42.198 0.0000000000
127566  33.455  -26.188  41.854 0.0000000000
50015  34.818  -26.467  41.404 0.0000000000
49974  35.395  -27.310  42.750 0.0000000000
42854  31.888  -34.767  45.975 0.0000000000
42852  33.428  -34.272  46.706 0.0000000000
43678  34.720  -33.617  47.144 0.0000000000
43667  35.949  -34.279  48.948 0.0000000000
43673  36.129  -32.795  47.997 0.0000000000
66305  57.343  -8.007  35.113 0.0000000000
67228  52.565  -7.655  36.274 0.0000000000
67242  53.829  -8.089  35.356 0.0000000000
64465  52.539  -10.335  35.888 0.0000000000
65388  53.165  -9.837  35.553 0.0000000000
66308  54.362  -8.796  35.137 0.0000000000
65386  54.884  -9.327  35.100 0.0000000000
120699  56.060  -9.917  35.455 0.0000000000
59971  44.617  -15.475  38.393 0.0000000000
43709  30.014  -33.797  43.977 0.0000000000
43708  30.769  -33.702  43.982 0.0000000000
42889  30.285  -34.254  44.199 0.0000000000
60881  43.704  -14.185  38.058 0.0000000000
61820  44.108  -13.451  37.889 0.0000000000
60880  44.644  -14.043  37.713 0.0000000000
51054  35.403  -25.025  40.586 0.0000000000
51053  36.166  -25.223  40.619 0.0000000000
51045  35.533  -25.835  40.918 0.0000000000
36235  11.043  -41.978  54.910 0.0000000000
45257  23.000  -31.556  48.337 0.0000000000
43681  23.085  -33.235  47.433 0.0000000000
44492  22.596  -32.987  47.878 0.0000000000
35411  20.015  -42.962  53.004 0.0000000000
35410  20.964  -43.060  53.306 0.0000000000
112181  28.013  -23.224  48.047 0.0000000000
37220  17.398  -40.436  50.071 0.0000000000
39106  17.975  -38.800  49.728 0.0000000000
37265  18.357  -39.566  49.355 0.0000000000
37240  18.076  -40.213  49.714 0.0000000000
37219  18.211  -40.898  49.866 0.0000000000
47959  28.559  -28.755  46.070 0.0000000000
45290  34.133  -31.759  44.814 0.0000000000
45305  33.817  -31.175  44.081 0.0000000000
45276  34.794  -31.518  45.550 0.0000000000
46104  35.057  -30.964  46.044 0.0000000000
45275  35.234  -31.573  46.300 0.0000000000
107225  47.111  -10.204  38.155 0.0000000000
65366  47.641  -9.755  38.608 0.0000000000
65372  47.766  -9.908  37.857 0.0000000000
65371  48.471  -9.773  37.363 0.0000000000
60859  47.524  -14.297  38.731 0.0000000000
60858  48.206  -14.237  38.963 0.0000000000
36164  5.491  -41.813  62.738 0.0000000000
60847  40.889  -14.252  39.366 0.0000000000
59958  40.148  -15.235  39.158 0.0000000000
57177  39.133  -18.965  40.282 0.0000000000
109287  39.914  -19.322  39.777 0.0000000000
56372  39.646  -19.723  40.045 0.0000000000
55539  40.301  -20.275  40.411 0.0000000000
56364  36.156  -19.829  41.744 0.0000000000
56363  36.669  -19.512  41.260 0.0000000000
51041  39.183  -25.439  41.403 0.0000000000
51979  39.984  -24.920  41.664 0.0000000000
40947  28.230  -36.805  48.378 0.0000000000
40946  29.163  -36.893  48.446 0.0000000000
40929  29.329  -37.003  49.225 0.0000000000
60832  40.161  -14.300  40.539 0.0000000000
61786  40.792  -13.976  40.012 0.0000000000
35416  15.758  -42.564  52.721 0.0000000000
34580  15.853  -43.268  53.317 0.0000000000
124399  10.358  -44.071  57.344 0.0000000000
34506  9.441  -43.699  57.613 0.0000000000
34493  9.247  -43.761  58.476 0.0000000000
39019  8.581  -38.387  56.474 0.0000000000
37118  6.153  -40.475  59.061 0.0000000000
36193  6.250  -41.226  59.323 0.0000000000
45279  26.239  -31.828  46.901 0.0000000000
129815  26.459  -32.474  46.434 0.0000000000
44502  27.071  -32.839  46.056 0.0000000000
124962  26.359  -33.308  46.244 0.0000000000
40967  25.068  -36.954  47.759 0.0000000000
40951  25.726  -36.886  48.064 0.0000000000
40039  25.732  -37.604  48.247 0.0000000000
126482  26.105  -38.452  49.096 0.0000000000
118850  21.628  -39.480  47.313 0.0000000000
39134  21.985  -38.835  46.835 0.0000000000
37282  21.943  -40.125  47.616 0.0000000000
57161  44.057  -19.101  41.052 0.0000000000
53755  30.320  -22.341  44.427 0.0000000000
115190  31.127  -22.375  44.173 0.0000000000
52850  30.904  -23.235  42.904 0.0000000000
48966  29.607  -27.171  43.999 0.0000000000
49979  30.208  -26.338  44.065 0.0000000000
50981  32.939  -25.226  45.992 0.0000000000
50999  32.617  -25.515  45.353 0.0000000000
49955  33.180  -26.119  44.457 0.0000000000
107815  34.606  -26.736  45.056 0.0000000000
69138  54.832  -6.409  35.569 0.0000000000
68206  55.580  -6.770  35.360 0.0000000000
107827  54.886  -7.170  35.315 0.0000000000
64467  50.706  -10.259  35.851 0.0000000000
40010  16.915  -37.595  50.504 0.0000000000
39090  18.326  -37.923  49.855 0.0000000000
59969  46.429  -15.248  38.809 0.0000000000
59957  45.647  -16.446  39.424 0.0000000000
58099  46.109  -17.022  39.941 0.0000000000
45307  30.400  -31.597  44.311 0.0000000000
45306  30.544  -31.733  43.875 0.0000000000
114497  31.473  -33.692  44.147 0.0000000000
43707  32.176  -33.396  44.240 0.0000000000
43706  32.984  -32.986  44.526 0.0000000000
63463  44.015  -11.163  39.430 0.0000000000
128569  44.010  -11.402  38.586 0.0000000000
109496  44.752  -12.056  37.603 0.0000000000
63476  44.596  -11.466  38.082 0.0000000000
63475  45.412  -11.599  37.681 0.0000000000
64435  46.110  -11.148  37.794 0.0000000000
107298  46.232  -11.875  37.355 0.0000000000
60879  45.504  -14.034  37.563 0.0000000000
60878  46.245  -14.094  37.743 0.0000000000
59924  39.014  -15.234  40.883 0.0000000000
58988  38.085  -16.362  41.345 0.0000000000
125380  38.396  -16.793  40.830 0.0000000000
58091  38.606  -17.620  40.687 0.0000000000
58092  38.049  -17.853  40.963 0.0000000000
52883  36.797  -23.957  40.451 0.0000000000
51042  38.205  -26.010  41.372 0.0000000000
49999  36.748  -27.269  42.095 0.0000000000
49998  37.486  -27.379  42.413 0.0000000000
48979  37.564  -27.805  43.175 0.0000000000
48961  37.633  -28.069  44.006 0.0000000000
60816  40.260  -14.214  41.515 0.0000000000
36262  13.433  -41.956  52.674 0.0000000000
35418  13.731  -42.827  53.324 0.0000000000
34559  12.258  -43.583  54.751 0.0000000000
124868  12.843  -43.666  54.342 0.0000000000
34538  12.119  -44.005  55.581 0.0000000000
35382  10.671  -42.365  55.560 0.0000000000
39843  6.897  -37.830  60.091 0.0000000000
38941  6.138  -38.147  60.304 0.0000000000
45256  24.278  -30.855  48.062 0.0000000000
45267  24.657  -31.511  47.516 0.0000000000
44489  25.265  -31.995  47.094 0.0000000000
128958  24.713  -32.083  47.237 0.0000000000
127609  24.245  -33.013  47.198 0.0000000000
42839  23.679  -34.366  46.865 0.0000000000
41902  24.175  -35.736  46.951 0.0000000000
40968  23.709  -36.600  46.662 0.0000000000
36332  20.665  -41.555  49.327 0.0000000000
36331  21.406  -41.562  49.193 0.0000000000
53736  29.546  -22.418  44.886 0.0000000000
53737  28.792  -22.771  45.388 0.0000000000
48929  33.016  -27.803  45.634 0.0000000000
48930  32.285  -27.060  45.430 0.0000000000
126571  33.328  -27.526  46.309 0.0000000000
112913  32.761  -26.223  48.205 0.0000000000
49911  32.206  -26.035  47.469 0.0000000000
119712  32.578  -25.934  48.063 0.0000000000
37993  0.537  -38.892  65.714 0.0000000000
54683  35.220  -21.206  42.238 0.0000000000
54698  35.530  -21.518  41.300 0.0000000000
112836  34.238  -22.251  42.094 0.0000000000
52885  34.838  -23.769  40.705 0.0000000000
35455  18.769  -42.245  51.667 0.0000000000
36278  17.081  -42.371  51.761 0.0000000000
36279  16.422  -42.105  51.991 0.0000000000
36300  16.012  -41.240  51.861 0.0000000000
38168  16.220  -39.331  50.601 0.0000000000
37207  14.806  -40.174  51.668 0.0000000000
36280  15.147  -41.103  52.103 0.0000000000
36281  14.311  -41.559  52.401 0.0000000000
37193  12.796  -40.360  52.520 0.0000000000
37180  12.277  -40.202  52.882 0.0000000000
38137  12.092  -39.588  53.183 0.0000000000
43669  21.805  -34.068  48.842 0.0000000000
42819  21.703  -34.786  49.471 0.0000000000
40953  20.560  -36.718  49.034 0.0000000000
40952  21.143  -36.303  48.298 0.0000000000
40055  20.932  -37.929  47.754 0.0000000000
39118  20.495  -38.511  48.087 0.0000000000
38205  19.526  -39.408  48.497 0.0000000000
38204  20.380  -39.586  48.145 0.0000000000
114527  19.769  -40.227  48.496 0.0000000000
37237  20.171  -40.909  48.833 0.0000000000
36315  18.566  -41.508  50.250 0.0000000000
36314  19.414  -41.666  50.135 0.0000000000
36296  19.070  -41.887  50.902 0.0000000000
35454  19.578  -42.258  51.516 0.0000000000
49896  27.859  -26.421  47.900 0.0000000000
109071  27.581  -25.944  47.116 0.0000000000
48907  27.703  -26.755  46.949 0.0000000000
47967  28.687  -28.385  44.895 0.0000000000
48933  27.896  -27.280  45.524 0.0000000000
48946  28.584  -27.622  44.540 0.0000000000
47976  29.201  -27.877  44.134 0.0000000000
46145  30.778  -31.024  43.592 0.0000000000
113270  31.038  -30.314  43.493 0.0000000000
126391  32.664  -30.019  43.636 0.0000000000
47040  31.776  -29.977  43.476 0.0000000000
47027  32.388  -29.350  43.919 0.0000000000
47972  32.793  -28.891  44.463 0.0000000000
47020  34.131  -29.517  44.865 0.0000000000
47000  35.399  -29.906  47.014 0.0000000000
124814  34.953  -29.457  46.471 0.0000000000
64407  46.918  -9.943  40.055 0.0000000000
67224  50.792  -7.849  37.795 0.0000000000
66287  50.106  -8.082  38.124 0.0000000000
64449  49.405  -10.509  36.348 0.0000000000
62646  46.864  -12.296  37.252 0.0000000000
62658  47.513  -11.862  37.101 0.0000000000
62645  47.547  -12.375  37.221 0.0000000000
59973  42.274  -15.153  38.188 0.0000000000
116202  42.971  -15.571  38.187 0.0000000000
124098  41.687  -16.382  38.809 0.0000000000
58104  41.769  -17.671  39.359 0.0000000000
58103  42.673  -17.632  39.312 0.0000000000
59002  39.139  -16.270  39.854 0.0000000000
59021  39.741  -16.554  39.415 0.0000000000
58106  39.877  -17.585  39.503 0.0000000000
57176  40.916  -19.253  40.033 0.0000000000
57175  41.861  -19.096  40.165 0.0000000000
56361  41.939  -20.001  40.819 0.0000000000
54694  41.922  -21.455  41.059 0.0000000000
118761  42.162  -22.237  41.238 0.0000000000
58057  37.306  -17.240  42.779 0.0000000000
58058  37.138  -17.847  42.219 0.0000000000
56373  37.295  -19.245  40.903 0.0000000000
124763  38.055  -19.030  40.738 0.0000000000
53817  36.672  -22.353  40.451 0.0000000000
53815  38.262  -22.103  40.427 0.0000000000
53814  39.086  -22.163  40.578 0.0000000000
54697  39.711  -21.761  40.494 0.0000000000
41918  28.950  -35.690  45.925 0.0000000000
41917  29.875  -35.718  46.050 0.0000000000
111519  31.011  -36.625  48.798 0.0000000000
40964  30.914  -36.347  47.902 0.0000000000
63449  43.540  -11.643  40.012 0.0000000000
61812  42.073  -13.979  38.854 0.0000000000
60864  42.740  -14.258  38.314 0.0000000000
35413  18.126  -43.267  52.950 0.0000000000
34577  18.628  -43.696  53.661 0.0000000000
34557  14.359  -43.936  54.100 0.0000000000
33732  11.766  -45.021  57.835 0.0000000000
39030  9.676  -38.373  55.613 0.0000000000
39029  10.533  -38.269  55.221 0.0000000000
36228  8.452  -41.154  56.505 0.0000000000
122926  7.254  -38.479  57.621 0.0000000000
37126  6.900  -40.116  57.573 0.0000000000
36214  8.103  -41.550  57.208 0.0000000000
36201  7.668  -41.929  57.949 0.0000000000
35340  7.297  -42.072  58.835 0.0000000000
35322  7.419  -42.730  60.310 0.0000000000
36184  5.682  -41.298  60.704 0.0000000000
36173  6.288  -41.805  61.371 0.0000000000
36174  5.449  -41.493  61.551 0.0000000000
38942  5.358  -38.657  60.533 0.0000000000
110404  4.241  -40.432  62.182 0.0000000000
37078  3.504  -39.946  62.830 0.0000000000
39766  3.550  -36.771  64.641 0.0000000000
44526  29.601  -33.275  44.457 0.0000000000
44512  27.646  -33.282  45.530 0.0000000000
43694  28.073  -33.587  45.000 0.0000000000
43711  28.289  -33.943  44.665 0.0000000000
41919  27.483  -35.373  46.213 0.0000000000
41898  27.220  -35.834  47.289 0.0000000000
41900  25.779  -35.507  47.591 0.0000000000
40950  26.419  -37.056  48.200 0.0000000000
41878  26.388  -36.272  47.990 0.0000000000
40949  26.950  -37.203  48.371 0.0000000000
40932  27.306  -37.718  49.111 0.0000000000
40917  27.677  -37.772  49.774 0.0000000000
40918  27.479  -38.064  49.669 0.0000000000
42841  21.971  -34.935  47.620 0.0000000000
40969  22.422  -36.271  46.849 0.0000000000
38250  22.773  -38.954  46.674 0.0000000000
39154  23.201  -38.307  46.451 0.0000000000
39133  24.069  -38.319  46.841 0.0000000000
38227  23.918  -39.218  47.224 0.0000000000
36330  22.149  -41.703  49.325 0.0000000000
37236  22.756  -41.229  48.752 0.0000000000
36329  23.122  -41.701  49.480 0.0000000000
36309  24.428  -41.787  50.494 0.0000000000
37234  24.905  -40.684  49.192 0.0000000000
38181  25.174  -39.734  48.609 0.0000000000
59016  43.922  -16.809  38.993 0.0000000000
54678  33.018  -21.912  43.979 0.0000000000
52865  32.441  -23.689  42.483 0.0000000000
52875  33.657  -23.814  41.704 0.0000000000
51996  33.496  -24.688  41.557 0.0000000000
51004  27.507  -25.708  45.495 0.0000000000
108808  27.547  -24.779  45.695 0.0000000000
51963  28.755  -24.250  43.801 0.0000000000
52852  29.300  -23.590  43.675 0.0000000000
49940  31.530  -26.062  45.603 0.0000000000
49941  31.351  -26.074  45.091 0.0000000000
51023  31.533  -25.968  43.672 0.0000000000
109358  30.700  -25.851  43.759 0.0000000000
51038  31.621  -25.370  42.560 0.0000000000
49976  33.650  -26.849  43.000 0.0000000000
51036  32.947  -26.237  42.177 0.0000000000
50002  33.659  -26.522  42.167 0.0000000000
50016  34.013  -26.073  41.498 0.0000000000
50001  34.498  -26.883  42.332 0.0000000000
114134  35.284  -26.925  41.900 0.0000000000
48942  36.145  -27.725  44.342 0.0000000000
41915  31.607  -35.314  46.453 0.0000000000
123342  32.225  -34.985  46.629 0.0000000000
42826  33.835  -34.873  48.105 0.0000000000
43679  34.213  -34.338  47.385 0.0000000000
126917  34.122  -33.820  46.765 0.0000000000
42833  34.979  -34.058  47.727 0.0000000000
43666  36.464  -33.418  48.590 0.0000000000
44476  36.862  -32.586  48.353 0.0000000000
109934  56.117  -7.503  35.246 0.0000000000
67239  56.926  -7.322  35.141 0.0000000000
66306  56.586  -8.135  35.200 0.0000000000
66311  51.789  -9.217  35.799 0.0000000000
66297  52.223  -8.458  36.018 0.0000000000
67243  53.045  -8.319  35.753 0.0000000000
64464  53.623  -10.278  35.660 0.0000000000
66309  53.555  -9.034  35.390 0.0000000000
59970  45.538  -15.484  38.623 0.0000000000
59015  44.782  -16.650  39.261 0.0000000000
44525  30.547  -32.514  43.880 0.0000000000
119873  30.590  -33.120  43.895 0.0000000000
42887  31.884  -33.982  44.711 0.0000000000
62649  43.752  -12.840  38.133 0.0000000000
62648  44.367  -12.706  37.691 0.0000000000
62647  45.162  -12.733  37.328 0.0000000000
129319  45.128  -13.680  37.468 0.0000000000
37063  2.789  -40.533  64.617 0.0000000000
59918  38.490  -15.479  42.366 0.0000000000
58978  37.550  -16.972  41.886 0.0000000000
52884  35.715  -23.623  40.539 0.0000000000
127437  36.247  -23.810  40.474 0.0000000000
52008  36.050  -24.385  40.497 0.0000000000
51052  36.944  -25.349  40.689 0.0000000000
51043  37.210  -26.046  41.108 0.0000000000
50013  36.584  -26.655  41.481 0.0000000000
36263  12.467  -41.706  52.869 0.0000000000
36247  12.089  -42.200  53.714 0.0000000000
35380  11.721  -42.689  54.556 0.0000000000
36236  10.206  -41.594  55.103 0.0000000000
39831  6.802  -37.654  60.877 0.0000000000
45268  23.754  -31.483  47.725 0.0000000000
108430  23.725  -32.914  47.383 0.0000000000
122267  22.998  -33.984  47.059 0.0000000000
42859  22.951  -34.784  46.754 0.0000000000
35453  20.234  -42.321  51.318 0.0000000000
113647  20.896  -42.519  51.544 0.0000000000
111333  20.843  -42.787  52.419 0.0000000000
115348  27.768  -22.915  46.660 0.0000000000
111151  34.335  -28.198  47.226 0.0000000000
48916  33.206  -26.881  47.061 0.0000000000
117780  15.174  -38.900  51.310 0.0000000000
38156  14.657  -39.340  51.559 0.0000000000
38146  14.025  -39.862  51.935 0.0000000000
122713  19.318  -38.325  48.829 0.0000000000
37264  18.956  -39.997  48.706 0.0000000000
125475  27.933  -27.437  46.719 0.0000000000
124502  28.449  -28.396  45.471 0.0000000000
47029  29.343  -28.887  44.636 0.0000000000
45319  32.954  -31.337  43.519 0.0000000000
46142  33.271  -30.511  43.716 0.0000000000
46127  34.005  -30.303  44.360 0.0000000000
46115  34.939  -30.577  45.444 0.0000000000
46103  35.506  -30.778  46.526 0.0000000000
46089  35.915  -30.638  47.304 0.0000000000
64423  46.282  -10.577  38.516 0.0000000000
65359  48.252  -9.357  39.176 0.0000000000
66293  49.585  -8.580  37.516 0.0000000000
66294  48.843  -8.948  37.829 0.0000000000
64450  48.534  -10.633  36.817 0.0000000000
61816  47.638  -12.983  37.506 0.0000000000
61815  48.487  -13.110  37.872 0.0000000000
61808  49.301  -13.242  38.373 0.0000000000
61801  48.749  -13.823  38.695 0.0000000000
60865  41.405  -14.359  38.886 0.0000000000
59974  41.381  -14.959  38.453 0.0000000000
59032  41.024  -16.190  38.961 0.0000000000
58090  39.119  -17.723  40.121 0.0000000000
56362  41.082  -20.077  40.855 0.0000000000
54695  41.069  -21.336  40.997 0.0000000000
57144  36.789  -18.601  42.411 0.0000000000
126932  36.963  -18.412  41.799 0.0000000000
52881  38.126  -23.066  40.511 0.0000000000
52874  39.046  -23.360  40.871 0.0000000000
52873  39.959  -23.544  41.106 0.0000000000
51992  40.163  -24.183  41.445 0.0000000000
40945  30.199  -36.787  48.444 0.0000000000
61759  41.567  -13.523  42.318 0.0000000000
61767  41.522  -13.496  41.382 0.0000000000
61784  42.139  -13.195  40.846 0.0000000000
61802  42.153  -13.343  40.007 0.0000000000
61803  41.562  -13.807  39.533 0.0000000000
35414  17.284  -43.256  52.837 0.0000000000
34579  16.805  -43.593  53.348 0.0000000000
34521  10.716  -43.673  56.581 0.0000000000
34482  9.770  -44.177  59.035 0.0000000000
34494  8.604  -43.387  58.853 0.0000000000
39031  8.879  -38.768  55.940 0.0000000000
38108  8.317  -39.107  56.365 0.0000000000
38976  6.442  -38.669  58.823 0.0000000000
37127  6.488  -40.209  58.331 0.0000000000
37106  5.173  -40.628  60.696 0.0000000000
38930  5.140  -38.252  61.312 0.0000000000
38931  4.441  -38.797  61.660 0.0000000000
39757  1.199  -36.954  65.400 0.0000000000
42875  27.093  -33.926  45.586 0.0000000000
41901  25.101  -35.473  47.458 0.0000000000
40038  26.204  -37.576  48.404 0.0000000000
40021  27.057  -38.065  49.297 0.0000000000
40054  21.507  -37.515  47.252 0.0000000000
40982  22.252  -37.153  46.778 0.0000000000
40077  22.061  -37.977  46.730 0.0000000000
38228  23.159  -39.522  47.083 0.0000000000
35451  23.057  -42.201  51.596 0.0000000000
36294  23.939  -42.017  51.320 0.0000000000
58089  44.060  -17.978  40.175 0.0000000000
123566  31.827  -22.399  44.071 0.0000000000
53771  32.382  -22.575  43.597 0.0000000000
52849  31.887  -23.218  43.017 0.0000000000
51980  32.130  -24.603  42.299 0.0000000000
49957  28.011  -26.321  44.370 0.0000000000
51949  27.684  -25.073  44.668 0.0000000000
49981  28.502  -26.162  44.012 0.0000000000
51026  28.447  -25.433  43.841 0.0000000000
51025  29.129  -25.552  43.691 0.0000000000
50982  31.811  -25.688  45.534 0.0000000000
49977  32.315  -26.260  43.302 0.0000000000
49978  32.150  -26.040  42.742 0.0000000000
115276  32.944  -26.534  43.519 0.0000000000
123402  33.654  -26.760  43.748 0.0000000000
128274  34.811  -27.038  44.318 0.0000000000
128992  32.344  -35.689  47.881 0.0000000000
41893  32.926  -35.348  47.982 0.0000000000
41873  33.571  -35.489  48.827 0.0000000000
41872  34.402  -34.952  48.690 0.0000000000
66307  55.837  -8.336  35.212 0.0000000000
66299  50.619  -8.715  36.371 0.0000000000
66312  50.953  -9.232  35.842 0.0000000000
65389  52.160  -9.874  35.702 0.0000000000
121675  54.413  -10.272  35.538 0.0000000000
121702  17.318  -38.986  49.886 0.0000000000
108763  16.801  -38.693  50.200 0.0000000000
40025  19.081  -37.597  49.762 0.0000000000
59968  47.253  -14.975  39.161 0.0000000000
59013  47.334  -16.102  39.792 0.0000000000
124787  46.137  -15.905  39.151 0.0000000000
59014  46.533  -16.329  39.657 0.0000000000
124427  29.826  -29.943  45.341 0.0000000000
47021  29.858  -29.708  44.697 0.0000000000
45321  31.186  -31.646  43.373 0.0000000000
44539  30.962  -32.372  43.549 0.0000000000
44538  31.674  -32.201  43.395 0.0000000000
124732  32.484  -31.961  43.510 0.0000000000
44509  33.733  -32.507  45.031 0.0000000000
44497  34.069  -32.812  45.860 0.0000000000
64391  44.804  -10.813  39.873 0.0000000000
64409  45.492  -10.678  39.226 0.0000000000
64434  46.780  -10.746  37.785 0.0000000000
62659  46.932  -11.746  37.287 0.0000000000
60848  39.734  -15.179  39.650 0.0000000000
60833  39.634  -14.904  40.272 0.0000000000
59939  39.302  -15.560  40.085 0.0000000000
129647  38.943  -18.310  40.420 0.0000000000
55553  36.051  -21.004  40.897 0.0000000000
115200  37.151  -23.140  40.380 0.0000000000
52882  37.576  -23.768  40.431 0.0000000000
49973  38.830  -27.058  42.701 0.0000000000
128158  38.128  -27.429  42.753 0.0000000000
109292  39.222  -27.661  44.099 0.0000000000
40916  28.187  -37.169  49.832 0.0000000000
116815  28.736  -37.068  49.837 0.0000000000
40001  28.779  -37.334  50.543 0.0000000000
127906  15.227  -43.207  53.481 0.0000000000
34558  13.513  -43.941  54.232 0.0000000000
35396  13.234  -43.217  53.875 0.0000000000
34520  11.584  -43.993  56.305 0.0000000000
34539  11.556  -43.484  55.641 0.0000000000
35369  11.041  -43.201  55.898 0.0000000000
38975  6.966  -38.074  58.316 0.0000000000
121767  6.087  -39.139  59.277 0.0000000000
43689  25.408  -33.200  46.657 0.0000000000
42838  24.387  -34.154  46.887 0.0000000000
40052  25.042  -37.990  47.720 0.0000000000
37262  21.476  -40.564  48.225 0.0000000000
36311  22.464  -42.091  49.990 0.0000000000
35452  21.609  -42.473  51.486 0.0000000000
36295  22.200  -42.293  50.917 0.0000000000
120626  43.919  -19.664  41.494 0.0000000000
53774  29.657  -22.903  43.925 0.0000000000
48944  31.129  -27.032  44.493 0.0000000000
48931  31.539  -26.475  45.173 0.0000000000
49939  31.596  -25.994  46.177 0.0000000000
49926  31.717  -25.931  46.912 0.0000000000
126154  31.714  -25.863  46.658 0.0000000000
50965  32.734  -25.326  46.922 0.0000000000
64447  50.922  -10.757  36.102 0.0000000000
128889  1.422  -38.727  65.515 0.0000000000
58051  37.396  -17.512  43.610 0.0000000000
55541  35.745  -20.637  41.549 0.0000000000
53805  35.387  -22.364  40.983 0.0000000000
53819  35.311  -23.089  40.759 0.0000000000
51055  34.715  -24.710  40.672 0.0000000000
108259  17.616  -42.816  52.350 0.0000000000
35456  17.876  -42.386  51.709 0.0000000000
35439  16.260  -42.463  52.412 0.0000000000
37221  16.594  -40.171  50.515 0.0000000000
37205  16.319  -40.717  51.223 0.0000000000
37192  13.467  -40.471  52.239 0.0000000000
36283  12.907  -41.134  52.387 0.0000000000
109278  22.127  -33.394  48.298 0.0000000000
42828  21.673  -34.783  48.542 0.0000000000
41904  21.792  -35.819  47.518 0.0000000000
41865  21.398  -35.374  49.424 0.0000000000
38230  20.997  -39.248  47.633 0.0000000000
36313  20.294  -41.953  49.990 0.0000000000
51921  27.737  -24.406  47.559 0.0000000000
50948  27.661  -25.136  47.306 0.0000000000
50966  27.501  -25.386  46.435 0.0000000000
49942  27.659  -26.591  45.478 0.0000000000
48919  27.701  -27.069  46.139 0.0000000000
113668  28.383  -26.803  44.376 0.0000000000
48965  30.238  -27.699  43.897 0.0000000000
47028  30.020  -29.471  44.206 0.0000000000
120307  30.284  -29.112  43.884 0.0000000000
47041  30.948  -29.546  43.615 0.0000000000
47988  30.687  -28.522  43.797 0.0000000000
47974  31.375  -28.063  44.065 0.0000000000
48964  30.770  -27.617  43.992 0.0000000000
47966  32.618  -28.128  44.901 0.0000000000
108369  33.692  -28.345  45.917 0.0000000000
47019  34.767  -29.608  45.575 0.0000000000
47957  34.474  -28.747  46.333 0.0000000000
66300  49.846  -8.928  36.647 0.0000000000
65376  50.235  -9.399  36.004 0.0000000000
64468  50.080  -10.128  35.911 0.0000000000
64451  47.850  -10.799  37.119 0.0000000000
62657  48.258  -11.890  36.907 0.0000000000
63505  49.026  -11.310  36.566 0.0000000000
63504  49.802  -11.584  36.565 0.0000000000
59972  43.746  -15.523  38.241 0.0000000000
59017  43.028  -16.930  38.820 0.0000000000
57174  42.822  -18.935  40.260 0.0000000000
58105  40.841  -17.668  39.370 0.0000000000
56360  42.917  -19.886  40.997 0.0000000000
54693  42.979  -21.573  41.164 0.0000000000
55552  36.590  -20.658  40.757 0.0000000000
55551  37.396  -20.755  40.607 0.0000000000
54707  38.096  -21.305  40.516 0.0000000000
55550  38.569  -20.517  40.434 0.0000000000
53802  40.529  -22.082  40.905 0.0000000000
127994  40.938  -22.489  41.188 0.0000000000
53801  41.393  -22.832  41.427 0.0000000000
41956  29.889  -34.756  44.680 0.0000000000
41934  30.329  -35.261  45.390 0.0000000000
41916  30.783  -35.571  46.238 0.0000000000
41894  31.289  -35.772  47.111 0.0000000000
41875  31.803  -35.902  47.869 0.0000000000
62631  42.712  -13.036  39.502 0.0000000000
62637  43.230  -12.658  38.759 0.0000000000
110169  18.174  -44.252  54.246 0.0000000000
34556  15.293  -43.788  53.891 0.0000000000
38138  11.546  -39.608  53.492 0.0000000000
37182  10.939  -40.054  53.693 0.0000000000
39044  10.795  -38.652  54.498 0.0000000000
38130  10.430  -39.545  54.204 0.0000000000
37173  10.353  -40.428  54.125 0.0000000000
37164  9.868  -40.820  54.722 0.0000000000
36237  9.470  -41.227  55.415 0.0000000000
37166  8.879  -40.045  55.734 0.0000000000
36227  9.100  -41.607  56.133 0.0000000000
38997  7.973  -38.417  57.043 0.0000000000
37141  7.488  -40.124  56.911 0.0000000000
126388  7.968  -40.774  56.897 0.0000000000
35329  8.134  -43.149  59.290 0.0000000000
35321  7.936  -43.237  59.931 0.0000000000
123690  4.821  -41.630  62.662 0.0000000000
112245  4.826  -41.196  61.937 0.0000000000
37070  3.095  -40.310  63.627 0.0000000000
39778  4.201  -37.098  63.900 0.0000000000
39780  2.699  -38.056  64.209 0.0000000000
126987  28.013  -26.521  48.747 0.0000000000
44527  28.871  -33.538  44.793 0.0000000000
42891  28.843  -34.147  44.486 0.0000000000
41957  29.087  -34.635  44.751 0.0000000000
41936  28.614  -35.099  45.254 0.0000000000
129835  28.200  -35.463  45.815 0.0000000000
40948  27.660  -36.897  48.611 0.0000000000
41899  26.463  -35.625  47.546 0.0000000000
40931  27.677  -37.340  49.279 0.0000000000
42840  22.467  -34.358  47.290 0.0000000000
127099  22.510  -34.855  47.091 0.0000000000
41921  23.132  -35.769  46.544 0.0000000000
118929  22.949  -36.811  46.366 0.0000000000
40053  24.354  -37.302  46.985 0.0000000000
37261  22.346  -40.701  48.120 0.0000000000
37281  22.806  -40.189  47.517 0.0000000000
38202  23.632  -39.968  47.659 0.0000000000
37235  23.717  -41.039  48.946 0.0000000000
38201  24.527  -39.548  47.912 0.0000000000
39117  25.217  -38.899  48.202 0.0000000000
39104  25.738  -38.921  48.925 0.0000000000
59028  44.265  -16.143  38.656 0.0000000000
58088  44.880  -17.818  40.273 0.0000000000
56359  44.901  -19.787  42.001 0.0000000000
54677  33.751  -21.633  43.605 0.0000000000
53786  33.575  -22.569  42.580 0.0000000000
113564  34.102  -24.275  41.030 0.0000000000
52810  27.704  -23.613  46.497 0.0000000000
52809  27.925  -23.244  45.816 0.0000000000
51948  28.129  -24.225  44.359 0.0000000000
52821  28.351  -23.488  44.875 0.0000000000
52851  30.010  -23.438  43.042 0.0000000000
109044  29.791  -25.929  43.858 0.0000000000
51024  29.870  -25.457  43.465 0.0000000000
125820  29.478  -24.882  43.349 0.0000000000
51961  30.103  -24.488  42.861 0.0000000000
52867  30.675  -23.808  42.664 0.0000000000
51048  32.863  -24.985  41.895 0.0000000000
51047  33.312  -25.638  41.701 0.0000000000
50000  35.984  -27.130  41.940 0.0000000000
48963  36.088  -27.741  43.313 0.0000000000
124136  35.346  -27.488  43.853 0.0000000000
48962  36.843  -28.003  43.644 0.0000000000
42872  30.722  -34.739  44.845 0.0000000000
42871  31.524  -34.545  45.155 0.0000000000
42870  32.254  -34.219  45.535 0.0000000000
42835  32.816  -34.881  47.092 0.0000000000
42853  32.594  -34.494  46.326 0.0000000000
42869  32.950  -33.841  45.928 0.0000000000
43688  33.721  -33.524  46.206 0.0000000000
43687  34.465  -33.166  46.531 0.0000000000
44485  35.154  -32.833  47.014 0.0000000000
42817  35.090  -34.904  49.358 0.0000000000
42824  35.159  -34.475  48.427 0.0000000000
43674  35.745  -33.731  48.058 0.0000000000
111610  35.669  -33.023  47.536 0.0000000000
44495  35.432  -32.137  46.681 0.0000000000
44484  35.917  -32.281  47.273 0.0000000000
45260  36.287  -31.449  47.453 0.0000000000
67229  51.793  -7.860  36.589 0.0000000000
68196  52.865  -6.817  36.615 0.0000000000
67227  53.361  -7.419  35.928 0.0000000000
64466  51.524  -10.292  35.861 0.0000000000
67241  54.595  -7.911  35.173 0.0000000000
109895  55.081  -8.579  35.066 0.0000000000
114383  55.659  -9.210  35.179 0.0000000000
64463  55.133  -9.988  35.300 0.0000000000
35463  21.350  -42.367  50.912 0.0000000000
40076  22.764  -37.676  46.436 0.0000000000
41874  32.327  -35.868  48.339 0.0000000000
43677  35.301  -33.480  47.448 0.0000000000
43695  27.650  -33.773  45.168 0.0000000000
44483  36.605  -32.091  47.797 0.0000000000
44508  34.366  -32.205  45.479 0.0000000000
45320  32.019  -31.467  43.285 0.0000000000
46116  34.668  -30.162  44.861 0.0000000000
47964  34.184  -28.965  45.479 0.0000000000
47975  29.618  -28.631  44.204 0.0000000000
48894  33.256  -26.364  48.966 0.0000000000
48932  28.223  -27.786  45.193 0.0000000000
48981  36.189  -27.502  42.565 0.0000000000
49927  31.644  -25.907  46.126 0.0000000000
51003  27.936  -25.663  44.155 0.0000000000
52836  29.198  -23.295  44.061 0.0000000000
57173  43.692  -18.694  40.532 0.0000000000
59975  40.818  -15.455  38.807 0.0000000000
115885  40.869  -20.592  40.864 0.0000000000
118804  27.678  -24.042  45.949 0.0000000000
119771  21.400  -38.944  47.217 0.0000000000
119940  36.975  -28.071  44.383 0.0000000000
125414  36.252  -34.255  49.718 0.0000000000
127380  34.229  -26.539  41.791 0.0000000000
