#!ascii label  , from subject freesurfer vox2ras=TkReg
1782
49899  53.206  -26.187  48.074 0.0000000000
34542  40.765  -44.045  54.475 0.0000000000
31145  25.706  -47.305  54.338 0.0000000000
29193  17.567  -49.958  55.622 0.0000000000
30114  34.213  -49.392  59.676 0.0000000000
34594  29.950  -43.638  51.380 0.0000000000
47025  43.688  -29.682  44.325 0.0000000000
54594  59.713  -20.779  48.668 0.0000000000
46029  44.898  -30.495  54.292 0.0000000000
42793  42.351  -35.008  50.782 0.0000000000
40074  34.546  -37.661  45.996 0.0000000000
29136  25.707  -50.007  59.976 0.0000000000
31132  21.504  -47.363  55.755 0.0000000000
28131  21.554  -50.636  60.741 0.0000000000
29172  29.623  -50.196  57.086 0.0000000000
107498  47.336  -28.088  55.631 0.0000000000
37149  37.818  -40.667  56.713 0.0000000000
111789  43.827  -39.166  57.932 0.0000000000
39903  47.597  -37.343  55.965 0.0000000000
39045  41.081  -39.061  53.805 0.0000000000
41870  38.709  -35.642  48.793 0.0000000000
37214  36.914  -40.015  50.954 0.0000000000
33840  26.120  -45.008  47.447 0.0000000000
36376  27.637  -41.686  46.135 0.0000000000
49883  58.255  -27.173  49.846 0.0000000000
50950  61.800  -24.893  46.313 0.0000000000
32107  24.727  -46.984  48.764 0.0000000000
32988  20.786  -45.178  48.940 0.0000000000
31097  38.091  -47.486  57.056 0.0000000000
34565  35.345  -43.515  53.210 0.0000000000
32032  32.912  -46.366  56.128 0.0000000000
31189  27.908  -47.545  51.584 0.0000000000
48911  48.109  -27.168  46.497 0.0000000000
26339  18.541  -52.442  62.487 0.0000000000
29181  14.794  -49.271  57.759 0.0000000000
51900  54.543  -24.404  49.876 0.0000000000
47886  53.735  -29.070  52.424 0.0000000000
46950  48.789  -29.436  50.624 0.0000000000
46060  44.743  -30.740  49.473 0.0000000000
41886  44.172  -35.201  47.362 0.0000000000
44362  42.540  -32.392  58.123 0.0000000000
41830  48.083  -37.027  52.152 0.0000000000
116954  44.510  -39.821  49.203 0.0000000000
40999  41.182  -36.679  45.963 0.0000000000
118252  33.153  -40.581  48.710 0.0000000000
29090  25.351  -49.186  62.126 0.0000000000
29123  23.952  -49.870  60.305 0.0000000000
29092  23.627  -49.378  62.645 0.0000000000
28111  27.959  -50.228  61.642 0.0000000000
122661  40.466  -43.744  56.853 0.0000000000
34497  43.421  -43.328  57.269 0.0000000000
37159  44.232  -40.876  56.128 0.0000000000
36243  41.159  -41.350  54.100 0.0000000000
38142  38.589  -39.382  52.454 0.0000000000
36271  38.396  -41.505  52.830 0.0000000000
32168  24.124  -46.594  44.572 0.0000000000
33876  24.745  -44.807  43.931 0.0000000000
49886  55.657  -27.131  49.087 0.0000000000
50955  56.815  -25.411  47.047 0.0000000000
107693  53.957  -25.363  46.095 0.0000000000
32070  24.883  -46.483  51.605 0.0000000000
33001  22.306  -45.355  48.037 0.0000000000
32955  23.019  -45.813  52.291 0.0000000000
130046  19.460  -48.265  55.752 0.0000000000
31179  19.342  -46.975  53.154 0.0000000000
109568  17.410  -48.634  52.962 0.0000000000
30227  16.316  -49.013  53.424 0.0000000000
109546  34.968  -44.175  57.372 0.0000000000
31089  36.375  -48.062  58.664 0.0000000000
32017  35.619  -47.315  56.466 0.0000000000
30145  34.009  -48.702  57.929 0.0000000000
30191  27.442  -48.699  55.443 0.0000000000
30207  28.835  -49.207  54.201 0.0000000000
30237  27.078  -48.416  52.659 0.0000000000
113177  26.252  -47.321  49.875 0.0000000000
110380  45.357  -28.161  45.014 0.0000000000
111011  46.333  -27.216  42.630 0.0000000000
125699  43.812  -28.757  41.680 0.0000000000
29142  13.083  -49.343  59.810 0.0000000000
46948  50.935  -29.597  51.402 0.0000000000
46914  50.788  -29.307  53.692 0.0000000000
47844  45.546  -28.604  55.118 0.0000000000
47889  46.072  -29.091  52.096 0.0000000000
46048  44.674  -30.810  51.419 0.0000000000
44482  43.317  -32.521  48.070 0.0000000000
44452  44.143  -32.746  51.040 0.0000000000
41805  44.076  -36.089  54.001 0.0000000000
40866  47.546  -36.187  54.352 0.0000000000
41832  45.616  -36.339  52.266 0.0000000000
39993  46.895  -38.270  50.885 0.0000000000
40923  44.338  -37.182  49.685 0.0000000000
39127  42.627  -38.636  47.892 0.0000000000
41887  41.957  -35.443  48.176 0.0000000000
42851  37.895  -34.870  45.772 0.0000000000
34588  32.740  -43.333  52.676 0.0000000000
35447  33.947  -42.234  50.884 0.0000000000
107730  31.885  -42.297  50.658 0.0000000000
38263  28.871  -40.158  44.753 0.0000000000
54651  55.090  -21.743  44.844 0.0000000000
53728  59.467  -22.048  46.127 0.0000000000
30171  26.022  -48.041  56.997 0.0000000000
31131  23.248  -46.824  55.479 0.0000000000
30152  23.800  -48.263  57.684 0.0000000000
30133  21.964  -48.870  58.237 0.0000000000
29159  19.737  -50.117  58.209 0.0000000000
29084  32.657  -49.931  62.598 0.0000000000
28160  32.613  -50.521  59.090 0.0000000000
28125  30.033  -50.496  60.560 0.0000000000
29151  27.864  -49.785  58.657 0.0000000000
48767  49.320  -27.775  56.573 0.0000000000
113912  44.742  -28.430  57.230 0.0000000000
38063  46.708  -39.338  57.747 0.0000000000
39924  43.936  -37.830  55.094 0.0000000000
40871  41.488  -36.472  53.252 0.0000000000
41850  40.443  -34.952  50.389 0.0000000000
39975  39.363  -37.281  51.508 0.0000000000
39997  37.828  -37.678  50.048 0.0000000000
39115  36.213  -38.486  48.494 0.0000000000
34607  27.770  -43.889  49.118 0.0000000000
35481  29.396  -42.275  48.827 0.0000000000
34643  26.887  -43.082  46.927 0.0000000000
123067  59.649  -23.315  48.873 0.0000000000
52801  60.905  -23.068  47.268 0.0000000000
51916  59.616  -25.266  48.335 0.0000000000
32062  21.210  -46.233  52.492 0.0000000000
34515  37.605  -43.668  56.411 0.0000000000
32923  39.873  -46.189  56.091 0.0000000000
33789  37.757  -44.294  53.854 0.0000000000
124169  36.890  -45.724  55.229 0.0000000000
33779  33.840  -44.504  54.586 0.0000000000
33796  30.819  -44.592  53.730 0.0000000000
30167  31.365  -48.941  56.616 0.0000000000
32038  30.216  -46.612  54.345 0.0000000000
109090  29.368  -45.273  52.001 0.0000000000
116261  27.406  -46.246  50.266 0.0000000000
32117  25.593  -47.340  47.761 0.0000000000
108119  50.907  -26.533  47.095 0.0000000000
49930  51.429  -26.095  45.441 0.0000000000
49948  49.510  -26.445  44.402 0.0000000000
27229  19.915  -51.771  60.682 0.0000000000
28151  18.220  -51.095  58.857 0.0000000000
28133  16.154  -50.867  60.557 0.0000000000
29194  16.459  -49.747  56.101 0.0000000000
52787  57.193  -23.324  49.665 0.0000000000
50889  57.216  -27.063  51.215 0.0000000000
48871  55.241  -27.885  50.472 0.0000000000
110152  52.693  -27.833  49.732 0.0000000000
48875  50.257  -28.037  49.289 0.0000000000
47935  48.616  -28.527  48.614 0.0000000000
46998  46.640  -29.570  47.518 0.0000000000
47868  48.457  -28.545  52.867 0.0000000000
46969  46.943  -30.189  49.809 0.0000000000
46101  44.523  -30.371  46.672 0.0000000000
44506  42.741  -32.237  46.108 0.0000000000
117026  42.783  -35.213  45.584 0.0000000000
45178  43.300  -31.574  55.683 0.0000000000
42730  46.059  -34.755  57.833 0.0000000000
112815  45.709  -33.748  55.028 0.0000000000
43644  45.349  -33.082  53.208 0.0000000000
42813  46.421  -35.804  50.264 0.0000000000
40048  45.651  -38.405  48.307 0.0000000000
42848  40.192  -34.929  46.707 0.0000000000
35444  36.061  -42.326  51.556 0.0000000000
36323  35.013  -40.906  49.560 0.0000000000
111742  33.838  -39.340  47.244 0.0000000000
37280  30.102  -40.867  47.183 0.0000000000
38249  31.421  -39.850  46.192 0.0000000000
29091  24.479  -49.155  62.294 0.0000000000
29073  24.078  -48.773  63.231 0.0000000000
33737  41.466  -45.109  57.018 0.0000000000
34499  42.033  -43.963  57.107 0.0000000000
34527  42.445  -44.099  55.707 0.0000000000
35389  42.463  -42.267  55.264 0.0000000000
35391  41.062  -42.989  54.482 0.0000000000
114693  39.679  -41.163  53.488 0.0000000000
35402  39.419  -42.718  53.683 0.0000000000
50921  54.701  -26.447  48.449 0.0000000000
50938  54.613  -25.706  47.531 0.0000000000
108939  53.879  -25.569  46.982 0.0000000000
31162  25.442  -46.849  52.982 0.0000000000
32071  23.987  -45.907  52.027 0.0000000000
32048  24.396  -46.471  53.492 0.0000000000
30212  18.268  -48.852  55.020 0.0000000000
31152  18.585  -48.107  54.343 0.0000000000
30213  17.740  -49.021  54.279 0.0000000000
107234  16.811  -48.949  53.191 0.0000000000
29216  16.645  -49.563  54.436 0.0000000000
31068  32.742  -47.469  60.915 0.0000000000
31993  33.336  -47.154  59.559 0.0000000000
129564  34.141  -46.804  58.692 0.0000000000
31077  34.934  -48.208  59.302 0.0000000000
30144  35.266  -48.707  58.234 0.0000000000
29130  34.470  -49.404  59.179 0.0000000000
31144  26.467  -47.756  54.582 0.0000000000
126644  27.035  -48.234  54.135 0.0000000000
114209  26.549  -47.814  53.766 0.0000000000
112295  26.203  -47.498  52.548 0.0000000000
47963  44.879  -28.704  45.274 0.0000000000
47985  44.409  -28.433  43.240 0.0000000000
47986  43.823  -28.822  43.081 0.0000000000
48798  50.218  -27.170  54.333 0.0000000000
47850  50.859  -28.536  54.240 0.0000000000
48782  49.971  -27.877  54.955 0.0000000000
46907  44.897  -29.793  54.602 0.0000000000
46915  45.544  -29.445  53.334 0.0000000000
46042  44.848  -30.866  52.335 0.0000000000
45212  44.416  -31.443  51.743 0.0000000000
45200  44.767  -31.502  52.680 0.0000000000
108428  43.293  -35.407  52.481 0.0000000000
41820  44.988  -35.899  53.029 0.0000000000
41833  44.081  -35.556  51.728 0.0000000000
40908  44.850  -36.789  50.564 0.0000000000
111592  43.583  -35.550  50.275 0.0000000000
117965  42.531  -36.268  48.359 0.0000000000
42815  42.091  -34.795  49.305 0.0000000000
34592  31.516  -43.046  51.940 0.0000000000
35449  32.116  -42.665  51.405 0.0000000000
35450  31.145  -42.659  51.143 0.0000000000
53715  57.288  -21.778  46.288 0.0000000000
53713  60.253  -21.080  47.005 0.0000000000
29153  25.905  -49.422  59.278 0.0000000000
126465  24.459  -48.115  57.474 0.0000000000
114944  24.892  -49.170  59.190 0.0000000000
28146  23.175  -50.122  60.254 0.0000000000
29139  22.739  -49.794  59.608 0.0000000000
115951  21.834  -49.873  59.416 0.0000000000
29158  20.575  -49.785  58.478 0.0000000000
28149  20.531  -50.772  59.541 0.0000000000
29067  31.223  -49.479  63.437 0.0000000000
129821  31.614  -50.575  61.635 0.0000000000
28096  30.279  -50.389  62.279 0.0000000000
28112  27.185  -50.197  61.140 0.0000000000
28145  27.860  -50.661  60.014 0.0000000000
29152  26.983  -49.573  58.976 0.0000000000
29174  27.374  -49.229  58.046 0.0000000000
117908  42.205  -39.425  57.004 0.0000000000
39863  42.632  -37.488  57.356 0.0000000000
38979  43.917  -38.438  58.108 0.0000000000
125129  45.350  -37.746  58.962 0.0000000000
38083  45.231  -40.113  58.023 0.0000000000
38123  42.256  -39.538  54.553 0.0000000000
39021  43.921  -39.237  55.446 0.0000000000
38122  42.556  -38.713  54.465 0.0000000000
40860  42.915  -36.913  54.174 0.0000000000
115964  41.098  -37.398  53.399 0.0000000000
40882  40.333  -36.869  52.296 0.0000000000
39956  40.320  -37.660  52.859 0.0000000000
38143  37.950  -39.919  52.119 0.0000000000
39077  38.414  -38.419  51.491 0.0000000000
38163  37.219  -39.247  50.695 0.0000000000
39114  36.797  -37.978  48.828 0.0000000000
38178  36.372  -39.466  49.589 0.0000000000
33825  27.177  -44.357  48.500 0.0000000000
127584  27.630  -43.575  48.489 0.0000000000
34629  26.525  -43.954  47.216 0.0000000000
125961  58.672  -25.761  49.667 0.0000000000
116789  59.254  -25.282  48.789 0.0000000000
51908  58.863  -25.758  48.958 0.0000000000
50954  57.643  -24.901  46.793 0.0000000000
111342  24.375  -47.565  46.846 0.0000000000
32118  23.579  -47.043  47.143 0.0000000000
124072  22.372  -47.169  55.866 0.0000000000
32050  22.335  -46.461  53.715 0.0000000000
32051  21.487  -46.576  53.754 0.0000000000
32087  17.829  -46.797  50.600 0.0000000000
113992  19.255  -46.308  51.541 0.0000000000
32889  36.601  -45.599  57.485 0.0000000000
33719  36.675  -44.685  56.947 0.0000000000
32910  38.573  -45.853  57.335 0.0000000000
33739  39.838  -45.648  57.204 0.0000000000
32014  38.666  -46.837  56.621 0.0000000000
32924  38.278  -46.327  55.510 0.0000000000
32027  38.019  -46.906  56.167 0.0000000000
32031  33.924  -46.383  56.164 0.0000000000
32928  34.240  -45.734  55.646 0.0000000000
32929  33.267  -45.791  55.612 0.0000000000
33780  32.881  -44.779  54.420 0.0000000000
130014  31.484  -45.439  54.812 0.0000000000
28176  30.572  -50.438  58.018 0.0000000000
29170  31.618  -50.002  57.710 0.0000000000
29187  30.141  -49.918  56.331 0.0000000000
30222  28.578  -48.311  52.992 0.0000000000
31143  29.577  -48.129  54.244 0.0000000000
31175  29.006  -47.566  53.076 0.0000000000
32950  29.769  -45.837  53.080 0.0000000000
32057  28.516  -46.779  52.074 0.0000000000
32966  28.228  -45.623  51.055 0.0000000000
125004  27.687  -47.052  51.040 0.0000000000
120458  25.757  -47.317  49.469 0.0000000000
31212  25.952  -47.481  49.143 0.0000000000
111218  25.114  -47.861  47.908 0.0000000000
49918  49.587  -26.712  46.708 0.0000000000
107843  49.794  -26.504  45.930 0.0000000000
49932  48.327  -26.915  45.498 0.0000000000
49994  47.613  -26.744  42.103 0.0000000000
27219  19.000  -52.298  61.552 0.0000000000
112605  19.338  -51.780  60.325 0.0000000000
27230  18.672  -51.860  60.627 0.0000000000
28155  14.788  -50.028  59.725 0.0000000000
28170  15.633  -50.166  58.963 0.0000000000
28169  16.598  -50.394  58.449 0.0000000000
29180  15.631  -49.636  57.429 0.0000000000
29208  15.451  -49.001  55.801 0.0000000000
30179  14.656  -48.643  56.289 0.0000000000
115574  57.775  -21.837  50.023 0.0000000000
52788  56.090  -23.417  49.661 0.0000000000
50906  55.189  -25.589  50.145 0.0000000000
49852  56.599  -27.837  51.151 0.0000000000
115086  55.161  -26.620  50.675 0.0000000000
48837  54.127  -28.520  52.252 0.0000000000
47884  54.227  -28.599  51.853 0.0000000000
47904  53.805  -29.043  51.677 0.0000000000
48874  51.651  -27.511  49.212 0.0000000000
47905  51.878  -29.075  50.751 0.0000000000
46949  49.873  -29.566  51.034 0.0000000000
47923  48.928  -28.901  49.453 0.0000000000
46984  48.244  -29.432  48.901 0.0000000000
46997  47.263  -29.430  47.781 0.0000000000
46985  47.553  -29.977  48.498 0.0000000000
47827  49.163  -27.912  56.431 0.0000000000
47840  49.601  -28.331  54.954 0.0000000000
109897  48.569  -28.423  54.766 0.0000000000
46047  45.162  -30.271  51.089 0.0000000000
46938  46.281  -29.348  51.335 0.0000000000
111904  45.395  -30.407  49.123 0.0000000000
46071  45.903  -30.247  48.468 0.0000000000
128775  44.436  -30.956  48.089 0.0000000000
45274  43.243  -31.454  46.158 0.0000000000
45247  43.910  -31.306  47.729 0.0000000000
43676  43.373  -33.569  47.832 0.0000000000
43685  42.924  -33.578  46.960 0.0000000000
42846  43.647  -35.132  46.658 0.0000000000
41910  44.173  -35.829  46.959 0.0000000000
45171  42.736  -31.598  56.607 0.0000000000
39844  47.915  -37.427  57.733 0.0000000000
42712  46.699  -35.186  58.449 0.0000000000
41787  48.264  -36.083  56.285 0.0000000000
41811  47.853  -36.472  53.325 0.0000000000
42769  47.169  -34.848  54.519 0.0000000000
42779  46.845  -34.700  53.219 0.0000000000
44401  45.380  -33.115  53.987 0.0000000000
43649  46.056  -34.008  52.627 0.0000000000
42792  45.667  -34.484  51.179 0.0000000000
42803  46.772  -35.724  51.069 0.0000000000
40017  45.905  -38.332  49.978 0.0000000000
40034  46.291  -38.213  49.594 0.0000000000
39112  45.627  -39.168  49.137 0.0000000000
129269  45.361  -39.456  48.134 0.0000000000
37250  44.438  -40.439  48.664 0.0000000000
38196  43.371  -40.123  48.755 0.0000000000
40071  41.832  -37.861  46.761 0.0000000000
39149  41.650  -38.625  46.612 0.0000000000
41862  39.736  -35.195  49.817 0.0000000000
42823  39.916  -34.845  48.895 0.0000000000
41869  39.295  -35.112  48.264 0.0000000000
41929  39.020  -35.159  45.282 0.0000000000
121620  36.458  -44.027  53.594 0.0000000000
34583  37.080  -42.994  52.813 0.0000000000
34584  36.280  -43.160  52.613 0.0000000000
36325  33.364  -41.404  49.746 0.0000000000
36305  34.572  -41.672  50.295 0.0000000000
37232  34.352  -40.720  49.199 0.0000000000
38199  34.504  -39.755  48.315 0.0000000000
37276  33.151  -40.179  48.070 0.0000000000
36361  28.766  -41.715  47.273 0.0000000000
36344  29.825  -41.685  48.424 0.0000000000
36374  29.226  -41.108  46.815 0.0000000000
114103  30.124  -39.823  45.106 0.0000000000
38260  32.311  -38.947  45.416 0.0000000000
51923  61.198  -24.249  46.882 0.0000000000
53726  61.348  -21.795  46.506 0.0000000000
50994  52.486  -25.468  44.104 0.0000000000
29108  25.702  -49.575  61.318 0.0000000000
109623  24.799  -49.809  60.310 0.0000000000
108961  24.726  -49.716  61.001 0.0000000000
28113  23.554  -49.981  61.368 0.0000000000
28114  22.923  -50.259  61.540 0.0000000000
115641  26.262  -49.378  62.021 0.0000000000
108904  39.117  -42.079  56.350 0.0000000000
116099  39.273  -40.150  56.444 0.0000000000
116699  40.207  -41.322  56.512 0.0000000000
122822  42.027  -41.246  57.106 0.0000000000
37131  44.040  -41.518  57.764 0.0000000000
36205  45.140  -41.325  57.173 0.0000000000
36218  44.452  -42.415  56.887 0.0000000000
36241  42.446  -41.186  55.036 0.0000000000
38125  40.785  -39.934  53.678 0.0000000000
39047  39.757  -39.155  53.079 0.0000000000
37176  40.178  -40.541  53.553 0.0000000000
37187  38.643  -40.406  52.690 0.0000000000
37188  37.810  -40.866  52.276 0.0000000000
33044  25.035  -45.389  45.926 0.0000000000
33852  25.495  -44.581  46.200 0.0000000000
33061  24.371  -45.613  44.261 0.0000000000
49884  57.345  -27.566  49.777 0.0000000000
50918  58.328  -26.175  48.939 0.0000000000
50937  56.404  -26.046  47.802 0.0000000000
108595  55.399  -25.589  46.963 0.0000000000
32968  24.553  -46.295  50.304 0.0000000000
32999  24.064  -45.984  48.784 0.0000000000
32969  23.935  -45.723  50.231 0.0000000000
32970  22.702  -45.618  50.791 0.0000000000
32960  21.722  -45.631  50.695 0.0000000000
31133  20.720  -47.509  55.593 0.0000000000
32044  20.158  -46.887  54.259 0.0000000000
31164  19.389  -47.343  53.912 0.0000000000
31180  18.578  -47.324  52.610 0.0000000000
30240  15.749  -48.587  52.190 0.0000000000
32870  35.574  -46.348  58.255 0.0000000000
31087  37.374  -47.754  58.160 0.0000000000
31109  37.286  -47.770  57.177 0.0000000000
116736  36.549  -48.471  57.931 0.0000000000
31112  34.420  -47.771  56.892 0.0000000000
31113  32.688  -47.643  57.123 0.0000000000
29189  28.635  -49.597  56.225 0.0000000000
29202  29.589  -49.588  55.605 0.0000000000
29213  28.080  -49.213  54.903 0.0000000000
30223  27.519  -48.597  53.203 0.0000000000
30247  27.176  -48.324  52.088 0.0000000000
31201  27.256  -47.592  51.007 0.0000000000
31191  26.895  -47.952  51.624 0.0000000000
32069  25.814  -46.972  51.223 0.0000000000
48923  46.793  -27.953  45.975 0.0000000000
49950  47.793  -27.142  44.803 0.0000000000
48936  46.433  -27.468  44.348 0.0000000000
47999  45.579  -27.625  42.527 0.0000000000
29125  13.495  -49.660  60.439 0.0000000000
29162  13.444  -49.175  58.994 0.0000000000
30180  13.796  -48.234  56.657 0.0000000000
30134  12.952  -48.723  58.413 0.0000000000
112567  53.027  -28.760  52.896 0.0000000000
46934  52.050  -29.619  52.147 0.0000000000
46922  52.132  -29.460  53.228 0.0000000000
46923  51.181  -29.587  53.044 0.0000000000
46924  50.148  -29.405  52.605 0.0000000000
47843  46.410  -28.271  55.212 0.0000000000
115828  46.696  -28.362  53.391 0.0000000000
47856  45.875  -28.784  53.576 0.0000000000
46926  45.585  -29.600  52.488 0.0000000000
46054  44.673  -30.754  50.481 0.0000000000
45248  43.558  -31.807  48.399 0.0000000000
45221  43.927  -31.781  50.222 0.0000000000
44464  43.725  -32.301  49.704 0.0000000000
43664  44.569  -34.135  49.443 0.0000000000
118667  45.414  -36.595  54.680 0.0000000000
40849  48.031  -36.734  55.339 0.0000000000
40857  46.350  -36.432  54.345 0.0000000000
40868  47.345  -36.730  53.333 0.0000000000
41831  47.344  -37.416  52.269 0.0000000000
40906  47.190  -37.802  51.500 0.0000000000
40907  46.495  -38.085  51.162 0.0000000000
39994  45.997  -38.225  50.491 0.0000000000
39101  44.107  -38.670  49.217 0.0000000000
39113  43.419  -39.198  48.772 0.0000000000
40942  43.495  -37.502  48.991 0.0000000000
40960  42.668  -37.073  48.192 0.0000000000
41911  41.405  -35.791  47.012 0.0000000000
40943  37.498  -36.459  48.077 0.0000000000
41891  38.397  -35.312  47.233 0.0000000000
40979  36.976  -35.891  46.611 0.0000000000
115928  36.876  -35.325  44.866 0.0000000000
41970  36.912  -35.246  43.175 0.0000000000
34566  34.425  -43.452  53.121 0.0000000000
35425  35.104  -42.833  51.998 0.0000000000
35427  33.116  -42.755  51.657 0.0000000000
35460  32.430  -42.024  50.312 0.0000000000
126273  32.175  -41.423  49.557 0.0000000000
37309  28.535  -40.569  45.231 0.0000000000
37320  27.729  -40.834  44.029 0.0000000000
54634  56.325  -21.658  45.862 0.0000000000
53730  57.010  -22.136  45.398 0.0000000000
52815  58.785  -22.681  45.186 0.0000000000
31115  25.979  -47.738  55.995 0.0000000000
31146  24.609  -46.809  54.471 0.0000000000
31116  24.226  -47.629  56.408 0.0000000000
31117  23.533  -47.627  56.539 0.0000000000
31118  22.725  -47.594  56.536 0.0000000000
29154  24.008  -49.132  59.145 0.0000000000
30132  22.788  -48.769  58.373 0.0000000000
30175  21.301  -48.092  56.891 0.0000000000
30176  20.401  -48.341  56.689 0.0000000000
30156  19.833  -49.060  57.107 0.0000000000
29178  18.630  -50.262  57.117 0.0000000000
29105  33.476  -49.949  61.280 0.0000000000
29132  33.470  -50.343  59.284 0.0000000000
28123  32.176  -50.554  60.443 0.0000000000
112902  30.970  -50.744  59.415 0.0000000000
28163  29.593  -50.455  58.665 0.0000000000
119657  28.638  -50.448  60.941 0.0000000000
108573  29.211  -50.472  59.336 0.0000000000
29150  28.577  -50.048  58.257 0.0000000000
30148  27.651  -49.159  57.205 0.0000000000
30170  26.815  -48.294  56.286 0.0000000000
46125  42.779  -30.687  44.143 0.0000000000
46156  42.326  -30.249  42.501 0.0000000000
45331  41.189  -31.350  41.776 0.0000000000
49771  49.669  -26.687  56.129 0.0000000000
47816  46.715  -27.724  56.997 0.0000000000
108667  45.840  -28.132  56.863 0.0000000000
47831  44.884  -28.888  55.695 0.0000000000
46898  44.508  -29.581  55.308 0.0000000000
39845  46.868  -37.653  58.624 0.0000000000
39001  47.539  -38.940  56.977 0.0000000000
37144  45.460  -40.815  56.991 0.0000000000
129234  45.742  -39.355  56.499 0.0000000000
39904  45.996  -37.397  55.915 0.0000000000
40859  43.746  -36.677  54.338 0.0000000000
109755  42.954  -35.611  53.279 0.0000000000
41835  41.645  -35.096  52.049 0.0000000000
42806  41.606  -34.773  50.509 0.0000000000
41823  40.902  -35.607  52.026 0.0000000000
41837  39.918  -35.935  51.022 0.0000000000
40910  38.672  -36.507  50.068 0.0000000000
39076  39.111  -38.075  51.958 0.0000000000
39976  38.725  -37.711  51.175 0.0000000000
40019  38.147  -36.974  49.817 0.0000000000
115394  37.204  -37.254  48.508 0.0000000000
40037  36.532  -37.754  48.100 0.0000000000
40051  35.522  -37.968  47.010 0.0000000000
33808  29.147  -43.962  50.903 0.0000000000
125736  29.918  -42.807  50.136 0.0000000000
34615  28.190  -43.218  48.859 0.0000000000
35496  27.588  -42.712  47.374 0.0000000000
35511  27.243  -42.332  46.549 0.0000000000
34645  25.777  -43.880  45.972 0.0000000000
35528  25.929  -42.938  44.793 0.0000000000
52785  59.709  -21.918  49.025 0.0000000000
53702  60.737  -21.017  47.683 0.0000000000
52796  60.083  -22.744  48.448 0.0000000000
51906  60.682  -24.524  47.851 0.0000000000
50934  60.720  -25.169  47.577 0.0000000000
51917  58.890  -25.301  48.410 0.0000000000
51925  59.729  -25.427  47.563 0.0000000000
32049  23.272  -46.316  53.593 0.0000000000
32061  22.086  -46.068  52.384 0.0000000000
32961  20.743  -45.728  51.006 0.0000000000
107912  20.230  -46.421  52.809 0.0000000000
32075  19.889  -45.839  51.264 0.0000000000
35365  37.825  -42.701  56.190 0.0000000000
108505  38.958  -43.148  56.583 0.0000000000
128223  40.443  -45.812  57.127 0.0000000000
32937  39.986  -45.682  55.513 0.0000000000
34544  39.150  -44.361  54.229 0.0000000000
112641  39.050  -45.172  54.741 0.0000000000
33775  37.628  -44.819  54.372 0.0000000000
33777  35.718  -44.535  54.371 0.0000000000
32029  35.965  -46.664  55.977 0.0000000000
32942  35.540  -45.189  54.956 0.0000000000
33778  34.805  -44.397  54.562 0.0000000000
33794  33.150  -44.075  53.986 0.0000000000
34568  32.348  -43.761  53.407 0.0000000000
33799  30.496  -44.221  52.882 0.0000000000
29169  33.102  -49.871  58.404 0.0000000000
30166  32.201  -48.422  57.291 0.0000000000
32020  31.591  -47.038  56.118 0.0000000000
30189  29.947  -49.120  55.159 0.0000000000
31127  30.565  -47.553  55.276 0.0000000000
32034  31.143  -46.729  55.500 0.0000000000
125561  30.422  -45.880  54.221 0.0000000000
32952  30.024  -44.942  53.150 0.0000000000
33804  29.566  -44.416  51.690 0.0000000000
33809  28.391  -44.748  50.498 0.0000000000
33810  27.776  -44.974  49.950 0.0000000000
32997  26.936  -45.402  48.893 0.0000000000
32097  26.614  -47.264  49.439 0.0000000000
32106  26.288  -46.905  48.379 0.0000000000
33016  25.667  -46.282  47.251 0.0000000000
32137  24.719  -47.261  46.642 0.0000000000
49901  51.547  -26.536  47.547 0.0000000000
50959  52.542  -26.024  46.650 0.0000000000
49916  51.245  -26.343  46.372 0.0000000000
49969  48.051  -26.787  43.820 0.0000000000
49968  48.556  -26.474  42.915 0.0000000000
47065  42.748  -29.794  40.960 0.0000000000
30065  22.792  -48.964  64.099 0.0000000000
29093  22.677  -49.793  63.180 0.0000000000
128372  21.739  -50.841  62.446 0.0000000000
27216  21.272  -51.358  62.826 0.0000000000
27228  20.707  -51.280  60.813 0.0000000000
28150  19.826  -51.152  59.283 0.0000000000
28167  18.605  -50.836  58.300 0.0000000000
28186  18.005  -50.416  56.903 0.0000000000
109551  17.428  -51.868  61.814 0.0000000000
28152  17.332  -50.796  58.993 0.0000000000
28182  16.804  -50.287  57.544 0.0000000000
28191  17.003  -50.076  55.762 0.0000000000
29217  16.184  -49.480  54.614 0.0000000000
54578  58.798  -20.799  49.678 0.0000000000
53676  59.311  -21.390  49.435 0.0000000000
121371  58.796  -24.426  49.431 0.0000000000
51896  58.306  -25.028  49.744 0.0000000000
53678  56.816  -22.110  50.232 0.0000000000
51897  57.891  -24.813  49.948 0.0000000000
49866  58.328  -26.952  50.547 0.0000000000
48869  56.927  -28.033  50.622 0.0000000000
49868  55.988  -27.907  50.176 0.0000000000
49870  54.382  -27.553  49.730 0.0000000000
48856  54.873  -27.865  51.242 0.0000000000
48872  54.387  -28.058  50.540 0.0000000000
111542  52.824  -26.589  48.552 0.0000000000
49887  51.454  -26.904  48.443 0.0000000000
48898  49.967  -27.186  48.029 0.0000000000
110956  49.363  -27.076  47.416 0.0000000000
47906  50.910  -29.267  50.621 0.0000000000
47934  49.400  -28.192  49.047 0.0000000000
48900  47.846  -27.758  47.132 0.0000000000
47954  46.960  -28.378  46.697 0.0000000000
47956  45.893  -28.836  46.305 0.0000000000
47016  45.204  -29.061  46.001 0.0000000000
48783  49.877  -28.085  55.289 0.0000000000
47867  49.660  -29.005  53.287 0.0000000000
125968  48.679  -29.282  51.313 0.0000000000
47869  47.389  -28.408  52.617 0.0000000000
46937  47.145  -29.261  51.057 0.0000000000
126908  47.501  -30.071  49.680 0.0000000000
46070  46.874  -30.320  48.510 0.0000000000
46100  45.218  -29.993  47.023 0.0000000000
46113  44.211  -30.194  45.916 0.0000000000
45303  42.879  -31.097  44.849 0.0000000000
44522  42.184  -32.682  44.774 0.0000000000
122696  43.014  -32.838  47.421 0.0000000000
43686  42.634  -33.368  46.097 0.0000000000
46887  43.578  -29.674  56.362 0.0000000000
46030  44.422  -31.047  54.540 0.0000000000
111356  44.448  -34.020  57.200 0.0000000000
42746  47.770  -35.600  55.510 0.0000000000
42760  46.085  -34.267  55.725 0.0000000000
43602  43.585  -33.278  56.587 0.0000000000
43617  44.516  -32.864  55.156 0.0000000000
44403  44.369  -32.221  54.710 0.0000000000
45191  44.976  -31.623  53.569 0.0000000000
118464  44.534  -32.969  51.685 0.0000000000
42804  45.350  -34.592  50.386 0.0000000000
41858  45.465  -35.723  49.042 0.0000000000
117170  47.168  -37.874  50.627 0.0000000000
120147  46.268  -36.977  49.520 0.0000000000
41885  44.725  -35.934  47.703 0.0000000000
40069  44.813  -37.694  47.378 0.0000000000
125545  42.827  -39.483  48.342 0.0000000000
37274  41.957  -41.061  48.287 0.0000000000
114986  41.352  -34.554  48.966 0.0000000000
41868  41.306  -34.813  48.232 0.0000000000
40978  41.088  -35.804  46.299 0.0000000000
124940  38.926  -34.853  46.228 0.0000000000
41001  39.747  -35.414  45.523 0.0000000000
35404  37.952  -43.074  53.400 0.0000000000
36273  37.029  -42.106  52.390 0.0000000000
108873  36.637  -40.851  51.142 0.0000000000
35445  35.541  -42.404  51.424 0.0000000000
36304  36.065  -41.239  50.587 0.0000000000
37215  36.376  -40.469  50.405 0.0000000000
38198  35.301  -39.714  48.694 0.0000000000
38223  35.052  -39.384  47.973 0.0000000000
39152  34.100  -38.453  46.289 0.0000000000
36328  30.208  -41.950  49.104 0.0000000000
107045  30.832  -41.450  48.797 0.0000000000
37258  31.341  -40.938  48.241 0.0000000000
121648  29.786  -40.590  46.302 0.0000000000
37297  30.730  -40.437  46.630 0.0000000000
37277  32.526  -40.181  47.618 0.0000000000
38247  32.818  -39.353  46.574 0.0000000000
39167  33.490  -38.534  45.852 0.0000000000
53712  61.120  -21.089  47.101 0.0000000000
52814  60.161  -22.474  45.541 0.0000000000
52829  59.426  -23.156  44.640 0.0000000000
107692  52.727  -25.740  45.853 0.0000000000
33772  41.290  -44.711  55.368 0.0000000000
115930  41.956  -44.510  55.700 0.0000000000
34541  41.830  -43.930  54.974 0.0000000000
35392  40.259  -42.948  54.046 0.0000000000
34543  39.750  -43.673  54.068 0.0000000000
50939  53.859  -25.832  47.971 0.0000000000
50940  53.164  -25.889  47.296 0.0000000000
31163  25.305  -46.877  53.774 0.0000000000
30195  18.173  -49.541  55.591 0.0000000000
29214  17.583  -49.538  54.920 0.0000000000
29215  17.134  -49.506  54.293 0.0000000000
29205  17.062  -49.824  54.962 0.0000000000
31067  33.316  -48.367  60.505 0.0000000000
31079  33.179  -47.596  60.172 0.0000000000
31078  33.911  -48.358  59.693 0.0000000000
31091  33.979  -47.594  59.292 0.0000000000
30113  34.872  -48.850  59.247 0.0000000000
116183  26.020  -47.399  53.385 0.0000000000
47024  44.293  -29.226  44.752 0.0000000000
47037  44.035  -28.981  43.895 0.0000000000
47038  43.479  -29.403  43.469 0.0000000000
49794  49.766  -26.775  55.347 0.0000000000
46916  45.175  -29.985  53.869 0.0000000000
46036  45.107  -30.596  53.756 0.0000000000
118072  44.997  -30.972  53.296 0.0000000000
41834  42.618  -35.175  51.696 0.0000000000
41849  43.279  -35.230  50.912 0.0000000000
123830  42.845  -35.060  50.314 0.0000000000
41860  42.835  -35.194  49.685 0.0000000000
42805  42.187  -34.824  50.067 0.0000000000
34593  30.695  -43.256  51.712 0.0000000000
125481  30.418  -43.071  51.079 0.0000000000
54595  58.457  -20.727  48.674 0.0000000000
54614  59.342  -20.854  47.755 0.0000000000
30129  25.510  -48.696  58.487 0.0000000000
129747  25.112  -49.692  59.746 0.0000000000
28130  22.619  -50.345  60.849 0.0000000000
28147  22.232  -50.244  60.119 0.0000000000
29140  20.963  -50.136  59.141 0.0000000000
28148  21.318  -50.428  59.847 0.0000000000
30059  30.630  -48.751  64.119 0.0000000000
29086  30.825  -50.187  63.025 0.0000000000
29087  29.862  -50.133  63.091 0.0000000000
108100  26.303  -50.101  60.275 0.0000000000
28128  27.087  -50.370  60.332 0.0000000000
29135  26.561  -50.096  59.765 0.0000000000
38085  43.108  -39.698  57.709 0.0000000000
39883  42.218  -38.066  56.840 0.0000000000
38980  43.032  -38.489  57.618 0.0000000000
39862  43.323  -37.745  57.825 0.0000000000
38065  44.796  -39.260  58.308 0.0000000000
38084  44.337  -39.994  57.954 0.0000000000
39034  41.763  -38.928  54.177 0.0000000000
114871  41.395  -38.466  53.847 0.0000000000
39926  41.942  -38.169  54.110 0.0000000000
39941  41.432  -37.904  53.742 0.0000000000
39942  40.780  -38.286  53.480 0.0000000000
38152  37.550  -39.577  51.394 0.0000000000
38177  36.894  -38.943  49.986 0.0000000000
38164  36.649  -39.702  50.258 0.0000000000
33826  26.647  -45.201  48.145 0.0000000000
33839  26.781  -44.411  47.801 0.0000000000
50917  58.513  -26.444  49.671 0.0000000000
127399  58.725  -25.927  49.280 0.0000000000
31239  24.435  -47.578  47.446 0.0000000000
122929  24.018  -46.651  47.975 0.0000000000
31148  21.839  -46.931  55.366 0.0000000000
32042  21.895  -46.669  54.593 0.0000000000
31149  21.233  -47.040  55.144 0.0000000000
107169  37.511  -46.609  57.883 0.0000000000
32911  37.631  -45.690  57.339 0.0000000000
32888  38.296  -46.605  57.501 0.0000000000
32887  38.854  -46.481  57.215 0.0000000000
32004  38.511  -47.008  57.138 0.0000000000
32930  32.449  -45.932  55.608 0.0000000000
32945  32.462  -45.395  54.985 0.0000000000
29171  30.384  -50.255  57.238 0.0000000000
110511  30.996  -50.249  57.542 0.0000000000
31176  28.437  -47.811  52.349 0.0000000000
32056  28.861  -46.952  52.675 0.0000000000
32068  28.095  -46.493  51.404 0.0000000000
31213  25.306  -47.495  48.701 0.0000000000
116069  24.794  -47.737  48.001 0.0000000000
31238  24.933  -47.935  47.405 0.0000000000
48910  48.857  -26.926  46.858 0.0000000000
49919  48.962  -26.720  46.153 0.0000000000
26338  19.395  -52.410  62.705 0.0000000000
107554  18.200  -52.162  61.553 0.0000000000
28171  14.819  -49.785  59.035 0.0000000000
29160  15.239  -49.725  58.293 0.0000000000
29196  15.231  -49.199  56.760 0.0000000000
53661  57.150  -20.887  50.858 0.0000000000
54546  56.500  -20.660  51.372 0.0000000000
52778  54.339  -23.391  50.298 0.0000000000
51899  55.549  -24.450  49.687 0.0000000000
47864  53.857  -28.795  52.529 0.0000000000
47885  54.070  -28.814  52.264 0.0000000000
110945  52.857  -29.103  50.900 0.0000000000
46933  52.843  -29.415  51.731 0.0000000000
46966  49.287  -29.352  50.253 0.0000000000
46967  48.460  -29.473  49.772 0.0000000000
46968  47.880  -29.945  49.270 0.0000000000
47828  48.338  -27.945  56.079 0.0000000000
47842  48.130  -28.193  55.358 0.0000000000
46053  45.367  -30.257  50.061 0.0000000000
46072  44.947  -30.598  48.434 0.0000000000
45232  44.127  -31.218  48.778 0.0000000000
42830  44.058  -34.548  47.968 0.0000000000
111494  43.512  -34.445  47.159 0.0000000000
41926  43.583  -35.780  46.324 0.0000000000
44374  42.678  -32.328  57.183 0.0000000000
39860  48.345  -37.405  56.730 0.0000000000
41776  48.295  -36.538  57.143 0.0000000000
39880  48.440  -37.156  56.009 0.0000000000
41818  48.051  -36.700  52.656 0.0000000000
111416  47.594  -35.756  53.082 0.0000000000
42784  47.192  -35.346  52.514 0.0000000000
42791  46.493  -34.850  51.797 0.0000000000
42790  47.650  -36.241  51.956 0.0000000000
39100  45.294  -38.992  49.469 0.0000000000
124125  45.237  -39.736  49.196 0.0000000000
38193  45.413  -39.784  49.012 0.0000000000
38194  44.947  -40.147  49.120 0.0000000000
38195  44.117  -40.499  48.849 0.0000000000
115429  41.682  -37.226  46.586 0.0000000000
39164  41.379  -37.699  46.182 0.0000000000
40924  38.983  -35.804  49.588 0.0000000000
109159  39.309  -35.314  49.078 0.0000000000
34564  36.038  -43.564  53.177 0.0000000000
34585  35.639  -43.211  52.524 0.0000000000
36326  32.686  -41.071  49.252 0.0000000000
37233  33.646  -40.879  49.195 0.0000000000
37256  33.901  -40.267  48.640 0.0000000000
36375  28.398  -41.386  46.479 0.0000000000
52805  61.627  -23.704  46.019 0.0000000000
115076  24.833  -49.435  61.583 0.0000000000
29109  24.031  -49.623  61.625 0.0000000000
28098  23.183  -49.921  62.121 0.0000000000
30074  25.906  -48.934  62.909 0.0000000000
29072  26.832  -49.334  62.839 0.0000000000
120743  26.598  -49.747  61.405 0.0000000000
35364  39.808  -42.989  56.679 0.0000000000
36221  39.960  -42.067  56.567 0.0000000000
35363  40.580  -42.964  56.796 0.0000000000
34498  42.839  -43.744  57.263 0.0000000000
36219  41.715  -42.132  57.132 0.0000000000
36209  42.688  -42.232  57.464 0.0000000000
111143  43.007  -41.402  57.552 0.0000000000
35346  43.839  -42.711  57.382 0.0000000000
35345  44.405  -42.378  57.203 0.0000000000
35375  43.702  -43.048  56.751 0.0000000000
36242  41.766  -41.744  54.686 0.0000000000
125861  41.735  -41.016  54.430 0.0000000000
37169  41.346  -40.523  54.042 0.0000000000
37170  40.816  -40.735  53.772 0.0000000000
115221  39.145  -41.796  53.398 0.0000000000
36258  39.029  -41.050  53.154 0.0000000000
33045  24.542  -46.040  45.233 0.0000000000
50920  56.456  -26.912  48.896 0.0000000000
111654  55.518  -26.228  48.104 0.0000000000
50957  54.526  -25.453  46.645 0.0000000000
50974  54.859  -25.322  45.824 0.0000000000
32084  25.101  -46.599  50.708 0.0000000000
32958  24.210  -45.969  51.057 0.0000000000
32959  23.305  -45.719  51.469 0.0000000000
126345  22.332  -45.507  50.075 0.0000000000
32072  22.373  -45.781  51.591 0.0000000000
31134  19.860  -47.686  55.423 0.0000000000
31151  19.563  -47.525  54.689 0.0000000000
30211  19.046  -48.168  55.178 0.0000000000
30225  17.966  -48.458  53.670 0.0000000000
31166  18.004  -48.150  53.052 0.0000000000
31181  17.803  -47.982  52.391 0.0000000000
31194  17.498  -47.823  51.676 0.0000000000
31195  16.802  -48.313  51.446 0.0000000000
30238  17.003  -48.546  52.315 0.0000000000
30239  16.330  -48.746  52.727 0.0000000000
115437  15.982  -48.759  52.985 0.0000000000
32872  33.095  -45.722  58.622 0.0000000000
31090  35.551  -47.808  58.988 0.0000000000
117330  34.951  -46.807  58.649 0.0000000000
31991  36.111  -47.271  58.648 0.0000000000
31990  36.975  -47.618  58.482 0.0000000000
31088  37.017  -48.103  58.325 0.0000000000
31099  37.158  -48.256  57.983 0.0000000000
30124  36.642  -48.338  58.237 0.0000000000
31101  34.772  -48.329  57.361 0.0000000000
31102  33.774  -48.018  57.218 0.0000000000
29204  28.107  -49.299  55.806 0.0000000000
30224  27.034  -48.364  53.352 0.0000000000
127822  27.443  -48.630  53.796 0.0000000000
124743  27.564  -48.485  52.584 0.0000000000
31177  26.769  -48.092  52.217 0.0000000000
32058  25.649  -46.872  52.108 0.0000000000
47961  46.098  -27.820  45.260 0.0000000000
108017  47.010  -27.520  45.048 0.0000000000
47970  45.586  -27.802  44.348 0.0000000000
48001  44.100  -28.548  42.364 0.0000000000
48000  44.829  -28.084  42.401 0.0000000000
48010  44.527  -28.345  41.421 0.0000000000
48009  45.357  -27.832  41.626 0.0000000000
29163  12.680  -48.939  59.243 0.0000000000
47866  52.609  -29.039  53.389 0.0000000000
119440  51.950  -29.096  53.982 0.0000000000
47851  51.050  -28.956  54.249 0.0000000000
46913  51.744  -29.303  53.861 0.0000000000
128119  45.921  -28.333  55.608 0.0000000000
47855  46.154  -28.448  54.296 0.0000000000
46906  45.381  -29.153  54.210 0.0000000000
46927  45.287  -30.267  53.027 0.0000000000
46041  45.139  -30.249  51.991 0.0000000000
110507  44.226  -31.288  49.856 0.0000000000
45220  44.258  -31.339  50.834 0.0000000000
44440  44.003  -31.983  51.175 0.0000000000
44453  43.921  -32.341  50.474 0.0000000000
43665  43.841  -33.134  49.217 0.0000000000
43658  44.291  -33.269  50.167 0.0000000000
41804  44.999  -36.363  54.099 0.0000000000
41819  46.532  -36.664  52.923 0.0000000000
40880  47.777  -37.205  52.769 0.0000000000
40894  46.686  -37.617  51.737 0.0000000000
40018  44.903  -38.216  49.619 0.0000000000
41867  42.609  -35.528  48.885 0.0000000000
40961  42.025  -36.263  47.595 0.0000000000
40962  37.249  -36.216  47.344 0.0000000000
41955  36.260  -35.527  44.115 0.0000000000
41954  37.257  -35.167  43.989 0.0000000000
34567  33.385  -43.588  53.295 0.0000000000
34587  33.589  -43.153  52.426 0.0000000000
128989  32.945  -43.081  52.199 0.0000000000
35448  32.768  -42.346  50.846 0.0000000000
36307  32.582  -41.610  49.861 0.0000000000
36308  31.828  -41.820  49.917 0.0000000000
53714  58.674  -21.611  46.733 0.0000000000
53729  58.091  -22.304  45.793 0.0000000000
52816  57.578  -22.713  44.910 0.0000000000
110969  24.827  -47.498  55.804 0.0000000000
30172  24.958  -47.789  56.770 0.0000000000
30130  24.475  -48.551  58.322 0.0000000000
31104  24.012  -47.906  56.992 0.0000000000
30173  23.153  -48.011  57.179 0.0000000000
29137  24.382  -49.648  59.754 0.0000000000
29138  23.587  -49.704  59.719 0.0000000000
29156  22.324  -49.308  58.941 0.0000000000
30153  22.507  -48.389  57.696 0.0000000000
30154  21.636  -48.466  57.566 0.0000000000
30155  20.717  -48.677  57.388 0.0000000000
29176  20.184  -49.386  57.827 0.0000000000
29177  19.378  -49.867  57.476 0.0000000000
29191  19.052  -49.621  56.737 0.0000000000
29066  32.137  -49.445  63.204 0.0000000000
30057  32.249  -48.384  63.262 0.0000000000
30073  32.611  -49.243  62.737 0.0000000000
30085  33.155  -49.533  61.989 0.0000000000
28106  33.237  -50.278  60.828 0.0000000000
29106  33.089  -50.189  61.847 0.0000000000
28109  30.708  -50.545  61.363 0.0000000000
28108  31.463  -50.624  60.901 0.0000000000
127139  30.439  -50.710  59.919 0.0000000000
28143  30.076  -50.592  59.222 0.0000000000
29088  28.550  -49.981  62.491 0.0000000000
120008  28.795  -50.253  61.729 0.0000000000
120917  28.608  -50.617  60.061 0.0000000000
29133  28.407  -50.317  59.283 0.0000000000
28164  29.015  -50.342  58.747 0.0000000000
29173  28.118  -49.551  57.670 0.0000000000
30150  26.041  -48.384  57.808 0.0000000000
30149  26.878  -48.689  57.295 0.0000000000
46141  41.970  -30.792  42.975 0.0000000000
47795  46.204  -27.822  57.455 0.0000000000
108003  44.945  -28.597  56.656 0.0000000000
46886  44.303  -29.303  56.097 0.0000000000
38101  39.753  -39.647  56.395 0.0000000000
38958  46.343  -38.733  58.485 0.0000000000
38957  47.339  -38.543  57.765 0.0000000000
38978  47.440  -39.063  57.177 0.0000000000
36230  44.811  -41.649  56.769 0.0000000000
37145  45.071  -40.872  56.684 0.0000000000
39905  44.141  -38.445  55.400 0.0000000000
39020  44.867  -39.050  56.066 0.0000000000
120275  45.817  -38.569  56.307 0.0000000000
123185  44.816  -37.838  55.550 0.0000000000
39923  44.241  -37.203  54.826 0.0000000000
114239  43.454  -37.471  54.615 0.0000000000
40870  42.386  -36.233  53.734 0.0000000000
41814  42.068  -35.730  53.201 0.0000000000
41822  42.302  -35.336  52.605 0.0000000000
40881  41.530  -35.680  52.647 0.0000000000
42795  41.139  -35.070  51.526 0.0000000000
40883  39.875  -36.920  51.757 0.0000000000
40895  40.241  -36.264  51.655 0.0000000000
40896  39.632  -36.555  51.202 0.0000000000
40909  39.373  -35.994  50.460 0.0000000000
39995  39.010  -36.871  50.816 0.0000000000
39061  39.282  -38.787  52.597 0.0000000000
39086  38.099  -38.084  50.792 0.0000000000
39996  38.393  -37.285  50.455 0.0000000000
40020  37.640  -37.208  49.277 0.0000000000
127690  37.210  -37.637  49.031 0.0000000000
39129  35.845  -38.238  47.765 0.0000000000
34598  28.603  -43.893  50.203 0.0000000000
34605  29.166  -43.218  50.086 0.0000000000
34606  28.435  -43.532  49.558 0.0000000000
34616  27.241  -43.581  47.766 0.0000000000
35483  27.911  -42.983  48.149 0.0000000000
35512  26.611  -42.703  46.121 0.0000000000
33863  25.306  -44.403  45.495 0.0000000000
33875  25.200  -44.218  44.567 0.0000000000
35527  26.409  -42.462  45.274 0.0000000000
51915  60.249  -25.235  48.192 0.0000000000
51924  60.279  -25.403  47.881 0.0000000000
50936  57.275  -25.809  48.123 0.0000000000
50935  57.787  -25.010  47.931 0.0000000000
51926  58.442  -24.855  47.548 0.0000000000
33000  23.288  -45.659  48.406 0.0000000000
33017  22.954  -45.877  47.495 0.0000000000
31147  23.755  -46.646  54.828 0.0000000000
32040  23.785  -46.505  54.186 0.0000000000
32041  22.959  -46.512  54.524 0.0000000000
122414  21.823  -46.375  53.071 0.0000000000
32073  21.443  -45.911  51.690 0.0000000000
32053  19.943  -46.737  53.602 0.0000000000
32063  19.336  -46.631  52.360 0.0000000000
125955  18.819  -45.813  49.676 0.0000000000
32085  19.142  -45.927  50.533 0.0000000000
34516  36.722  -43.734  56.568 0.0000000000
107887  36.873  -42.787  56.384 0.0000000000
34514  38.424  -43.847  56.593 0.0000000000
32908  39.890  -46.181  56.843 0.0000000000
123748  40.499  -45.903  56.800 0.0000000000
32922  40.503  -45.722  56.127 0.0000000000
33773  39.627  -45.076  54.937 0.0000000000
32938  39.401  -45.811  55.287 0.0000000000
32940  37.412  -45.548  54.951 0.0000000000
33776  36.649  -44.633  54.226 0.0000000000
32941  36.414  -45.292  54.812 0.0000000000
32016  36.664  -47.379  56.525 0.0000000000
32943  34.541  -45.076  55.127 0.0000000000
32927  35.250  -45.829  55.549 0.0000000000
33793  34.120  -43.847  54.017 0.0000000000
33781  31.797  -44.842  54.303 0.0000000000
120545  32.385  -44.323  53.982 0.0000000000
33795  31.718  -44.247  53.757 0.0000000000
33798  31.332  -43.895  53.209 0.0000000000
29148  33.202  -50.358  58.852 0.0000000000
30147  31.866  -49.264  57.465 0.0000000000
31114  31.659  -47.849  56.512 0.0000000000
30190  29.183  -49.371  54.904 0.0000000000
30206  29.492  -48.887  54.528 0.0000000000
32039  29.579  -47.246  53.838 0.0000000000
118335  30.060  -47.429  54.607 0.0000000000
123649  30.534  -46.852  54.927 0.0000000000
32037  30.847  -46.014  54.856 0.0000000000
32953  29.630  -45.391  52.598 0.0000000000
33800  29.827  -44.663  52.436 0.0000000000
33805  28.976  -45.004  51.291 0.0000000000
32967  27.748  -45.567  50.399 0.0000000000
32982  27.265  -45.722  49.703 0.0000000000
32083  26.919  -47.333  50.196 0.0000000000
31224  25.713  -47.494  48.478 0.0000000000
115556  26.341  -47.304  48.870 0.0000000000
33030  25.137  -46.385  46.639 0.0000000000
32136  25.164  -47.473  47.132 0.0000000000
118665  51.404  -26.431  46.947 0.0000000000
107837  50.040  -26.345  45.065 0.0000000000
48935  47.234  -27.189  44.206 0.0000000000
122620  47.359  -26.890  43.428 0.0000000000
108218  48.234  -26.572  42.254 0.0000000000
49993  48.944  -26.442  42.043 0.0000000000
46167  41.669  -30.786  41.254 0.0000000000
47053  42.742  -29.654  41.982 0.0000000000
112529  42.158  -30.381  40.848 0.0000000000
30048  23.274  -48.111  64.352 0.0000000000
29075  22.166  -49.661  63.827 0.0000000000
28084  21.805  -50.199  63.728 0.0000000000
28099  22.279  -50.337  62.605 0.0000000000
28100  21.629  -50.793  63.407 0.0000000000
27217  20.506  -51.689  61.845 0.0000000000
27227  21.350  -51.132  61.705 0.0000000000
27236  20.256  -51.399  59.976 0.0000000000
27238  18.849  -51.564  59.708 0.0000000000
27245  19.087  -51.284  59.036 0.0000000000
28180  18.232  -50.546  57.563 0.0000000000
28168  17.892  -50.678  58.038 0.0000000000
27222  15.910  -51.116  61.601 0.0000000000
27221  16.605  -51.610  62.204 0.0000000000
27232  16.804  -51.390  61.159 0.0000000000
27240  17.075  -51.093  60.130 0.0000000000
29179  16.368  -49.893  57.074 0.0000000000
28188  16.950  -50.180  56.675 0.0000000000
29206  16.590  -49.725  55.131 0.0000000000
29207  16.061  -49.473  55.376 0.0000000000
30196  15.673  -49.142  54.944 0.0000000000
119669  57.484  -20.643  49.487 0.0000000000
54562  59.012  -20.915  49.656 0.0000000000
53677  58.631  -21.704  49.671 0.0000000000
121006  58.253  -23.421  49.554 0.0000000000
53662  56.353  -21.315  51.329 0.0000000000
53679  55.847  -22.451  50.391 0.0000000000
50905  56.403  -25.833  50.328 0.0000000000
51898  56.686  -24.562  49.700 0.0000000000
50904  57.653  -26.130  50.609 0.0000000000
50888  57.954  -27.047  51.137 0.0000000000
49867  57.803  -27.613  50.567 0.0000000000
49851  57.350  -27.580  51.210 0.0000000000
48870  56.206  -28.012  51.033 0.0000000000
49869  54.954  -27.318  49.439 0.0000000000
110220  54.920  -27.298  51.001 0.0000000000
48836  54.571  -28.118  51.645 0.0000000000
48857  54.147  -28.596  51.201 0.0000000000
48873  53.623  -28.168  50.351 0.0000000000
49871  53.410  -27.392  49.483 0.0000000000
48886  52.306  -27.034  48.974 0.0000000000
123646  51.065  -27.923  49.435 0.0000000000
124373  50.672  -27.361  48.727 0.0000000000
48887  49.850  -27.640  48.678 0.0000000000
46947  51.715  -29.453  51.342 0.0000000000
128806  49.101  -27.686  48.167 0.0000000000
47945  48.190  -28.155  47.796 0.0000000000
110429  47.372  -27.831  46.552 0.0000000000
47946  47.441  -28.523  47.333 0.0000000000
47947  46.821  -28.943  47.155 0.0000000000
47010  46.254  -29.217  46.898 0.0000000000
47011  45.586  -29.429  46.644 0.0000000000
48766  49.634  -27.720  56.134 0.0000000000
47826  49.539  -28.011  55.946 0.0000000000
47853  49.101  -28.646  54.011 0.0000000000
120513  49.085  -29.040  52.175 0.0000000000
122792  46.565  -28.644  52.529 0.0000000000
46952  46.600  -29.735  50.564 0.0000000000
46951  47.358  -29.761  50.324 0.0000000000
46058  47.282  -30.375  49.126 0.0000000000
46086  44.692  -30.614  47.500 0.0000000000
46085  45.554  -30.201  47.726 0.0000000000
47012  44.837  -29.689  46.339 0.0000000000
46114  43.462  -30.781  45.514 0.0000000000
45288  42.836  -31.629  45.504 0.0000000000
44507  42.491  -32.552  45.447 0.0000000000
43692  42.327  -33.461  45.347 0.0000000000
42847  43.048  -34.422  46.417 0.0000000000
42864  42.641  -34.410  45.720 0.0000000000
42885  42.379  -34.897  45.105 0.0000000000
45179  42.909  -30.894  56.175 0.0000000000
46016  43.288  -30.346  55.998 0.0000000000
46023  43.573  -30.872  55.307 0.0000000000
42729  46.848  -35.193  57.366 0.0000000000
42713  46.157  -34.665  58.956 0.0000000000
42731  45.207  -34.532  58.145 0.0000000000
43585  44.400  -34.119  58.549 0.0000000000
42749  45.342  -34.446  57.270 0.0000000000
40855  47.733  -36.235  54.948 0.0000000000
41796  47.796  -35.892  54.945 0.0000000000
42770  46.362  -34.256  54.797 0.0000000000
42759  47.092  -34.797  55.270 0.0000000000
43601  45.238  -34.041  56.413 0.0000000000
43616  45.194  -33.552  55.516 0.0000000000
43618  43.838  -32.876  55.788 0.0000000000
44402  44.897  -32.607  54.383 0.0000000000
44415  45.105  -32.373  53.743 0.0000000000
45183  44.772  -31.790  54.230 0.0000000000
44429  44.964  -32.247  53.008 0.0000000000
43650  45.009  -33.048  52.458 0.0000000000
42814  45.485  -35.161  49.585 0.0000000000
40958  46.109  -38.130  48.790 0.0000000000
40940  46.016  -37.438  48.978 0.0000000000
40941  45.388  -36.266  48.539 0.0000000000
40959  45.435  -37.471  48.137 0.0000000000
40975  44.694  -36.654  47.452 0.0000000000
38221  44.471  -40.379  47.916 0.0000000000
38245  41.701  -39.787  47.100 0.0000000000
115354  40.995  -34.601  50.240 0.0000000000
42816  41.469  -34.606  49.772 0.0000000000
41861  40.632  -34.629  49.514 0.0000000000
110993  40.030  -34.749  48.126 0.0000000000
42822  40.643  -34.630  48.542 0.0000000000
41889  40.557  -34.823  47.623 0.0000000000
41912  40.834  -35.231  46.863 0.0000000000
42850  38.269  -35.011  46.395 0.0000000000
42832  38.990  -34.991  46.848 0.0000000000
41951  39.161  -35.576  44.612 0.0000000000
34562  38.267  -43.964  53.734 0.0000000000
34561  38.861  -43.393  53.694 0.0000000000
35423  36.412  -42.577  52.233 0.0000000000
36288  37.022  -41.355  51.874 0.0000000000
36289  36.322  -41.648  51.319 0.0000000000
35446  34.827  -42.445  51.369 0.0000000000
115826  35.349  -41.412  50.275 0.0000000000
37216  35.767  -40.688  49.872 0.0000000000
38179  35.814  -39.931  49.380 0.0000000000
37254  35.330  -40.346  49.289 0.0000000000
38200  33.803  -39.723  47.887 0.0000000000
38224  34.432  -39.336  47.616 0.0000000000
39131  34.280  -38.873  46.977 0.0000000000
35473  29.664  -42.564  49.555 0.0000000000
36359  30.393  -41.161  48.096 0.0000000000
129842  30.319  -41.558  48.616 0.0000000000
37279  31.001  -40.734  47.415 0.0000000000
37298  28.874  -40.797  46.003 0.0000000000
37308  29.443  -40.273  45.371 0.0000000000
110743  30.969  -39.509  45.274 0.0000000000
37307  30.455  -40.127  45.788 0.0000000000
37296  31.452  -40.292  46.937 0.0000000000
38226  32.193  -39.843  46.915 0.0000000000
38248  32.242  -39.367  46.119 0.0000000000
39180  32.230  -38.538  44.684 0.0000000000
53701  60.611  -22.138  47.827 0.0000000000
53711  61.270  -21.516  47.012 0.0000000000
116189  61.317  -22.299  45.889 0.0000000000
50960  52.026  -26.160  46.037 0.0000000000
30075  24.972  -48.653  62.960 0.0000000000
33718  41.500  -44.794  57.027 0.0000000000
34511  41.161  -43.916  56.927 0.0000000000
124046  41.745  -44.721  56.781 0.0000000000
33736  42.238  -44.371  56.473 0.0000000000
34526  43.040  -43.751  56.467 0.0000000000
35376  43.150  -42.824  55.981 0.0000000000
35377  42.515  -43.329  55.507 0.0000000000
35390  41.779  -42.713  54.899 0.0000000000
36244  40.679  -42.107  54.056 0.0000000000
36256  40.429  -41.304  53.755 0.0000000000
36257  39.942  -41.992  53.720 0.0000000000
32059  24.666  -46.424  52.507 0.0000000000
32060  23.668  -46.081  52.850 0.0000000000
30194  18.814  -48.800  55.696 0.0000000000
30226  17.302  -49.033  53.632 0.0000000000
29221  16.717  -49.320  53.828 0.0000000000
31994  32.862  -46.194  59.284 0.0000000000
31992  33.534  -46.707  58.873 0.0000000000
121703  34.543  -47.439  59.004 0.0000000000
30112  35.584  -48.374  58.952 0.0000000000
30125  35.965  -48.397  58.541 0.0000000000
30126  35.222  -48.783  58.932 0.0000000000
30127  34.594  -49.264  58.746 0.0000000000
30210  27.008  -48.189  54.890 0.0000000000
30209  27.544  -48.755  54.479 0.0000000000
31161  26.637  -48.024  52.936 0.0000000000
47971  44.749  -28.393  44.334 0.0000000000
29126  12.901  -49.338  60.593 0.0000000000
47839  50.280  -28.374  54.521 0.0000000000
47845  44.975  -29.171  54.966 0.0000000000
127755  44.185  -32.414  51.511 0.0000000000
41821  43.896  -35.531  53.108 0.0000000000
41813  44.448  -35.933  53.559 0.0000000000
110892  44.295  -35.594  52.526 0.0000000000
41847  45.434  -36.650  51.442 0.0000000000
41848  44.192  -35.823  50.945 0.0000000000
41859  43.575  -36.012  49.611 0.0000000000
41866  43.211  -36.506  48.960 0.0000000000
124395  41.882  -34.905  48.668 0.0000000000
34589  31.870  -43.392  52.664 0.0000000000
35428  32.382  -43.048  52.086 0.0000000000
35461  31.119  -42.259  50.294 0.0000000000
114247  56.350  -21.302  46.968 0.0000000000
30151  25.221  -48.199  57.658 0.0000000000
29157  21.457  -49.489  58.706 0.0000000000
29175  21.064  -49.061  58.075 0.0000000000
28165  20.136  -50.476  58.881 0.0000000000
30058  31.524  -48.645  63.739 0.0000000000
29085  31.887  -50.136  62.960 0.0000000000
28094  32.263  -50.375  62.226 0.0000000000
28095  31.290  -50.470  62.325 0.0000000000
28127  27.836  -50.583  60.647 0.0000000000
29134  27.469  -50.207  59.533 0.0000000000
30128  26.483  -48.910  58.360 0.0000000000
38099  41.395  -39.562  56.591 0.0000000000
39004  41.743  -38.753  56.706 0.0000000000
39864  41.793  -37.286  56.962 0.0000000000
39846  43.903  -37.609  58.513 0.0000000000
40828  44.342  -37.017  59.194 0.0000000000
38960  44.642  -38.335  58.475 0.0000000000
38959  45.433  -38.742  58.517 0.0000000000
38064  45.808  -39.466  58.252 0.0000000000
37161  42.810  -40.250  54.989 0.0000000000
115890  43.685  -40.131  55.436 0.0000000000
38111  43.127  -39.390  54.893 0.0000000000
39033  43.380  -38.412  54.884 0.0000000000
39925  42.708  -37.834  54.347 0.0000000000
39940  41.944  -37.223  53.927 0.0000000000
124198  40.909  -36.333  52.553 0.0000000000
40872  40.789  -36.947  52.903 0.0000000000
39957  39.796  -37.513  52.131 0.0000000000
39062  38.643  -38.701  52.138 0.0000000000
38151  38.091  -39.078  51.847 0.0000000000
39078  37.812  -38.814  51.104 0.0000000000
39087  37.516  -38.490  50.376 0.0000000000
39102  37.186  -38.093  49.568 0.0000000000
39103  36.587  -38.724  49.227 0.0000000000
38197  35.986  -39.225  48.909 0.0000000000
34644  26.308  -43.486  46.443 0.0000000000
51895  59.301  -24.453  49.111 0.0000000000
32035  22.452  -46.721  55.203 0.0000000000
129719  21.109  -46.466  53.154 0.0000000000
32064  18.771  -46.816  51.909 0.0000000000
32076  18.466  -46.623  51.123 0.0000000000
32086  18.278  -46.260  50.134 0.0000000000
124309  35.861  -44.686  57.249 0.0000000000
33741  37.734  -44.694  56.707 0.0000000000
33740  38.793  -45.024  56.839 0.0000000000
32013  39.165  -46.480  56.915 0.0000000000
32026  39.290  -46.492  56.335 0.0000000000
112080  39.101  -46.334  55.613 0.0000000000
122838  38.711  -46.629  55.975 0.0000000000
32925  37.361  -46.254  55.543 0.0000000000
32018  34.626  -47.191  56.513 0.0000000000
32030  34.932  -46.524  56.032 0.0000000000
32944  33.547  -45.191  55.064 0.0000000000
28175  31.289  -50.367  58.195 0.0000000000
29149  32.232  -50.179  58.485 0.0000000000
29186  31.028  -49.799  56.928 0.0000000000
110087  30.703  -49.381  56.211 0.0000000000
30221  28.593  -48.851  53.600 0.0000000000
115988  29.178  -48.778  53.957 0.0000000000
31160  29.148  -48.232  53.549 0.0000000000
32046  29.949  -46.286  53.691 0.0000000000
32047  29.412  -46.668  53.131 0.0000000000
32954  29.259  -46.123  52.441 0.0000000000
32957  28.735  -45.860  51.754 0.0000000000
32081  27.691  -46.283  50.812 0.0000000000
31237  25.062  -47.929  47.418 0.0000000000
49903  50.155  -26.767  47.279 0.0000000000
49917  50.389  -26.514  46.522 0.0000000000
49931  49.213  -26.618  45.285 0.0000000000
49949  48.653  -26.753  44.596 0.0000000000
48978  46.075  -27.424  41.787 0.0000000000
49995  47.076  -26.859  42.723 0.0000000000
48977  46.884  -27.063  41.862 0.0000000000
27218  19.714  -52.119  61.595 0.0000000000
121362  19.381  -51.999  60.893 0.0000000000
27239  17.999  -51.393  59.815 0.0000000000
28117  14.366  -50.404  61.541 0.0000000000
28154  15.468  -50.453  60.024 0.0000000000
28153  16.382  -50.614  59.478 0.0000000000
28183  16.071  -50.026  57.945 0.0000000000
113422  15.939  -49.579  56.703 0.0000000000
29195  15.875  -49.350  56.149 0.0000000000
125814  58.072  -20.783  50.216 0.0000000000
117239  57.118  -20.594  50.840 0.0000000000
52789  55.141  -23.489  49.802 0.0000000000
50890  56.058  -26.865  50.876 0.0000000000
49853  55.727  -27.886  51.116 0.0000000000
110091  54.060  -27.873  52.078 0.0000000000
47921  53.260  -28.637  50.611 0.0000000000
123419  52.037  -28.389  50.059 0.0000000000
47922  50.984  -28.654  49.956 0.0000000000
47907  50.155  -29.409  50.632 0.0000000000
47936  47.899  -29.107  48.127 0.0000000000
126565  47.008  -29.957  48.038 0.0000000000
47841  49.073  -28.230  55.698 0.0000000000
47854  47.877  -28.243  53.623 0.0000000000
46939  45.610  -29.719  51.652 0.0000000000
46953  45.784  -29.833  50.811 0.0000000000
123349  46.142  -30.012  50.094 0.0000000000
46059  46.357  -30.316  49.245 0.0000000000
46102  43.855  -30.837  46.346 0.0000000000
46087  44.171  -30.949  46.988 0.0000000000
45259  43.557  -31.442  46.873 0.0000000000
116721  43.038  -31.918  46.684 0.0000000000
114991  43.536  -33.050  48.514 0.0000000000
42863  43.154  -35.129  46.072 0.0000000000
41927  43.094  -35.788  45.745 0.0000000000
40997  43.420  -36.339  46.009 0.0000000000
45995  42.476  -30.905  57.122 0.0000000000
40837  47.568  -36.402  58.128 0.0000000000
41765  47.009  -35.766  58.839 0.0000000000
41777  47.403  -35.819  57.838 0.0000000000
41788  47.804  -35.721  57.010 0.0000000000
41810  47.592  -36.124  53.997 0.0000000000
42768  47.574  -35.594  54.431 0.0000000000
42778  47.416  -35.419  53.783 0.0000000000
43632  46.608  -34.369  54.000 0.0000000000
43633  45.840  -33.694  54.335 0.0000000000
43643  45.985  -33.764  53.541 0.0000000000
43653  45.361  -33.813  51.799 0.0000000000
40016  46.428  -38.285  50.385 0.0000000000
39099  46.009  -38.581  49.662 0.0000000000
114649  46.033  -38.622  49.032 0.0000000000
39125  45.608  -39.269  48.595 0.0000000000
39126  45.292  -38.857  47.762 0.0000000000
38220  45.179  -39.945  48.556 0.0000000000
37273  42.736  -41.125  48.754 0.0000000000
39148  42.181  -38.365  47.140 0.0000000000
42831  39.686  -34.841  47.344 0.0000000000
42868  37.971  -34.892  45.258 0.0000000000
42867  38.518  -34.885  45.653 0.0000000000
41952  38.427  -35.098  44.762 0.0000000000
33790  37.102  -44.237  53.689 0.0000000000
112686  37.447  -43.699  53.445 0.0000000000
34563  36.716  -43.614  53.216 0.0000000000
35424  35.853  -42.793  52.011 0.0000000000
114372  33.861  -41.710  50.171 0.0000000000
36324  34.275  -41.235  49.702 0.0000000000
37255  34.774  -40.316  48.932 0.0000000000
36345  29.126  -42.050  48.052 0.0000000000
36360  29.561  -41.383  47.670 0.0000000000
38262  29.439  -39.694  44.521 0.0000000000
38261  31.738  -39.329  45.610 0.0000000000
52806  61.429  -22.558  46.430 0.0000000000
50995  51.614  -25.765  44.485 0.0000000000
50976  52.204  -25.743  45.191 0.0000000000
29121  25.627  -49.816  60.618 0.0000000000
29122  24.200  -49.845  60.715 0.0000000000
124126  24.006  -49.877  61.064 0.0000000000
28129  23.535  -50.101  60.850 0.0000000000
29089  27.738  -49.666  62.669 0.0000000000
29107  27.133  -49.704  61.884 0.0000000000
29120  26.446  -49.930  60.870 0.0000000000
123302  38.425  -41.262  56.379 0.0000000000
37148  39.345  -41.061  56.353 0.0000000000
37147  40.035  -40.524  56.401 0.0000000000
116290  40.687  -40.073  56.441 0.0000000000
36220  40.798  -42.085  56.791 0.0000000000
37146  40.978  -41.065  56.674 0.0000000000
127281  41.470  -40.411  56.678 0.0000000000
38098  42.350  -40.337  57.196 0.0000000000
118534  43.976  -40.610  57.863 0.0000000000
37130  44.733  -40.922  57.706 0.0000000000
36206  44.588  -41.773  57.401 0.0000000000
36217  44.913  -41.924  57.009 0.0000000000
36231  43.958  -41.688  56.236 0.0000000000
36232  43.189  -41.870  55.702 0.0000000000
37160  43.395  -40.993  55.565 0.0000000000
37168  41.992  -40.349  54.535 0.0000000000
38124  41.533  -39.715  54.106 0.0000000000
39046  40.397  -39.117  53.405 0.0000000000
38134  39.962  -39.784  53.344 0.0000000000
38141  39.235  -39.630  52.971 0.0000000000
37177  39.417  -40.407  53.249 0.0000000000
37200  37.342  -40.451  51.601 0.0000000000
33841  25.544  -45.263  46.729 0.0000000000
33864  24.736  -44.985  44.915 0.0000000000
109257  24.180  -46.267  43.689 0.0000000000
33078  24.614  -45.514  43.290 0.0000000000
50919  57.359  -26.653  48.941 0.0000000000
127291  56.121  -25.599  46.908 0.0000000000
50956  55.976  -25.355  46.131 0.0000000000
32984  24.380  -46.165  49.558 0.0000000000
32985  23.585  -45.637  49.367 0.0000000000
120024  23.116  -45.527  50.074 0.0000000000
32986  22.565  -45.384  49.165 0.0000000000
32971  21.639  -45.366  49.592 0.0000000000
31150  20.454  -47.213  54.944 0.0000000000
31165  18.629  -47.685  53.464 0.0000000000
31193  18.166  -47.270  51.840 0.0000000000
122761  17.807  -47.139  51.235 0.0000000000
124946  16.347  -48.573  51.995 0.0000000000
32871  33.867  -46.110  58.455 0.0000000000
32891  34.573  -45.696  58.088 0.0000000000
32890  35.454  -45.391  57.652 0.0000000000
32006  36.638  -46.654  58.206 0.0000000000
122431  37.417  -47.252  58.279 0.0000000000
31098  37.532  -47.704  57.657 0.0000000000
31110  36.340  -47.984  57.207 0.0000000000
30143  36.150  -48.564  58.142 0.0000000000
31100  35.770  -48.410  57.614 0.0000000000
31111  35.250  -47.905  56.934 0.0000000000
112074  33.526  -47.100  56.733 0.0000000000
32019  32.337  -46.963  56.530 0.0000000000
29188  29.266  -49.820  56.260 0.0000000000
29203  28.762  -49.494  55.448 0.0000000000
29212  28.563  -49.296  54.655 0.0000000000
30208  28.045  -49.096  53.935 0.0000000000
125281  28.032  -48.733  53.104 0.0000000000
30235  28.125  -48.381  52.535 0.0000000000
30236  27.793  -48.237  52.035 0.0000000000
31190  27.343  -48.066  51.640 0.0000000000
31192  26.513  -47.413  50.870 0.0000000000
31178  26.404  -47.546  51.734 0.0000000000
31202  25.833  -47.122  50.286 0.0000000000
31203  25.196  -46.869  49.674 0.0000000000
48922  47.491  -27.356  45.726 0.0000000000
48957  45.912  -27.466  43.494 0.0000000000
47984  45.142  -27.924  43.411 0.0000000000
28135  13.871  -50.052  61.011 0.0000000000
29124  14.130  -49.917  60.267 0.0000000000
29141  13.988  -49.595  59.578 0.0000000000
29161  14.367  -49.386  58.650 0.0000000000
30157  14.316  -48.712  57.218 0.0000000000
29182  13.890  -48.892  58.138 0.0000000000
30158  13.351  -48.469  57.515 0.0000000000
47865  53.395  -28.982  52.782 0.0000000000
46921  52.923  -29.255  52.722 0.0000000000
46935  51.386  -29.645  52.347 0.0000000000
46936  50.524  -29.583  51.948 0.0000000000
46925  49.555  -29.429  51.539 0.0000000000
108283  47.277  -28.176  54.560 0.0000000000
47870  45.978  -28.910  52.873 0.0000000000
45233  43.736  -31.740  49.305 0.0000000000
44474  43.491  -32.294  48.863 0.0000000000
43672  43.969  -33.871  48.618 0.0000000000
43575  42.955  -33.067  58.539 0.0000000000
40850  46.431  -36.711  55.278 0.0000000000
40856  47.397  -36.359  54.668 0.0000000000
41812  45.713  -36.303  53.675 0.0000000000
40867  47.519  -36.468  53.711 0.0000000000
40879  48.049  -37.092  53.042 0.0000000000
40893  47.915  -37.205  52.504 0.0000000000
41845  47.754  -37.074  51.713 0.0000000000
40905  47.743  -37.386  52.050 0.0000000000
40035  42.998  -38.118  48.482 0.0000000000
128429  42.926  -36.825  48.579 0.0000000000
40049  42.269  -37.494  47.376 0.0000000000
40977  41.638  -36.527  46.777 0.0000000000
41871  38.081  -36.025  48.443 0.0000000000
111140  38.521  -35.465  48.027 0.0000000000
41892  37.874  -35.783  47.704 0.0000000000
110579  37.705  -35.561  46.917 0.0000000000
41913  37.463  -35.229  46.159 0.0000000000
41930  37.412  -35.107  45.417 0.0000000000
41953  37.681  -35.043  44.677 0.0000000000
126920  35.012  -43.250  52.592 0.0000000000
34586  34.470  -43.104  52.362 0.0000000000
35426  34.166  -42.743  51.777 0.0000000000
36306  33.147  -41.914  50.296 0.0000000000
36390  27.403  -41.474  45.311 0.0000000000
36389  28.093  -41.121  45.690 0.0000000000
37310  27.856  -40.927  44.893 0.0000000000
37319  28.328  -40.446  44.465 0.0000000000
37330  28.253  -40.343  43.629 0.0000000000
38274  28.742  -39.891  44.091 0.0000000000
54635  55.575  -21.552  45.410 0.0000000000
53731  56.244  -22.040  45.195 0.0000000000
53744  56.632  -22.523  44.701 0.0000000000
114366  58.135  -23.330  44.399 0.0000000000
51933  62.022  -24.505  45.754 0.0000000000
31129  25.726  -47.537  55.170 0.0000000000
122743  24.976  -47.287  55.035 0.0000000000
31130  24.212  -47.044  55.304 0.0000000000
108367  23.868  -47.357  55.950 0.0000000000
125057  23.152  -47.278  56.125 0.0000000000
31119  21.851  -47.631  56.386 0.0000000000
30131  23.567  -48.679  58.420 0.0000000000
29155  23.168  -49.223  59.076 0.0000000000
125907  23.172  -48.400  57.846 0.0000000000
30174  22.207  -47.947  57.070 0.0000000000
31120  20.987  -47.769  56.241 0.0000000000
30193  20.130  -47.970  56.058 0.0000000000
30177  19.460  -48.734  56.347 0.0000000000
30178  18.725  -49.353  56.156 0.0000000000
29192  18.233  -50.027  56.332 0.0000000000
30099  32.892  -48.407  61.380 0.0000000000
30098  33.478  -49.311  60.978 0.0000000000
130086  33.784  -49.093  60.208 0.0000000000
29131  33.986  -49.956  59.544 0.0000000000
29119  33.748  -49.837  60.340 0.0000000000
28141  32.854  -50.436  59.873 0.0000000000
28107  32.381  -50.487  61.352 0.0000000000
28161  31.594  -50.518  58.935 0.0000000000
28162  30.752  -50.585  58.737 0.0000000000
116804  30.156  -50.521  58.553 0.0000000000
28177  29.904  -50.414  57.922 0.0000000000
28097  29.349  -50.234  62.341 0.0000000000
28110  29.575  -50.354  61.343 0.0000000000
28126  29.270  -50.444  60.510 0.0000000000
28144  29.576  -50.569  59.892 0.0000000000
28178  29.236  -50.275  57.971 0.0000000000
108465  28.808  -49.859  57.141 0.0000000000
29190  28.170  -49.411  56.703 0.0000000000
30169  27.556  -48.925  56.421 0.0000000000
30192  26.793  -48.083  55.552 0.0000000000
31128  26.431  -47.804  55.228 0.0000000000
46139  43.123  -30.055  43.870 0.0000000000
47039  42.920  -29.795  42.955 0.0000000000
46140  42.568  -30.405  43.361 0.0000000000
46157  41.717  -30.742  42.140 0.0000000000
45340  41.275  -31.407  40.872 0.0000000000
48756  49.082  -27.756  56.974 0.0000000000
47814  48.548  -27.739  56.847 0.0000000000
48757  47.636  -27.595  57.245 0.0000000000
47815  47.491  -27.792  56.487 0.0000000000
47829  46.441  -28.104  56.147 0.0000000000
47830  45.521  -28.399  56.014 0.0000000000
107600  45.532  -28.027  57.397 0.0000000000
46022  44.374  -30.318  54.923 0.0000000000
40826  46.983  -36.538  58.983 0.0000000000
39861  47.949  -38.397  57.073 0.0000000000
39881  47.986  -37.949  56.653 0.0000000000
37129  45.404  -40.531  57.409 0.0000000000
38096  45.873  -39.944  57.034 0.0000000000
38110  44.529  -40.031  56.079 0.0000000000
38097  45.480  -39.970  56.701 0.0000000000
39002  46.520  -39.407  56.802 0.0000000000
39882  46.982  -38.308  56.529 0.0000000000
40851  45.169  -36.931  55.150 0.0000000000
40858  44.579  -36.590  54.456 0.0000000000
40869  43.281  -36.065  53.930 0.0000000000
122720  43.696  -35.757  53.570 0.0000000000
42794  41.715  -34.979  51.258 0.0000000000
41836  40.504  -35.446  51.160 0.0000000000
128475  40.577  -36.297  52.133 0.0000000000
41851  39.945  -35.460  50.590 0.0000000000
39060  40.026  -38.532  52.975 0.0000000000
111566  39.703  -38.138  52.488 0.0000000000
40925  38.281  -36.380  49.238 0.0000000000
123552  37.731  -36.634  48.714 0.0000000000
40036  36.911  -37.003  47.706 0.0000000000
40050  36.184  -37.457  47.370 0.0000000000
34597  29.848  -43.230  50.674 0.0000000000
35474  28.901  -42.874  49.249 0.0000000000
35482  28.657  -42.629  48.479 0.0000000000
35495  28.361  -42.377  47.716 0.0000000000
36362  27.964  -41.998  46.939 0.0000000000
33851  25.931  -44.318  46.717 0.0000000000
34657  25.623  -43.637  45.158 0.0000000000
34656  26.102  -43.155  45.644 0.0000000000
35526  26.953  -42.026  45.738 0.0000000000
36391  26.774  -41.863  44.865 0.0000000000
53690  59.625  -20.907  49.101 0.0000000000
54577  60.226  -20.870  48.374 0.0000000000
53689  60.228  -21.324  48.463 0.0000000000
52795  60.450  -23.431  47.996 0.0000000000
51907  60.046  -24.335  48.498 0.0000000000
107958  22.675  -46.121  53.012 0.0000000000
32972  20.842  -45.459  50.032 0.0000000000
32043  20.995  -46.778  54.407 0.0000000000
32052  20.662  -46.628  53.674 0.0000000000
122541  19.828  -46.143  52.010 0.0000000000
32074  20.539  -46.000  51.899 0.0000000000
32973  20.015  -45.559  50.376 0.0000000000
110624  20.165  -45.389  49.561 0.0000000000
32989  19.848  -45.390  48.934 0.0000000000
34517  35.676  -43.677  56.952 0.0000000000
36223  36.853  -41.289  56.894 0.0000000000
36222  37.615  -41.509  56.444 0.0000000000
110894  38.349  -42.103  56.224 0.0000000000
34513  39.985  -44.073  56.916 0.0000000000
113522  39.421  -44.498  56.935 0.0000000000
125781  40.329  -45.131  57.267 0.0000000000
34512  40.810  -44.666  57.195 0.0000000000
33738  40.992  -45.480  57.143 0.0000000000
32921  41.027  -45.325  56.042 0.0000000000
107183  40.419  -45.022  55.209 0.0000000000
123217  39.919  -44.421  54.548 0.0000000000
33774  38.405  -44.690  54.334 0.0000000000
32939  38.539  -45.646  54.966 0.0000000000
33791  35.885  -43.993  53.761 0.0000000000
32015  37.527  -47.372  56.595 0.0000000000
32028  37.016  -46.801  56.029 0.0000000000
32926  36.354  -45.957  55.440 0.0000000000
33792  35.062  -43.808  53.951 0.0000000000
34590  30.968  -43.543  52.490 0.0000000000
33803  30.212  -43.922  52.124 0.0000000000
29147  33.972  -50.029  58.982 0.0000000000
122841  33.776  -49.437  58.432 0.0000000000
108527  32.313  -49.696  57.988 0.0000000000
30146  32.899  -49.115  57.886 0.0000000000
31103  33.061  -48.332  57.521 0.0000000000
111158  30.235  -49.406  55.751 0.0000000000
30168  30.709  -48.551  55.745 0.0000000000
31142  30.065  -48.308  54.914 0.0000000000
31126  31.117  -47.563  55.819 0.0000000000
32033  31.964  -46.425  55.919 0.0000000000
32946  31.663  -45.916  55.351 0.0000000000
32947  30.835  -45.252  54.388 0.0000000000
32949  30.268  -45.422  53.739 0.0000000000
33816  28.079  -44.277  49.774 0.0000000000
33817  27.452  -44.721  49.342 0.0000000000
32082  27.422  -47.002  50.460 0.0000000000
32096  27.149  -46.834  49.752 0.0000000000
32983  26.845  -46.668  49.012 0.0000000000
32998  26.571  -46.043  48.461 0.0000000000
33015  26.196  -46.131  47.884 0.0000000000
33031  24.754  -46.498  46.046 0.0000000000
32152  24.308  -47.094  45.687 0.0000000000
49900  52.428  -26.309  47.562 0.0000000000
49915  51.882  -26.334  46.820 0.0000000000
116531  50.620  -26.323  45.704 0.0000000000
50996  50.848  -26.118  44.779 0.0000000000
109825  48.987  -26.455  43.697 0.0000000000
114821  47.796  -26.675  42.868 0.0000000000
49967  49.388  -26.292  42.790 0.0000000000
47052  43.404  -29.107  42.430 0.0000000000
47064  43.321  -29.227  41.446 0.0000000000
46176  43.335  -29.873  40.125 0.0000000000
30064  23.640  -48.384  64.046 0.0000000000
29074  23.181  -49.183  63.644 0.0000000000
28115  22.073  -50.564  61.641 0.0000000000
28132  20.855  -50.934  60.156 0.0000000000
27237  19.577  -51.582  59.816 0.0000000000
28166  19.374  -50.807  58.576 0.0000000000
28179  18.978  -50.482  57.850 0.0000000000
28187  17.509  -50.248  56.417 0.0000000000
27220  17.869  -52.313  62.392 0.0000000000
27231  17.714  -51.650  60.828 0.0000000000
129147  17.671  -50.752  58.427 0.0000000000
109911  17.283  -50.549  58.060 0.0000000000
28181  17.494  -50.443  57.282 0.0000000000
29222  16.253  -49.322  54.007 0.0000000000
30214  15.812  -49.153  54.250 0.0000000000
108902  14.217  -48.121  55.949 0.0000000000
52786  59.132  -22.937  49.342 0.0000000000
50903  58.236  -26.208  50.441 0.0000000000
49885  56.486  -27.656  49.700 0.0000000000
48855  56.951  -27.956  51.089 0.0000000000
108185  53.845  -26.655  48.814 0.0000000000
50891  54.173  -25.629  50.346 0.0000000000
107166  52.081  -26.636  48.213 0.0000000000
49902  50.750  -26.801  47.873 0.0000000000
48899  48.533  -27.427  47.333 0.0000000000
110605  49.956  -28.954  49.858 0.0000000000
125650  46.208  -28.334  45.958 0.0000000000
47955  46.483  -28.601  46.514 0.0000000000
47962  45.613  -28.461  45.665 0.0000000000
47017  44.545  -29.459  45.581 0.0000000000
48765  49.845  -27.642  55.772 0.0000000000
109989  50.171  -28.466  54.540 0.0000000000
47852  50.175  -28.840  54.195 0.0000000000
47888  46.847  -28.761  51.839 0.0000000000
47887  47.938  -28.831  51.751 0.0000000000
108043  47.963  -29.392  50.807 0.0000000000
107349  47.959  -29.673  50.047 0.0000000000
46986  46.372  -29.997  47.924 0.0000000000
46999  45.977  -29.742  47.274 0.0000000000
47018  43.903  -29.955  45.137 0.0000000000
46124  43.336  -30.397  44.655 0.0000000000
45289  42.507  -31.881  44.841 0.0000000000
113753  43.208  -32.005  47.442 0.0000000000
44494  42.847  -32.620  46.782 0.0000000000
47796  44.150  -29.059  56.833 0.0000000000
46899  43.893  -29.993  55.602 0.0000000000
43586  43.443  -33.517  57.763 0.0000000000
40848  48.246  -36.495  55.593 0.0000000000
42747  47.221  -35.096  56.276 0.0000000000
42758  47.519  -35.283  54.917 0.0000000000
42748  46.115  -34.573  56.813 0.0000000000
44373  42.936  -33.006  56.994 0.0000000000
44382  43.191  -32.439  56.237 0.0000000000
44389  43.796  -32.251  55.317 0.0000000000
43634  45.210  -33.248  54.717 0.0000000000
45184  43.933  -31.639  54.874 0.0000000000
113852  44.976  -31.114  54.008 0.0000000000
44439  44.379  -32.178  52.081 0.0000000000
113118  44.801  -33.663  51.046 0.0000000000
43671  44.703  -34.765  48.777 0.0000000000
42821  44.736  -35.357  48.196 0.0000000000
41846  47.317  -37.087  50.854 0.0000000000
41857  46.468  -36.418  49.912 0.0000000000
40922  46.711  -38.128  50.282 0.0000000000
40976  44.042  -36.653  46.632 0.0000000000
38222  42.524  -40.111  48.124 0.0000000000
39128  42.305  -39.166  47.412 0.0000000000
41888  41.360  -35.297  47.556 0.0000000000
41890  38.979  -35.112  47.548 0.0000000000
42849  39.517  -34.898  46.485 0.0000000000
42866  39.287  -34.936  45.862 0.0000000000
42865  39.863  -35.013  46.113 0.0000000000
41928  40.406  -35.276  46.135 0.0000000000
35403  38.568  -42.431  53.353 0.0000000000
35422  37.773  -42.285  52.873 0.0000000000
36272  37.605  -41.609  52.444 0.0000000000
36291  35.072  -42.038  50.846 0.0000000000
36290  35.762  -41.882  50.976 0.0000000000
37231  36.230  -40.109  49.853 0.0000000000
39116  35.586  -39.001  48.178 0.0000000000
39130  35.084  -38.752  47.436 0.0000000000
39151  34.826  -38.278  46.665 0.0000000000
35462  30.473  -42.702  50.532 0.0000000000
35472  30.408  -42.354  49.858 0.0000000000
35471  31.020  -41.852  49.526 0.0000000000
36327  31.715  -41.256  49.140 0.0000000000
37257  32.329  -40.648  48.376 0.0000000000
37278  31.819  -40.469  47.562 0.0000000000
38225  33.107  -39.619  47.296 0.0000000000
39153  32.930  -38.976  45.935 0.0000000000
39132  33.521  -39.036  46.583 0.0000000000
39166  33.922  -38.043  45.748 0.0000000000
116679  34.085  -37.397  45.142 0.0000000000
54593  60.471  -20.881  47.799 0.0000000000
53727  60.948  -21.638  46.460 0.0000000000
50958  53.252  -25.640  46.417 0.0000000000
107689  53.044  -25.496  45.018 0.0000000000
50975  53.387  -25.463  45.697 0.0000000000
28124  30.768  -50.658  60.549 0.0000000000
28140  33.563  -50.193  59.986 0.0000000000
28142  31.883  -50.562  59.630 0.0000000000
32005  37.914  -47.301  57.753 0.0000000000
32907  41.040  -45.555  56.800 0.0000000000
32909  39.360  -46.184  57.174 0.0000000000
33717  42.031  -44.348  56.990 0.0000000000
33757  41.536  -44.980  56.442 0.0000000000
34510  42.994  -43.965  57.110 0.0000000000
34525  43.491  -43.481  57.032 0.0000000000
35347  43.250  -43.024  57.502 0.0000000000
35348  42.420  -43.131  57.373 0.0000000000
35361  44.010  -42.955  57.049 0.0000000000
35362  41.457  -43.051  57.066 0.0000000000
36207  44.136  -42.188  57.548 0.0000000000
36208  43.604  -42.263  57.588 0.0000000000
37132  43.324  -40.738  57.671 0.0000000000
38081  46.800  -39.458  57.102 0.0000000000
38082  45.932  -39.818  57.587 0.0000000000
39003  42.432  -38.878  57.231 0.0000000000
40845  48.494  -36.806  56.281 0.0000000000
41766  46.517  -35.174  59.427 0.0000000000
41803  47.716  -36.033  54.517 0.0000000000
42807  41.062  -34.840  50.883 0.0000000000
43587  42.823  -32.876  57.681 0.0000000000
45317  42.317  -30.906  43.642 0.0000000000
46166  42.193  -30.239  41.604 0.0000000000
48854  57.363  -27.808  51.002 0.0000000000
48956  46.699  -27.164  43.510 0.0000000000
48991  46.541  -27.423  41.181 0.0000000000
49850  57.840  -27.386  51.049 0.0000000000
112374  41.257  -42.149  54.433 0.0000000000
112400  36.521  -42.001  51.904 0.0000000000
112406  44.436  -33.433  56.064 0.0000000000
112507  43.434  -29.372  40.709 0.0000000000
117982  43.682  -42.357  56.343 0.0000000000
120000  31.257  -50.749  60.119 0.0000000000
120317  45.236  -36.680  48.100 0.0000000000
124692  45.167  -41.431  56.982 0.0000000000
126473  17.649  -48.624  53.306 0.0000000000
126549  55.803  -27.637  51.136 0.0000000000
126796  52.184  -29.239  53.760 0.0000000000
127119  34.852  -41.307  49.937 0.0000000000
128846  23.459  -45.661  50.758 0.0000000000
129646  38.092  -44.284  56.601 0.0000000000
