#!ascii label  , from subject freesurfer vox2ras=TkReg
1662
33685  8.464  -44.250  61.817 0.0000000000
51018  44.245  -24.717  43.577 0.0000000000
36259  28.420  -40.809  53.974 0.0000000000
38047  36.334  -39.245  60.140 0.0000000000
34575  20.369  -43.384  53.961 0.0000000000
29113  16.476  -49.024  62.152 0.0000000000
60829  51.798  -14.508  40.532 0.0000000000
54565  52.151  -21.781  49.261 0.0000000000
126886  36.408  -28.838  49.781 0.0000000000
64461  57.827  -9.976  35.674 0.0000000000
31981  27.098  -46.286  59.792 0.0000000000
32843  12.860  -46.287  61.469 0.0000000000
57126  51.664  -18.625  44.635 0.0000000000
56346  47.615  -19.384  42.370 0.0000000000
48888  43.341  -27.526  48.338 0.0000000000
112575  46.754  -25.289  51.564 0.0000000000
48915  39.003  -27.927  46.337 0.0000000000
40898  34.252  -36.718  51.335 0.0000000000
38106  32.269  -40.299  55.526 0.0000000000
32850  22.533  -46.506  59.598 0.0000000000
30067  21.138  -48.609  63.743 0.0000000000
31999  18.735  -46.759  57.928 0.0000000000
33729  13.425  -45.797  56.940 0.0000000000
34571  24.306  -43.364  54.010 0.0000000000
61756  55.115  -13.409  42.540 0.0000000000
58026  54.728  -16.682  47.177 0.0000000000
114173  48.629  -23.641  46.869 0.0000000000
50871  37.257  -25.512  52.293 0.0000000000
110045  38.777  -34.670  54.937 0.0000000000
64421  53.594  -10.485  38.362 0.0000000000
65344  58.037  -9.264  40.095 0.0000000000
64398  63.090  -10.862  39.655 0.0000000000
31942  26.036  -46.468  63.358 0.0000000000
113931  10.952  -44.675  61.808 0.0000000000
32819  14.039  -44.871  64.838 0.0000000000
107293  11.158  -44.080  64.125 0.0000000000
58085  47.414  -17.512  40.551 0.0000000000
48841  42.501  -28.178  51.571 0.0000000000
114598  44.673  -26.390  52.768 0.0000000000
36148  4.173  -42.136  66.600 0.0000000000
109292  39.222  -27.661  44.099 0.0000000000
39965  28.209  -38.471  51.069 0.0000000000
122434  30.007  -38.066  52.948 0.0000000000
37163  30.370  -40.240  55.091 0.0000000000
33749  21.573  -44.811  56.719 0.0000000000
32882  21.065  -46.135  58.561 0.0000000000
33764  19.147  -44.785  55.480 0.0000000000
34573  22.585  -43.154  53.664 0.0000000000
33747  23.905  -45.061  56.239 0.0000000000
29094  19.363  -49.472  62.637 0.0000000000
60815  53.448  -14.660  41.454 0.0000000000
59895  54.944  -14.704  45.300 0.0000000000
59897  52.647  -15.743  44.153 0.0000000000
55486  51.865  -20.692  46.243 0.0000000000
127515  53.617  -19.856  48.153 0.0000000000
53799  43.621  -22.161  41.500 0.0000000000
54673  45.584  -21.487  43.087 0.0000000000
51945  46.171  -24.342  44.786 0.0000000000
49894  32.866  -25.809  48.888 0.0000000000
119627  35.591  -25.757  48.843 0.0000000000
48824  35.843  -27.048  52.489 0.0000000000
39908  36.193  -37.980  55.067 0.0000000000
41825  36.635  -35.749  52.502 0.0000000000
40841  37.779  -36.560  57.236 0.0000000000
62635  50.507  -12.451  38.420 0.0000000000
63502  51.964  -11.208  36.785 0.0000000000
62616  52.051  -11.767  40.088 0.0000000000
63445  53.841  -11.490  40.196 0.0000000000
63496  62.310  -11.656  36.569 0.0000000000
63483  59.956  -11.639  37.554 0.0000000000
65353  60.694  -9.081  40.604 0.0000000000
64426  58.082  -10.731  37.860 0.0000000000
33743  28.669  -44.574  56.247 0.0000000000
34491  30.094  -43.433  58.037 0.0000000000
32848  29.631  -45.463  61.109 0.0000000000
31961  14.693  -47.439  61.757 0.0000000000
122263  16.255  -48.983  65.063 0.0000000000
122766  15.817  -46.171  65.374 0.0000000000
128833  49.512  -14.419  39.744 0.0000000000
58976  51.283  -16.420  42.818 0.0000000000
58082  50.230  -17.097  40.990 0.0000000000
56337  49.762  -19.304  43.258 0.0000000000
54638  50.483  -21.470  45.107 0.0000000000
49920  44.018  -26.399  45.766 0.0000000000
50943  45.883  -26.022  47.636 0.0000000000
50894  45.407  -25.991  50.721 0.0000000000
46088  36.402  -30.833  47.833 0.0000000000
38019  38.328  -38.884  62.142 0.0000000000
35307  6.970  -42.542  62.540 0.0000000000
34448  8.510  -43.934  64.681 0.0000000000
36145  6.842  -42.118  65.289 0.0000000000
51960  42.137  -24.901  42.869 0.0000000000
48937  41.569  -27.144  45.162 0.0000000000
48902  41.075  -28.035  47.770 0.0000000000
48843  39.964  -27.218  51.168 0.0000000000
114348  31.076  -36.799  49.439 0.0000000000
39050  33.357  -38.706  53.583 0.0000000000
38105  34.572  -39.926  57.201 0.0000000000
35336  31.544  -42.184  59.255 0.0000000000
36189  33.263  -41.030  60.328 0.0000000000
31945  23.445  -46.454  63.123 0.0000000000
30049  22.585  -48.643  64.184 0.0000000000
31947  22.154  -46.788  61.932 0.0000000000
108280  20.041  -47.556  61.292 0.0000000000
30102  17.683  -48.517  60.337 0.0000000000
33767  16.441  -45.151  54.793 0.0000000000
32023  15.830  -46.476  56.619 0.0000000000
31073  15.438  -47.539  60.331 0.0000000000
32854  12.931  -46.449  59.734 0.0000000000
124204  10.730  -44.696  58.974 0.0000000000
34484  8.571  -43.630  59.648 0.0000000000
38165  26.888  -39.241  50.282 0.0000000000
37203  25.190  -41.313  50.661 0.0000000000
113736  26.837  -42.782  53.723 0.0000000000
32896  25.799  -45.576  57.155 0.0000000000
31983  25.202  -46.371  59.702 0.0000000000
58014  56.254  -17.077  47.302 0.0000000000
58041  52.644  -17.413  44.979 0.0000000000
56358  45.499  -19.551  41.925 0.0000000000
113474  48.304  -22.037  44.193 0.0000000000
129851  50.424  -22.794  47.901 0.0000000000
51909  48.501  -24.948  48.999 0.0000000000
118105  50.035  -23.233  49.789 0.0000000000
49936  36.585  -27.037  45.794 0.0000000000
49876  38.269  -26.568  49.766 0.0000000000
49821  39.185  -26.224  53.652 0.0000000000
44456  37.335  -33.439  49.848 0.0000000000
45213  38.883  -31.534  51.497 0.0000000000
41752  38.392  -35.573  59.486 0.0000000000
44383  39.749  -32.863  56.388 0.0000000000
46917  38.751  -29.459  53.434 0.0000000000
47832  38.545  -27.606  55.495 0.0000000000
49759  38.592  -25.714  56.573 0.0000000000
64442  56.036  -10.736  36.456 0.0000000000
64419  56.128  -8.569  39.076 0.0000000000
63427  56.618  -11.111  41.272 0.0000000000
31917  26.563  -46.917  64.595 0.0000000000
33684  9.145  -44.695  61.766 0.0000000000
33673  10.413  -44.691  62.563 0.0000000000
33661  9.790  -44.691  63.271 0.0000000000
48800  42.558  -27.822  53.712 0.0000000000
48784  43.556  -27.126  54.623 0.0000000000
114828  2.598  -40.767  65.798 0.0000000000
38136  28.363  -39.532  53.226 0.0000000000
39041  29.465  -39.072  53.724 0.0000000000
36234  29.369  -40.886  55.166 0.0000000000
34534  20.651  -43.711  54.853 0.0000000000
33750  20.336  -44.682  56.223 0.0000000000
34535  19.914  -44.156  55.070 0.0000000000
35434  21.427  -42.631  52.025 0.0000000000
35410  20.964  -43.060  53.306 0.0000000000
34533  22.132  -44.015  55.052 0.0000000000
121084  17.746  -49.678  62.410 0.0000000000
29096  17.866  -50.067  63.389 0.0000000000
60828  52.667  -14.699  40.840 0.0000000000
59914  53.070  -15.197  42.084 0.0000000000
119494  52.500  -15.568  41.970 0.0000000000
54598  52.393  -21.381  47.787 0.0000000000
54581  52.807  -21.179  48.755 0.0000000000
52859  44.128  -23.347  42.463 0.0000000000
52834  45.193  -23.128  43.852 0.0000000000
51946  45.288  -24.395  44.682 0.0000000000
47937  35.208  -28.607  48.239 0.0000000000
47925  34.432  -27.389  49.582 0.0000000000
48847  34.939  -27.082  50.664 0.0000000000
48860  35.797  -27.636  50.884 0.0000000000
38984  36.275  -38.552  57.544 0.0000000000
39886  37.224  -37.737  56.551 0.0000000000
39849  37.406  -37.663  58.827 0.0000000000
61798  51.040  -12.913  40.248 0.0000000000
62634  51.162  -12.089  38.783 0.0000000000
62617  51.785  -12.515  40.410 0.0000000000
61781  52.514  -12.970  40.630 0.0000000000
63514  60.005  -10.932  35.921 0.0000000000
64439  59.197  -10.941  36.113 0.0000000000
63484  58.783  -11.357  37.382 0.0000000000
63500  57.748  -10.977  36.540 0.0000000000
109650  28.214  -46.081  58.123 0.0000000000
110353  29.591  -45.563  58.721 0.0000000000
31966  28.485  -46.291  60.620 0.0000000000
31949  14.169  -46.771  62.369 0.0000000000
31934  15.594  -46.664  64.398 0.0000000000
32834  13.881  -46.083  63.030 0.0000000000
126381  13.621  -44.796  65.817 0.0000000000
32811  15.066  -45.558  66.490 0.0000000000
60845  48.882  -14.536  39.383 0.0000000000
59938  49.911  -15.744  39.897 0.0000000000
59011  48.939  -15.653  39.817 0.0000000000
57142  47.793  -18.768  41.795 0.0000000000
57156  48.837  -18.308  41.824 0.0000000000
111833  48.855  -19.561  43.176 0.0000000000
55505  50.625  -20.382  44.302 0.0000000000
55506  49.413  -20.924  43.950 0.0000000000
49905  43.910  -27.071  47.727 0.0000000000
49888  44.725  -26.524  48.367 0.0000000000
49855  44.947  -26.517  50.208 0.0000000000
61800  49.581  -13.894  39.336 0.0000000000
35301  6.714  -41.956  63.911 0.0000000000
36152  5.966  -41.826  64.302 0.0000000000
51033  40.534  -25.274  42.252 0.0000000000
49970  41.618  -26.106  43.755 0.0000000000
126970  40.993  -26.558  43.809 0.0000000000
48925  39.475  -27.874  45.531 0.0000000000
48913  40.716  -28.011  46.395 0.0000000000
48892  40.019  -28.094  48.115 0.0000000000
48879  40.538  -27.955  49.484 0.0000000000
49890  39.602  -27.585  48.985 0.0000000000
129940  29.762  -36.932  48.808 0.0000000000
39026  31.517  -39.686  54.314 0.0000000000
39066  31.663  -38.144  52.556 0.0000000000
39024  32.985  -39.398  54.767 0.0000000000
38114  33.811  -39.612  55.018 0.0000000000
37151  33.394  -40.390  56.518 0.0000000000
107551  30.513  -44.028  60.071 0.0000000000
35351  30.559  -42.379  57.797 0.0000000000
34480  31.425  -43.045  60.409 0.0000000000
35313  33.404  -42.389  62.613 0.0000000000
36178  34.712  -41.347  61.788 0.0000000000
31957  23.416  -46.434  61.969 0.0000000000
31946  22.781  -46.608  62.531 0.0000000000
31971  22.044  -46.198  60.761 0.0000000000
32903  19.375  -46.197  57.657 0.0000000000
31974  20.469  -46.771  59.959 0.0000000000
31080  19.792  -47.189  59.446 0.0000000000
31071  19.111  -47.762  59.948 0.0000000000
31092  18.329  -47.394  58.521 0.0000000000
34554  17.250  -44.162  53.931 0.0000000000
33770  13.549  -44.924  55.592 0.0000000000
32935  15.174  -45.437  55.630 0.0000000000
32011  14.471  -46.364  57.432 0.0000000000
127561  15.797  -47.395  58.708 0.0000000000
32883  14.045  -46.242  57.996 0.0000000000
31988  14.250  -46.780  59.282 0.0000000000
32884  13.401  -46.165  58.198 0.0000000000
34482  9.770  -44.177  59.035 0.0000000000
40005  26.704  -38.442  49.405 0.0000000000
39089  26.271  -38.937  49.410 0.0000000000
35432  23.702  -42.179  52.120 0.0000000000
128177  24.334  -41.995  51.881 0.0000000000
36276  25.748  -41.630  52.091 0.0000000000
35407  25.618  -42.786  53.375 0.0000000000
124730  26.805  -44.352  54.931 0.0000000000
34530  24.965  -44.004  55.127 0.0000000000
32879  23.781  -46.323  58.051 0.0000000000
32878  24.532  -46.298  57.937 0.0000000000
32849  23.679  -46.521  59.780 0.0000000000
31956  24.252  -46.285  61.895 0.0000000000
30066  21.617  -48.395  63.917 0.0000000000
34440  9.064  -43.792  66.902 0.0000000000
34445  9.725  -44.170  66.386 0.0000000000
60793  55.956  -13.972  45.033 0.0000000000
58949  54.838  -15.811  46.714 0.0000000000
59879  55.814  -15.340  46.866 0.0000000000
58015  55.618  -16.965  47.500 0.0000000000
57105  55.506  -17.664  47.656 0.0000000000
58049  51.369  -17.182  43.769 0.0000000000
58961  51.772  -16.737  44.032 0.0000000000
57125  52.151  -18.096  44.771 0.0000000000
56308  54.074  -19.019  47.900 0.0000000000
53751  46.876  -22.794  44.294 0.0000000000
54656  47.212  -21.948  43.936 0.0000000000
53733  48.850  -22.881  45.344 0.0000000000
53732  49.448  -22.643  45.779 0.0000000000
52802  49.199  -23.258  47.171 0.0000000000
51903  46.582  -25.548  49.866 0.0000000000
50922  46.970  -25.563  47.917 0.0000000000
126662  47.151  -25.277  50.159 0.0000000000
122546  35.143  -26.215  46.123 0.0000000000
50896  36.395  -24.823  50.878 0.0000000000
50926  36.785  -25.918  49.337 0.0000000000
50895  36.950  -25.249  51.224 0.0000000000
49843  38.959  -26.560  51.820 0.0000000000
50869  38.369  -26.094  53.480 0.0000000000
41864  32.976  -36.020  49.297 0.0000000000
41853  34.594  -35.569  50.156 0.0000000000
111107  37.662  -35.473  53.771 0.0000000000
42797  36.729  -34.780  51.369 0.0000000000
42785  38.263  -33.835  52.393 0.0000000000
44454  38.593  -32.186  50.955 0.0000000000
124532  39.136  -32.695  53.262 0.0000000000
40793  38.076  -36.948  61.443 0.0000000000
119079  39.647  -32.026  57.797 0.0000000000
129006  39.560  -31.562  55.868 0.0000000000
120904  39.317  -30.642  55.964 0.0000000000
46901  38.926  -28.868  55.251 0.0000000000
120779  38.941  -29.198  56.653 0.0000000000
63501  52.717  -11.089  36.930 0.0000000000
122525  54.534  -10.830  36.832 0.0000000000
107291  56.244  -9.111  38.707 0.0000000000
64420  54.750  -10.357  38.809 0.0000000000
61779  54.464  -13.133  41.306 0.0000000000
63444  54.874  -11.655  40.685 0.0000000000
62597  56.052  -12.253  42.132 0.0000000000
62588  56.937  -12.133  43.119 0.0000000000
63480  62.856  -11.463  37.725 0.0000000000
65343  59.328  -9.252  40.900 0.0000000000
63423  59.359  -9.710  41.583 0.0000000000
64371  57.994  -10.318  41.482 0.0000000000
125649  26.112  -46.338  61.433 0.0000000000
31955  27.770  -46.423  62.197 0.0000000000
108604  26.750  -46.656  63.834 0.0000000000
122986  12.098  -45.086  61.653 0.0000000000
32828  13.622  -45.215  63.620 0.0000000000
33671  12.205  -44.867  62.462 0.0000000000
33647  12.766  -44.186  64.669 0.0000000000
33640  12.344  -43.921  65.945 0.0000000000
58086  46.520  -17.604  40.471 0.0000000000
58071  46.979  -18.363  41.121 0.0000000000
48840  43.469  -27.726  51.100 0.0000000000
49841  44.316  -26.988  51.566 0.0000000000
49832  44.180  -27.103  52.461 0.0000000000
49796  44.706  -26.191  54.541 0.0000000000
36153  5.052  -41.920  64.425 0.0000000000
108963  3.580  -41.550  65.624 0.0000000000
36149  3.013  -41.342  67.124 0.0000000000
49997  39.658  -26.600  42.639 0.0000000000
48941  37.605  -28.078  44.863 0.0000000000
39982  29.331  -37.729  51.379 0.0000000000
119064  29.036  -38.193  52.012 0.0000000000
112370  30.091  -38.870  54.090 0.0000000000
38107  31.583  -40.309  55.339 0.0000000000
32880  21.969  -46.146  57.905 0.0000000000
32851  21.709  -46.416  59.827 0.0000000000
125417  20.954  -45.657  57.894 0.0000000000
32902  20.168  -45.735  57.515 0.0000000000
126749  19.108  -45.584  56.445 0.0000000000
33731  12.408  -45.388  57.132 0.0000000000
34539  11.556  -43.484  55.641 0.0000000000
110000  22.186  -42.511  52.020 0.0000000000
34572  23.385  -43.257  53.812 0.0000000000
33761  24.255  -44.410  55.655 0.0000000000
122473  22.928  -44.113  54.943 0.0000000000
33726  22.363  -44.930  56.699 0.0000000000
110376  19.863  -49.606  63.497 0.0000000000
60814  54.348  -14.211  42.016 0.0000000000
60794  54.627  -14.295  44.337 0.0000000000
60802  53.717  -14.734  43.580 0.0000000000
59896  53.640  -15.088  44.534 0.0000000000
58950  53.844  -16.431  45.931 0.0000000000
56324  51.895  -19.784  45.691 0.0000000000
56323  52.559  -19.145  46.122 0.0000000000
55485  52.478  -19.836  46.611 0.0000000000
55460  53.624  -20.379  48.737 0.0000000000
55535  44.329  -20.328  41.928 0.0000000000
54674  44.938  -21.640  42.672 0.0000000000
53752  46.093  -22.962  44.015 0.0000000000
52818  47.471  -24.074  45.336 0.0000000000
121761  48.597  -24.600  51.537 0.0000000000
50947  32.857  -25.303  47.954 0.0000000000
50946  34.367  -25.318  47.521 0.0000000000
50929  33.658  -25.250  48.908 0.0000000000
50898  35.605  -26.248  50.474 0.0000000000
49836  35.866  -26.925  52.532 0.0000000000
39958  35.050  -37.407  52.837 0.0000000000
128316  35.292  -35.861  51.451 0.0000000000
40873  36.575  -36.667  53.587 0.0000000000
109987  37.688  -36.324  55.119 0.0000000000
115644  38.275  -35.827  56.130 0.0000000000
63490  50.601  -11.823  36.952 0.0000000000
63503  51.204  -11.284  36.557 0.0000000000
63489  51.414  -11.574  37.262 0.0000000000
63488  52.092  -11.201  37.540 0.0000000000
63472  52.980  -10.627  38.833 0.0000000000
64406  53.826  -10.497  39.103 0.0000000000
63446  52.809  -11.574  40.147 0.0000000000
61780  53.644  -13.168  40.811 0.0000000000
63513  60.778  -11.195  36.077 0.0000000000
63497  61.105  -11.689  36.935 0.0000000000
120059  61.928  -10.557  38.460 0.0000000000
64400  62.079  -9.714  40.114 0.0000000000
64414  60.941  -9.812  39.350 0.0000000000
64403  59.151  -9.436  39.742 0.0000000000
65362  57.918  -9.100  39.357 0.0000000000
112677  28.536  -43.105  54.781 0.0000000000
35378  29.322  -42.250  55.775 0.0000000000
33721  29.742  -44.211  57.490 0.0000000000
107541  29.988  -44.712  59.158 0.0000000000
32847  30.234  -44.703  61.675 0.0000000000
31051  16.029  -48.266  61.798 0.0000000000
29080  16.616  -49.515  63.985 0.0000000000
107484  15.953  -48.007  64.178 0.0000000000
31028  16.073  -47.689  65.425 0.0000000000
32818  14.834  -45.330  65.665 0.0000000000
31905  15.792  -46.017  67.046 0.0000000000
60830  50.853  -14.426  40.361 0.0000000000
58997  51.409  -15.812  40.828 0.0000000000
59937  50.720  -15.747  40.356 0.0000000000
58987  50.614  -16.751  41.567 0.0000000000
58055  50.380  -17.445  42.751 0.0000000000
58070  48.933  -17.855  40.947 0.0000000000
125949  49.725  -17.928  42.276 0.0000000000
57127  51.198  -18.847  44.108 0.0000000000
55497  51.275  -20.257  44.956 0.0000000000
54637  51.183  -21.048  45.565 0.0000000000
54600  51.193  -22.161  46.876 0.0000000000
50978  44.511  -25.851  45.304 0.0000000000
50977  44.974  -25.377  45.722 0.0000000000
129318  45.302  -26.011  47.316 0.0000000000
50908  46.128  -26.173  49.602 0.0000000000
51887  46.067  -25.591  51.234 0.0000000000
116397  45.216  -25.767  51.436 0.0000000000
50880  45.538  -25.659  51.657 0.0000000000
51873  46.863  -25.031  52.513 0.0000000000
46987  36.408  -29.686  48.834 0.0000000000
38935  37.358  -39.128  61.890 0.0000000000
63504  49.802  -11.584  36.565 0.0000000000
62636  49.839  -12.658  37.942 0.0000000000
61799  50.357  -13.372  39.934 0.0000000000
67236  59.024  -7.900  35.120 0.0000000000
115219  57.763  -8.631  35.124 0.0000000000
124362  7.333  -43.118  61.968 0.0000000000
34452  8.418  -44.146  63.820 0.0000000000
34449  7.888  -43.348  64.148 0.0000000000
35299  8.018  -43.242  65.140 0.0000000000
35292  7.605  -42.659  66.915 0.0000000000
36146  6.207  -41.940  65.364 0.0000000000
52861  42.741  -23.643  42.031 0.0000000000
52871  41.731  -23.563  41.869 0.0000000000
51959  42.877  -24.936  43.117 0.0000000000
50997  43.321  -26.006  44.209 0.0000000000
49934  42.751  -26.845  45.516 0.0000000000
49906  42.251  -27.350  47.003 0.0000000000
48938  40.881  -27.355  44.961 0.0000000000
49923  41.812  -27.315  46.473 0.0000000000
48889  42.453  -27.825  48.423 0.0000000000
108035  41.390  -28.279  50.233 0.0000000000
47871  41.563  -28.292  51.900 0.0000000000
48801  41.436  -27.742  53.468 0.0000000000
40913  32.504  -36.857  50.255 0.0000000000
39999  31.035  -37.297  50.657 0.0000000000
39979  32.233  -37.543  51.361 0.0000000000
39977  33.930  -37.520  51.626 0.0000000000
39048  35.205  -38.576  53.955 0.0000000000
38112  35.282  -39.406  56.095 0.0000000000
38069  35.497  -39.424  58.620 0.0000000000
36225  30.040  -41.658  56.495 0.0000000000
36224  30.550  -41.270  56.645 0.0000000000
37138  31.728  -40.899  57.446 0.0000000000
35320  32.483  -42.190  61.293 0.0000000000
36190  32.767  -41.202  59.950 0.0000000000
37124  32.699  -40.798  58.486 0.0000000000
37122  34.246  -40.328  58.807 0.0000000000
37110  35.280  -40.224  60.261 0.0000000000
38022  36.456  -40.316  61.733 0.0000000000
31025  24.029  -46.929  64.235 0.0000000000
31039  23.297  -47.089  64.149 0.0000000000
107923  21.918  -47.598  63.533 0.0000000000
31050  21.325  -47.892  63.307 0.0000000000
31972  21.480  -46.439  60.522 0.0000000000
122937  20.784  -47.404  61.440 0.0000000000
31059  20.276  -47.896  62.181 0.0000000000
30086  19.477  -48.629  61.790 0.0000000000
30087  18.749  -48.957  61.182 0.0000000000
126936  17.295  -48.768  60.967 0.0000000000
110169  18.174  -44.252  54.246 0.0000000000
33765  18.413  -44.895  55.182 0.0000000000
32916  17.511  -46.050  55.894 0.0000000000
33768  15.440  -45.088  54.995 0.0000000000
32917  16.419  -46.078  55.911 0.0000000000
32008  17.529  -46.780  57.151 0.0000000000
31093  17.358  -47.442  58.299 0.0000000000
31083  16.649  -47.784  59.456 0.0000000000
31060  16.036  -47.967  60.944 0.0000000000
125639  15.206  -47.588  61.054 0.0000000000
31962  14.088  -46.974  61.215 0.0000000000
129742  12.674  -46.349  60.574 0.0000000000
33732  11.766  -45.021  57.835 0.0000000000
33704  11.890  -45.331  59.548 0.0000000000
33691  11.904  -45.257  60.380 0.0000000000
33693  10.690  -44.809  60.345 0.0000000000
33694  9.630  -44.584  60.453 0.0000000000
126701  8.279  -43.651  60.300 0.0000000000
35315  7.344  -42.937  61.154 0.0000000000
36172  6.885  -42.382  61.698 0.0000000000
40003  27.647  -38.113  50.108 0.0000000000
39071  27.854  -39.013  51.086 0.0000000000
37190  27.360  -40.322  52.191 0.0000000000
37202  25.845  -40.728  50.974 0.0000000000
36275  26.608  -41.174  52.161 0.0000000000
35405  27.217  -42.137  53.455 0.0000000000
34546  27.379  -43.955  54.627 0.0000000000
32913  26.903  -45.619  56.794 0.0000000000
121826  26.247  -46.277  58.265 0.0000000000
33723  25.018  -45.506  57.017 0.0000000000
32877  25.112  -46.276  58.120 0.0000000000
31982  26.065  -46.453  59.748 0.0000000000
107706  25.448  -46.253  61.850 0.0000000000
110452  24.750  -46.329  63.298 0.0000000000
33650  9.887  -44.464  64.740 0.0000000000
34444  11.501  -43.872  65.875 0.0000000000
126545  55.952  -14.464  45.861 0.0000000000
59908  51.716  -16.150  43.296 0.0000000000
58951  53.104  -16.801  45.187 0.0000000000
58033  53.956  -17.026  46.590 0.0000000000
107931  53.063  -18.531  46.370 0.0000000000
56315  53.809  -18.268  47.238 0.0000000000
57106  54.865  -18.095  47.729 0.0000000000
57171  45.302  -18.232  40.725 0.0000000000
109599  46.858  -19.833  42.489 0.0000000000
55525  45.738  -20.256  42.742 0.0000000000
55517  46.614  -20.518  43.138 0.0000000000
54671  47.615  -20.464  43.261 0.0000000000
54654  49.769  -21.625  44.622 0.0000000000
53716  50.367  -22.596  46.966 0.0000000000
53703  51.023  -22.550  48.126 0.0000000000
51930  46.207  -25.326  46.131 0.0000000000
51928  47.607  -24.782  46.642 0.0000000000
51927  48.226  -24.261  47.112 0.0000000000
51901  48.716  -24.647  50.529 0.0000000000
115686  49.076  -24.161  49.188 0.0000000000
52797  49.418  -23.383  47.999 0.0000000000
53682  50.180  -23.021  49.125 0.0000000000
53692  50.711  -22.682  48.816 0.0000000000
48928  36.750  -27.714  45.091 0.0000000000
48905  37.573  -27.244  46.711 0.0000000000
49909  36.133  -26.019  47.296 0.0000000000
49908  37.489  -26.809  47.549 0.0000000000
49891  38.678  -27.125  48.997 0.0000000000
109741  39.513  -27.046  50.401 0.0000000000
49833  39.832  -26.644  52.747 0.0000000000
49799  40.045  -26.249  54.676 0.0000000000
41852  35.530  -35.057  50.162 0.0000000000
44475  37.437  -32.203  48.781 0.0000000000
46073  37.460  -30.806  49.031 0.0000000000
46954  37.954  -29.759  50.267 0.0000000000
39835  37.601  -37.358  60.305 0.0000000000
40833  37.987  -36.218  59.002 0.0000000000
42751  38.950  -34.869  56.966 0.0000000000
128812  39.286  -33.935  57.829 0.0000000000
112931  39.593  -33.371  55.145 0.0000000000
44404  39.546  -32.353  54.557 0.0000000000
46044  38.941  -30.464  52.211 0.0000000000
46941  38.059  -29.308  51.176 0.0000000000
47873  37.476  -27.813  52.250 0.0000000000
48804  36.660  -27.055  53.853 0.0000000000
48788  37.369  -26.986  54.762 0.0000000000
47798  38.589  -27.934  57.858 0.0000000000
48758  38.409  -26.417  56.663 0.0000000000
50827  38.113  -25.899  54.674 0.0000000000
50825  39.065  -25.437  55.674 0.0000000000
122185  56.981  -8.731  35.172 0.0000000000
64462  56.910  -9.971  35.557 0.0000000000
63486  57.024  -10.928  36.588 0.0000000000
64418  56.849  -8.806  38.681 0.0000000000
65357  56.742  -8.032  39.192 0.0000000000
64405  54.945  -10.424  39.369 0.0000000000
64404  55.902  -9.594  39.443 0.0000000000
64385  57.283  -9.854  40.511 0.0000000000
63426  57.693  -11.278  41.787 0.0000000000
31024  24.963  -46.985  64.341 0.0000000000
30046  25.260  -47.439  64.241 0.0000000000
33674  9.510  -44.742  62.434 0.0000000000
122491  8.857  -44.618  62.351 0.0000000000
48786  41.690  -27.461  54.393 0.0000000000
48785  42.754  -27.419  54.553 0.0000000000
37179  28.190  -40.217  53.499 0.0000000000
37178  28.879  -39.873  53.934 0.0000000000
116976  29.032  -40.592  54.484 0.0000000000
33763  20.497  -44.177  55.643 0.0000000000
34553  19.938  -43.764  54.453 0.0000000000
111053  21.159  -43.316  54.176 0.0000000000
29112  17.307  -49.233  61.722 0.0000000000
29097  17.033  -49.578  62.905 0.0000000000
59922  52.641  -15.205  41.368 0.0000000000
59936  52.043  -15.272  40.810 0.0000000000
54582  52.093  -21.735  48.438 0.0000000000
116790  44.198  -24.003  42.998 0.0000000000
52835  44.710  -23.927  43.692 0.0000000000
51947  44.779  -24.584  44.260 0.0000000000
46971  35.993  -28.948  49.346 0.0000000000
47938  34.633  -27.986  48.840 0.0000000000
47924  35.211  -28.280  49.291 0.0000000000
48880  34.837  -27.480  50.197 0.0000000000
47909  36.515  -28.437  50.365 0.0000000000
38068  36.140  -38.808  58.428 0.0000000000
39850  36.868  -38.248  58.248 0.0000000000
38963  36.752  -38.562  59.322 0.0000000000
127626  51.180  -13.883  40.489 0.0000000000
61782  51.550  -13.384  40.525 0.0000000000
117145  52.437  -14.017  40.581 0.0000000000
64460  58.770  -10.133  35.714 0.0000000000
64440  58.227  -10.638  36.113 0.0000000000
63499  58.487  -11.231  36.628 0.0000000000
31995  27.704  -46.301  58.955 0.0000000000
31980  28.226  -46.383  59.784 0.0000000000
32842  13.611  -46.541  61.866 0.0000000000
60846  48.015  -14.789  39.469 0.0000000000
59954  48.431  -15.067  39.838 0.0000000000
57141  48.453  -18.912  42.382 0.0000000000
56338  48.240  -19.415  42.734 0.0000000000
122604  48.121  -19.811  43.061 0.0000000000
49889  44.103  -27.181  48.751 0.0000000000
49873  44.218  -27.237  49.685 0.0000000000
36158  6.050  -41.832  63.379 0.0000000000
51979  39.984  -24.920  41.664 0.0000000000
51022  40.990  -26.111  43.216 0.0000000000
49996  40.439  -26.100  42.624 0.0000000000
48914  39.941  -28.063  46.370 0.0000000000
48903  39.501  -28.074  47.274 0.0000000000
49907  39.067  -27.699  48.173 0.0000000000
38116  31.971  -40.001  54.798 0.0000000000
39025  32.336  -39.490  54.539 0.0000000000
38115  32.629  -39.922  54.969 0.0000000000
123712  33.215  -39.905  55.152 0.0000000000
112120  32.970  -40.257  55.649 0.0000000000
33690  30.693  -44.097  61.247 0.0000000000
34471  31.178  -43.525  60.813 0.0000000000
34466  31.496  -43.585  62.004 0.0000000000
31970  22.935  -46.400  60.853 0.0000000000
31958  22.426  -46.365  61.547 0.0000000000
31998  19.381  -46.752  58.511 0.0000000000
31081  18.985  -47.421  59.148 0.0000000000
33752  13.923  -45.291  56.275 0.0000000000
32904  14.039  -45.962  56.968 0.0000000000
32866  13.883  -46.290  58.718 0.0000000000
32905  13.493  -46.023  57.577 0.0000000000
111663  23.956  -42.867  53.242 0.0000000000
35431  24.421  -42.383  52.542 0.0000000000
35430  25.456  -42.301  52.694 0.0000000000
34570  25.240  -43.199  53.917 0.0000000000
34548  25.608  -43.746  54.424 0.0000000000
116286  24.870  -43.619  54.476 0.0000000000
32862  23.265  -46.442  58.731 0.0000000000
115143  9.369  -43.441  68.003 0.0000000000
34439  10.351  -43.718  67.637 0.0000000000
61746  55.849  -12.952  43.738 0.0000000000
109533  55.494  -13.581  44.226 0.0000000000
127769  54.332  -16.487  46.643 0.0000000000
57112  54.952  -17.330  47.555 0.0000000000
114377  51.431  -18.007  44.062 0.0000000000
52817  48.175  -23.382  45.212 0.0000000000
53750  47.752  -22.783  44.455 0.0000000000
52807  48.860  -23.218  46.196 0.0000000000
51891  46.613  -25.412  50.667 0.0000000000
51890  47.653  -25.164  50.928 0.0000000000
50980  34.523  -26.042  45.773 0.0000000000
50882  36.675  -25.117  51.529 0.0000000000
50881  37.079  -25.572  52.164 0.0000000000
50870  37.571  -25.878  53.033 0.0000000000
40911  33.858  -36.348  50.536 0.0000000000
41854  33.715  -35.863  49.704 0.0000000000
116623  34.686  -36.039  51.032 0.0000000000
41806  38.186  -35.177  54.300 0.0000000000
42786  37.764  -34.597  52.686 0.0000000000
42780  38.440  -34.039  53.226 0.0000000000
110194  38.762  -33.244  52.903 0.0000000000
43645  39.128  -33.379  53.773 0.0000000000
119080  39.456  -31.958  58.697 0.0000000000
46017  39.423  -30.874  56.738 0.0000000000
45996  39.384  -30.634  57.699 0.0000000000
117722  39.159  -29.993  56.344 0.0000000000
126313  39.146  -29.936  57.140 0.0000000000
64431  53.660  -10.978  37.051 0.0000000000
64430  54.482  -10.469  37.972 0.0000000000
61764  55.263  -12.993  41.937 0.0000000000
62598  55.101  -12.404  41.362 0.0000000000
61755  56.095  -12.546  42.975 0.0000000000
63467  62.876  -11.037  38.812 0.0000000000
63466  63.288  -11.500  38.981 0.0000000000
128580  63.343  -11.499  39.700 0.0000000000
62627  63.427  -11.981  39.991 0.0000000000
118692  59.660  -9.399  41.411 0.0000000000
64383  58.998  -9.513  41.262 0.0000000000
64370  58.748  -10.013  41.560 0.0000000000
64384  58.082  -9.690  40.833 0.0000000000
107707  26.098  -46.336  62.293 0.0000000000
107708  26.827  -46.461  62.751 0.0000000000
110003  11.695  -44.842  61.760 0.0000000000
33660  10.815  -44.442  63.387 0.0000000000
33659  11.570  -44.198  63.712 0.0000000000
33648  11.991  -43.924  64.795 0.0000000000
112320  12.770  -44.029  65.403 0.0000000000
58099  46.109  -17.022  39.941 0.0000000000
58087  45.681  -17.682  40.326 0.0000000000
109946  43.450  -27.736  52.051 0.0000000000
36154  4.169  -41.668  64.335 0.0000000000
39984  27.887  -38.235  50.563 0.0000000000
39983  28.479  -37.984  51.113 0.0000000000
39964  28.606  -38.457  51.636 0.0000000000
38127  29.959  -39.684  54.785 0.0000000000
39054  29.728  -38.794  53.642 0.0000000000
38118  30.545  -39.811  54.699 0.0000000000
39027  30.619  -39.502  54.364 0.0000000000
37162  30.932  -40.307  55.167 0.0000000000
110283  21.822  -45.176  57.180 0.0000000000
32901  21.587  -45.537  57.651 0.0000000000
33727  21.270  -45.229  57.292 0.0000000000
123016  19.803  -44.492  55.702 0.0000000000
33728  20.205  -45.277  56.840 0.0000000000
33751  19.579  -45.125  56.224 0.0000000000
32914  19.517  -45.632  57.028 0.0000000000
111304  21.601  -42.833  52.690 0.0000000000
35409  22.395  -42.811  52.917 0.0000000000
35408  23.160  -42.825  53.147 0.0000000000
34550  23.534  -43.761  54.544 0.0000000000
34551  22.759  -43.645  54.346 0.0000000000
33748  22.021  -44.392  56.021 0.0000000000
32900  22.491  -45.576  57.322 0.0000000000
29078  19.363  -50.097  63.653 0.0000000000
61765  53.987  -13.894  41.308 0.0000000000
60809  53.784  -14.728  42.450 0.0000000000
59906  52.864  -15.240  43.696 0.0000000000
125967  53.159  -15.076  42.955 0.0000000000
58959  53.323  -16.057  44.932 0.0000000000
55473  52.494  -20.654  47.150 0.0000000000
55461  53.020  -20.557  47.972 0.0000000000
54692  43.930  -21.272  41.631 0.0000000000
54682  44.682  -20.949  42.300 0.0000000000
53798  44.362  -21.936  41.953 0.0000000000
113951  45.609  -23.708  44.302 0.0000000000
52833  46.500  -23.578  44.481 0.0000000000
52819  46.889  -24.123  44.862 0.0000000000
49912  32.150  -25.902  47.373 0.0000000000
49895  32.787  -25.639  48.251 0.0000000000
109128  33.492  -25.043  48.286 0.0000000000
50913  33.333  -25.667  49.225 0.0000000000
48846  35.411  -27.140  51.267 0.0000000000
49861  34.774  -26.880  50.409 0.0000000000
49846  35.440  -26.784  51.161 0.0000000000
49845  35.920  -26.222  51.618 0.0000000000
39928  35.827  -37.946  54.266 0.0000000000
40874  35.775  -37.029  53.156 0.0000000000
39943  36.030  -37.326  53.810 0.0000000000
39885  37.579  -36.950  56.509 0.0000000000
40852  37.289  -36.970  55.085 0.0000000000
39906  37.632  -36.697  55.802 0.0000000000
41798  37.938  -36.241  55.914 0.0000000000
41790  37.963  -36.217  56.699 0.0000000000
62642  50.338  -12.237  37.608 0.0000000000
62641  50.962  -12.004  37.828 0.0000000000
63462  51.795  -11.612  39.182 0.0000000000
63474  51.588  -11.576  38.177 0.0000000000
63473  52.243  -11.078  38.520 0.0000000000
63461  52.490  -11.202  39.470 0.0000000000
60827  53.232  -14.042  40.743 0.0000000000
62615  53.187  -12.261  40.492 0.0000000000
63498  60.003  -11.455  36.476 0.0000000000
63482  61.046  -11.498  38.065 0.0000000000
63469  61.324  -10.522  38.695 0.0000000000
63470  60.355  -11.054  38.478 0.0000000000
116553  58.666  -10.927  38.027 0.0000000000
64416  58.587  -10.044  38.757 0.0000000000
64417  57.504  -9.348  38.624 0.0000000000
34519  28.837  -43.834  55.857 0.0000000000
33742  29.304  -43.874  56.640 0.0000000000
33722  29.145  -44.922  56.823 0.0000000000
32858  29.562  -45.677  59.545 0.0000000000
33702  29.966  -44.886  60.428 0.0000000000
31052  15.428  -47.840  62.439 0.0000000000
108945  15.876  -48.355  62.856 0.0000000000
31933  15.969  -46.771  64.918 0.0000000000
31011  15.908  -47.359  66.104 0.0000000000
31920  16.002  -46.840  65.833 0.0000000000
32827  14.378  -45.568  64.308 0.0000000000
60844  50.015  -14.075  40.127 0.0000000000
128388  50.838  -15.144  40.285 0.0000000000
60831  50.265  -14.929  40.129 0.0000000000
108333  50.166  -16.533  40.364 0.0000000000
58068  50.219  -17.300  41.881 0.0000000000
59000  47.782  -16.713  40.136 0.0000000000
58084  48.424  -17.418  40.474 0.0000000000
58056  49.258  -18.521  42.467 0.0000000000
57140  50.062  -18.368  42.995 0.0000000000
57133  50.536  -19.073  43.605 0.0000000000
56328  50.960  -19.651  44.191 0.0000000000
110469  50.208  -20.986  44.433 0.0000000000
125073  50.804  -20.868  44.828 0.0000000000
54617  51.385  -21.517  46.304 0.0000000000
54618  50.667  -21.943  46.063 0.0000000000
50963  44.796  -25.930  46.472 0.0000000000
50909  45.648  -26.306  49.937 0.0000000000
50925  45.578  -26.297  48.987 0.0000000000
129889  46.281  -25.899  49.994 0.0000000000
50893  45.637  -25.780  51.023 0.0000000000
49831  44.578  -26.408  52.089 0.0000000000
49840  44.818  -26.092  51.631 0.0000000000
50868  45.017  -25.765  52.123 0.0000000000
50867  45.553  -25.538  52.428 0.0000000000
50866  46.293  -25.203  52.940 0.0000000000
50879  46.157  -25.448  52.047 0.0000000000
51861  46.951  -24.753  53.419 0.0000000000
128422  35.733  -30.025  47.563 0.0000000000
113860  35.561  -29.429  47.791 0.0000000000
46075  35.998  -30.117  48.125 0.0000000000
62643  49.115  -12.638  37.452 0.0000000000
62655  49.797  -12.246  37.074 0.0000000000
66304  58.509  -8.487  35.137 0.0000000000
128821  7.441  -43.160  62.693 0.0000000000
36151  6.620  -41.968  64.673 0.0000000000
35300  7.244  -42.533  64.603 0.0000000000
35297  7.419  -42.633  65.705 0.0000000000
114301  4.585  -42.002  65.244 0.0000000000
124293  5.461  -41.950  64.992 0.0000000000
36147  5.196  -42.305  65.988 0.0000000000
52860  43.206  -22.897  41.670 0.0000000000
117553  42.360  -22.938  41.577 0.0000000000
51977  41.273  -24.855  42.493 0.0000000000
52863  41.232  -24.122  42.117 0.0000000000
52862  41.979  -24.260  42.298 0.0000000000
51020  42.457  -25.570  43.553 0.0000000000
49952  41.458  -26.799  44.442 0.0000000000
50998  42.318  -26.284  44.309 0.0000000000
107156  42.211  -26.850  44.966 0.0000000000
49922  42.488  -26.984  46.300 0.0000000000
49935  41.972  -27.002  45.739 0.0000000000
49972  39.423  -27.266  43.346 0.0000000000
48959  39.930  -27.362  43.890 0.0000000000
107456  41.301  -27.789  46.835 0.0000000000
122955  41.641  -27.647  47.107 0.0000000000
108163  41.923  -27.782  47.739 0.0000000000
48877  42.103  -28.028  49.089 0.0000000000
48890  41.409  -28.114  48.644 0.0000000000
112318  40.510  -27.884  50.663 0.0000000000
124725  40.619  -27.966  49.958 0.0000000000
48821  41.060  -27.941  52.558 0.0000000000
48842  40.587  -27.878  51.658 0.0000000000
40927  31.693  -36.543  49.207 0.0000000000
40926  32.378  -36.506  49.586 0.0000000000
115589  29.817  -38.042  52.192 0.0000000000
40000  30.008  -37.371  50.641 0.0000000000
39963  30.798  -37.959  52.188 0.0000000000
39065  32.645  -38.366  52.895 0.0000000000
39961  32.459  -37.859  52.041 0.0000000000
39978  33.082  -37.587  51.418 0.0000000000
39064  33.623  -38.396  52.767 0.0000000000
39945  34.791  -38.239  53.240 0.0000000000
39049  34.344  -38.796  53.764 0.0000000000
119347  34.622  -39.869  56.353 0.0000000000
38113  34.624  -39.676  55.495 0.0000000000
38104  35.155  -39.428  57.045 0.0000000000
38985  35.583  -39.037  57.726 0.0000000000
38088  35.025  -39.585  57.839 0.0000000000
108321  29.714  -42.995  57.172 0.0000000000
35368  29.663  -42.156  56.534 0.0000000000
35352  30.035  -42.293  57.099 0.0000000000
36200  31.187  -41.993  58.299 0.0000000000
36212  30.831  -41.696  57.381 0.0000000000
37139  31.123  -40.951  57.043 0.0000000000
36199  31.810  -41.513  58.731 0.0000000000
36171  33.387  -41.879  62.008 0.0000000000
36180  32.969  -41.573  61.093 0.0000000000
37113  32.983  -40.831  59.402 0.0000000000
37123  33.344  -40.576  58.683 0.0000000000
37112  33.616  -40.643  59.658 0.0000000000
37097  34.939  -40.678  61.068 0.0000000000
37096  35.674  -40.498  61.370 0.0000000000
31929  24.093  -46.509  63.641 0.0000000000
31930  23.535  -46.721  63.860 0.0000000000
31932  22.368  -47.021  62.966 0.0000000000
31049  21.726  -47.337  62.488 0.0000000000
32864  21.333  -46.361  59.133 0.0000000000
32852  21.228  -46.413  59.891 0.0000000000
31070  19.967  -47.388  60.349 0.0000000000
31069  20.762  -47.010  60.749 0.0000000000
30100  19.260  -48.109  60.825 0.0000000000
30101  18.494  -48.479  60.426 0.0000000000
30088  17.999  -48.972  60.999 0.0000000000
33785  16.852  -44.563  54.329 0.0000000000
33784  17.612  -44.503  54.428 0.0000000000
33766  17.528  -44.999  54.820 0.0000000000
32932  18.007  -45.477  55.454 0.0000000000
32933  16.985  -45.563  55.358 0.0000000000
34556  15.293  -43.788  53.891 0.0000000000
33787  14.888  -44.489  54.575 0.0000000000
32918  15.431  -45.930  56.052 0.0000000000
32022  16.933  -46.480  56.558 0.0000000000
32009  16.369  -46.899  57.348 0.0000000000
31105  17.150  -47.163  57.677 0.0000000000
31106  16.452  -47.342  58.147 0.0000000000
109215  15.008  -47.177  58.921 0.0000000000
31084  15.746  -47.522  59.467 0.0000000000
31072  16.323  -47.867  60.087 0.0000000000
32853  13.670  -46.601  59.550 0.0000000000
31976  14.165  -46.925  60.220 0.0000000000
110670  13.446  -46.616  60.655 0.0000000000
34504  11.778  -44.779  56.910 0.0000000000
109624  12.412  -45.620  57.957 0.0000000000
33714  11.521  -45.057  58.762 0.0000000000
33705  11.379  -45.032  59.472 0.0000000000
33692  11.504  -45.021  60.239 0.0000000000
112008  10.958  -44.874  59.726 0.0000000000
125400  9.106  -43.754  59.161 0.0000000000
34483  9.337  -44.105  59.707 0.0000000000
34472  8.814  -44.057  60.341 0.0000000000
35322  7.419  -42.730  60.310 0.0000000000
36182  6.969  -42.107  60.844 0.0000000000
39088  26.864  -38.817  49.885 0.0000000000
39080  27.393  -38.748  50.411 0.0000000000
38153  27.199  -39.445  50.839 0.0000000000
38145  27.604  -39.611  51.608 0.0000000000
37217  25.692  -40.500  50.061 0.0000000000
38180  25.814  -39.749  49.285 0.0000000000
35406  26.332  -42.427  53.190 0.0000000000
35429  26.178  -41.849  52.602 0.0000000000
36261  26.874  -41.650  52.870 0.0000000000
34545  27.910  -43.297  54.435 0.0000000000
35395  27.049  -43.341  54.138 0.0000000000
33745  26.282  -45.209  56.347 0.0000000000
111430  26.608  -44.775  55.531 0.0000000000
109515  26.489  -46.027  57.573 0.0000000000
33746  24.777  -45.121  56.195 0.0000000000
33724  24.221  -45.472  56.874 0.0000000000
32860  24.850  -46.323  58.838 0.0000000000
31997  25.637  -46.385  58.781 0.0000000000
31969  25.552  -46.342  60.757 0.0000000000
31944  24.119  -46.290  62.749 0.0000000000
107876  24.794  -46.216  62.353 0.0000000000
31919  24.780  -46.654  64.078 0.0000000000
31026  22.957  -47.778  64.355 0.0000000000
29060  16.764  -50.008  65.613 0.0000000000
33651  9.016  -44.416  64.433 0.0000000000
33642  9.395  -44.307  65.297 0.0000000000
123163  11.157  -43.626  67.597 0.0000000000
34438  10.778  -43.815  66.951 0.0000000000
34437  11.412  -43.852  67.029 0.0000000000
115558  11.803  -43.999  66.533 0.0000000000
33632  11.504  -43.938  66.915 0.0000000000
58929  56.133  -16.443  47.263 0.0000000000
58986  51.243  -16.274  41.740 0.0000000000
59916  51.914  -15.913  42.502 0.0000000000
58960  52.436  -16.598  44.485 0.0000000000
58034  53.309  -17.305  45.764 0.0000000000
56316  53.170  -19.103  46.937 0.0000000000
125574  52.643  -18.689  45.845 0.0000000000
57113  54.293  -17.489  47.225 0.0000000000
56307  55.191  -19.049  48.412 0.0000000000
57172  44.592  -18.567  40.814 0.0000000000
57159  45.465  -18.877  41.290 0.0000000000
56357  46.040  -19.339  41.767 0.0000000000
56347  46.176  -19.749  42.305 0.0000000000
54681  45.379  -20.769  42.763 0.0000000000
55526  45.152  -20.278  42.397 0.0000000000
55518  45.937  -20.596  43.058 0.0000000000
54672  47.110  -21.116  43.465 0.0000000000
114624  47.752  -21.357  43.661 0.0000000000
54655  48.490  -21.155  43.725 0.0000000000
109274  49.084  -21.677  44.208 0.0000000000
53717  49.620  -22.831  46.689 0.0000000000
54619  50.001  -22.386  46.237 0.0000000000
129946  50.903  -22.527  47.506 0.0000000000
50962  45.453  -25.508  46.265 0.0000000000
110016  45.905  -25.668  46.881 0.0000000000
51910  47.734  -25.382  48.422 0.0000000000
50941  47.053  -25.417  47.047 0.0000000000
51919  47.748  -25.136  47.478 0.0000000000
51918  48.407  -24.647  47.982 0.0000000000
52780  49.912  -23.333  50.700 0.0000000000
52791  49.437  -23.969  49.971 0.0000000000
52798  48.972  -23.980  48.421 0.0000000000
52790  49.642  -23.522  48.952 0.0000000000
49953  36.118  -26.961  45.144 0.0000000000
48927  37.430  -27.713  45.816 0.0000000000
122475  36.985  -26.997  46.364 0.0000000000
50928  34.811  -25.524  48.730 0.0000000000
49910  35.163  -25.572  47.778 0.0000000000
50945  35.837  -25.808  48.145 0.0000000000
49877  37.230  -25.963  49.997 0.0000000000
49892  37.240  -26.344  48.402 0.0000000000
107300  37.732  -26.506  49.099 0.0000000000
107278  38.119  -26.979  48.211 0.0000000000
49875  39.159  -27.120  49.705 0.0000000000
128332  38.784  -26.719  50.305 0.0000000000
49834  39.050  -26.393  52.718 0.0000000000
49842  39.580  -26.830  51.853 0.0000000000
49820  39.952  -26.426  53.774 0.0000000000
41826  35.782  -35.991  52.066 0.0000000000
41840  35.348  -35.503  50.819 0.0000000000
107733  36.480  -35.458  51.881 0.0000000000
43659  37.168  -33.756  50.694 0.0000000000
42808  36.601  -34.256  50.767 0.0000000000
113805  36.726  -33.839  49.317 0.0000000000
44467  37.197  -33.050  48.993 0.0000000000
44465  38.324  -31.978  50.111 0.0000000000
125606  38.603  -31.212  50.720 0.0000000000
46061  37.906  -30.522  49.663 0.0000000000
46049  38.821  -30.720  51.478 0.0000000000
38925  37.940  -38.526  62.257 0.0000000000
38934  37.429  -38.187  61.081 0.0000000000
39822  37.746  -37.553  61.396 0.0000000000
40803  38.231  -36.268  60.828 0.0000000000
40820  38.109  -36.261  59.917 0.0000000000
41778  38.456  -35.552  57.657 0.0000000000
41769  38.409  -35.518  58.562 0.0000000000
44375  39.638  -32.741  57.324 0.0000000000
42715  39.269  -33.841  58.545 0.0000000000
43588  39.488  -33.413  57.693 0.0000000000
42732  39.287  -33.932  57.164 0.0000000000
43603  39.548  -33.500  56.510 0.0000000000
43635  39.597  -33.040  54.532 0.0000000000
44390  39.734  -32.623  55.387 0.0000000000
46032  39.001  -30.148  53.924 0.0000000000
46037  39.201  -31.016  53.527 0.0000000000
111005  38.964  -30.323  53.060 0.0000000000
46928  38.605  -29.892  51.722 0.0000000000
113070  38.680  -29.681  52.606 0.0000000000
46929  38.023  -28.914  52.201 0.0000000000
47872  38.405  -28.909  52.976 0.0000000000
47846  38.440  -27.759  54.545 0.0000000000
48803  37.154  -27.063  54.510 0.0000000000
48787  37.613  -26.975  55.051 0.0000000000
46845  38.757  -28.936  58.330 0.0000000000
115275  38.848  -28.892  59.243 0.0000000000
48742  38.512  -26.731  57.669 0.0000000000
49777  38.265  -26.038  55.797 0.0000000000
50826  38.460  -25.729  55.306 0.0000000000
50812  38.714  -25.560  56.163 0.0000000000
64446  51.755  -10.767  36.228 0.0000000000
120885  52.449  -10.824  36.404 0.0000000000
129459  55.755  -10.348  35.709 0.0000000000
128887  56.524  -10.463  35.865 0.0000000000
65364  56.620  -8.020  39.086 0.0000000000
65358  56.235  -8.232  39.037 0.0000000000
63459  54.044  -10.818  39.656 0.0000000000
63443  55.601  -11.002  40.630 0.0000000000
64387  55.428  -10.408  40.005 0.0000000000
64386  56.316  -10.221  40.399 0.0000000000
64372  57.233  -10.609  41.130 0.0000000000
63512  62.657  -11.413  35.802 0.0000000000
65341  61.254  -9.376  40.711 0.0000000000
31023  25.927  -47.066  64.531 0.0000000000
116860  9.962  -44.812  61.802 0.0000000000
112129  10.341  -44.484  64.070 0.0000000000
48820  42.326  -28.140  52.641 0.0000000000
48819  43.460  -27.642  53.017 0.0000000000
39056  28.631  -39.063  52.601 0.0000000000
39069  28.897  -38.626  52.366 0.0000000000
38135  29.029  -39.202  53.447 0.0000000000
38128  29.503  -39.363  54.214 0.0000000000
115309  29.909  -40.504  55.241 0.0000000000
113407  21.086  -44.440  56.159 0.0000000000
130000  19.344  -44.423  55.162 0.0000000000
34574  21.783  -43.101  53.505 0.0000000000
34552  21.962  -43.493  54.238 0.0000000000
113481  21.383  -43.682  54.784 0.0000000000
116425  21.254  -44.028  55.475 0.0000000000
29095  18.607  -49.858  62.697 0.0000000000
28088  18.054  -50.615  64.658 0.0000000000
59915  52.600  -15.475  42.783 0.0000000000
55474  51.933  -21.546  46.952 0.0000000000
53785  43.954  -22.733  41.940 0.0000000000
53784  44.552  -22.556  42.533 0.0000000000
52848  44.652  -23.218  43.162 0.0000000000
113702  45.073  -23.869  44.252 0.0000000000
48893  34.014  -27.290  48.876 0.0000000000
110163  33.844  -26.521  49.561 0.0000000000
48882  33.287  -25.958  49.385 0.0000000000
48861  35.251  -27.413  50.642 0.0000000000
48845  35.694  -27.250  51.767 0.0000000000
39008  36.561  -38.380  56.630 0.0000000000
39022  36.710  -37.962  55.820 0.0000000000
124824  37.318  -37.669  57.957 0.0000000000
120234  37.608  -37.013  58.058 0.0000000000
62629  50.748  -12.697  39.417 0.0000000000
62628  51.410  -12.225  39.761 0.0000000000
129778  52.397  -12.153  40.423 0.0000000000
111787  59.248  -11.498  36.768 0.0000000000
63471  59.329  -11.074  38.205 0.0000000000
63485  57.836  -11.303  37.008 0.0000000000
32894  28.651  -45.629  57.369 0.0000000000
32859  28.896  -46.187  58.966 0.0000000000
31979  29.065  -46.221  59.951 0.0000000000
31965  29.137  -46.029  60.795 0.0000000000
31948  14.805  -47.228  63.041 0.0000000000
31935  14.610  -46.410  63.652 0.0000000000
32826  15.222  -45.932  65.005 0.0000000000
33638  14.233  -45.067  65.770 0.0000000000
59953  49.385  -14.806  39.893 0.0000000000
124566  49.502  -16.449  39.989 0.0000000000
58083  49.456  -17.227  40.487 0.0000000000
57157  48.055  -18.106  41.091 0.0000000000
55514  50.303  -19.874  43.710 0.0000000000
55515  49.537  -20.075  43.553 0.0000000000
116274  50.059  -20.485  43.918 0.0000000000
49904  44.005  -26.655  46.715 0.0000000000
121184  44.684  -26.356  47.451 0.0000000000
49872  44.878  -26.600  49.289 0.0000000000
50854  45.192  -25.731  53.037 0.0000000000
36163  6.160  -41.882  62.713 0.0000000000
36157  6.648  -42.030  63.076 0.0000000000
51978  40.656  -24.469  41.975 0.0000000000
51021  41.576  -25.518  43.087 0.0000000000
126573  40.963  -25.566  42.737 0.0000000000
108391  39.105  -27.842  44.832 0.0000000000
48939  39.957  -27.604  44.695 0.0000000000
107995  40.445  -28.136  47.173 0.0000000000
48891  40.456  -28.015  48.850 0.0000000000
126504  40.076  -27.409  50.341 0.0000000000
40928  30.289  -36.925  49.221 0.0000000000
39053  30.510  -38.829  53.610 0.0000000000
126323  30.686  -38.557  52.936 0.0000000000
39052  31.537  -38.797  53.364 0.0000000000
39051  32.454  -38.805  53.701 0.0000000000
39037  32.749  -39.023  54.291 0.0000000000
39036  33.616  -39.118  54.364 0.0000000000
111605  33.841  -40.136  55.759 0.0000000000
123638  34.063  -40.230  56.557 0.0000000000
33701  30.416  -43.788  58.950 0.0000000000
34490  30.544  -43.089  58.471 0.0000000000
34481  30.999  -43.362  59.626 0.0000000000
35337  31.090  -42.736  58.849 0.0000000000
35328  31.354  -42.804  59.721 0.0000000000
35312  34.086  -42.536  62.316 0.0000000000
37098  34.106  -40.862  60.721 0.0000000000
31959  21.789  -46.346  61.164 0.0000000000
32865  20.359  -46.291  58.330 0.0000000000
31985  20.821  -46.418  59.346 0.0000000000
31986  20.225  -46.732  59.060 0.0000000000
30115  18.202  -47.952  59.562 0.0000000000
34536  13.995  -44.439  54.830 0.0000000000
33769  14.505  -45.036  55.438 0.0000000000
32919  14.607  -45.643  56.165 0.0000000000
32010  15.220  -46.697  57.400 0.0000000000
32001  15.471  -47.132  58.081 0.0000000000
32002  14.507  -46.589  58.308 0.0000000000
31987  14.851  -47.137  59.826 0.0000000000
32867  13.249  -46.292  58.874 0.0000000000
38166  26.380  -39.524  49.891 0.0000000000
36309  24.428  -41.787  50.494 0.0000000000
36293  24.722  -41.786  51.268 0.0000000000
113062  25.408  -41.452  51.407 0.0000000000
36277  25.015  -41.937  51.971 0.0000000000
34569  26.175  -43.197  53.852 0.0000000000
34547  26.503  -43.884  54.452 0.0000000000
33759  25.892  -44.352  55.076 0.0000000000
114307  25.673  -44.935  55.850 0.0000000000
32899  23.721  -45.868  57.432 0.0000000000
32898  24.562  -45.824  57.393 0.0000000000
32861  24.154  -46.378  58.817 0.0000000000
120512  24.503  -46.408  59.639 0.0000000000
31984  24.748  -46.333  60.476 0.0000000000
107836  24.032  -46.347  60.970 0.0000000000
34446  8.796  -43.962  65.651 0.0000000000
59889  54.289  -15.493  45.614 0.0000000000
59888  55.401  -14.978  46.317 0.0000000000
58941  55.560  -16.066  47.228 0.0000000000
57104  56.077  -17.615  47.458 0.0000000000
56306  55.686  -18.513  47.802 0.0000000000
58970  50.942  -16.967  43.162 0.0000000000
58969  51.487  -16.589  43.513 0.0000000000
58042  51.926  -17.315  44.352 0.0000000000
57119  52.802  -18.134  45.609 0.0000000000
57160  44.725  -19.255  41.473 0.0000000000
53767  46.508  -22.291  43.808 0.0000000000
126396  46.409  -21.451  43.391 0.0000000000
53749  48.507  -22.755  44.746 0.0000000000
53748  49.207  -22.341  44.820 0.0000000000
53704  49.846  -23.012  47.530 0.0000000000
50923  46.354  -25.876  48.298 0.0000000000
50942  46.337  -25.716  47.437 0.0000000000
51911  46.819  -25.590  48.863 0.0000000000
109616  47.481  -25.410  49.391 0.0000000000
51902  48.091  -25.115  49.959 0.0000000000
52779  50.409  -22.986  50.401 0.0000000000
49937  35.270  -26.734  45.512 0.0000000000
107266  35.804  -26.659  46.014 0.0000000000
50911  35.993  -25.431  49.547 0.0000000000
50927  36.336  -25.933  48.662 0.0000000000
50910  36.295  -24.892  50.231 0.0000000000
49860  36.780  -25.144  50.641 0.0000000000
49859  37.813  -26.167  50.666 0.0000000000
49858  38.943  -26.591  50.967 0.0000000000
49844  37.937  -26.210  51.626 0.0000000000
49835  38.073  -26.140  52.595 0.0000000000
50855  38.729  -25.967  54.231 0.0000000000
41824  37.326  -35.417  53.054 0.0000000000
41838  37.095  -35.045  52.209 0.0000000000
42796  37.482  -34.193  51.815 0.0000000000
43655  37.632  -33.581  51.240 0.0000000000
44455  37.979  -32.941  50.500 0.0000000000
44442  38.269  -32.915  51.427 0.0000000000
43654  38.507  -33.020  52.176 0.0000000000
44430  38.979  -32.474  52.586 0.0000000000
39805  38.106  -37.670  62.053 0.0000000000
39783  38.603  -37.527  62.196 0.0000000000
117125  38.379  -36.236  61.910 0.0000000000
126631  38.443  -35.661  61.255 0.0000000000
45172  39.604  -31.973  56.785 0.0000000000
128140  39.727  -32.298  56.083 0.0000000000
46024  39.273  -30.792  55.267 0.0000000000
46908  39.028  -29.989  54.800 0.0000000000
46909  38.828  -29.114  54.270 0.0000000000
46900  39.106  -29.952  55.606 0.0000000000
127998  38.987  -29.325  55.993 0.0000000000
46889  38.890  -28.432  56.091 0.0000000000
64445  53.192  -10.731  36.276 0.0000000000
64443  55.052  -10.619  36.022 0.0000000000
64429  55.445  -10.552  37.568 0.0000000000
113467  55.617  -9.836  38.678 0.0000000000
62614  54.214  -12.402  40.758 0.0000000000
63428  55.841  -11.695  41.383 0.0000000000
62596  56.921  -11.847  42.081 0.0000000000
63495  63.518  -11.685  36.640 0.0000000000
63479  63.225  -11.704  37.943 0.0000000000
65354  59.870  -9.144  40.575 0.0000000000
64382  59.865  -9.465  41.490 0.0000000000
63424  58.978  -10.340  41.685 0.0000000000
107875  26.949  -46.252  61.595 0.0000000000
123581  27.928  -46.356  61.283 0.0000000000
31941  27.642  -46.533  63.352 0.0000000000
115590  26.746  -46.819  64.551 0.0000000000
32836  12.492  -45.540  62.056 0.0000000000
32835  13.213  -45.806  62.493 0.0000000000
33670  12.912  -44.987  63.022 0.0000000000
33657  13.200  -44.619  64.164 0.0000000000
33672  11.480  -44.576  62.746 0.0000000000
33658  12.309  -44.438  63.631 0.0000000000
33646  13.403  -44.470  65.307 0.0000000000
33639  12.974  -44.275  65.860 0.0000000000
33631  13.299  -44.674  65.926 0.0000000000
59001  46.931  -16.838  40.135 0.0000000000
48858  43.358  -27.665  50.167 0.0000000000
49856  44.282  -27.182  50.613 0.0000000000
49818  44.223  -27.046  53.333 0.0000000000
49817  44.736  -26.301  53.648 0.0000000000
36159  5.060  -41.855  63.535 0.0000000000
36155  3.359  -41.096  64.811 0.0000000000
36141  4.058  -41.430  68.113 0.0000000000
48940  38.404  -27.950  44.461 0.0000000000
48926  38.450  -27.937  45.441 0.0000000000
39055  29.204  -38.848  53.125 0.0000000000
39068  29.565  -38.358  52.924 0.0000000000
39067  29.950  -38.495  53.477 0.0000000000
38117  31.252  -40.030  54.664 0.0000000000
124575  22.468  -46.400  58.550 0.0000000000
32863  21.841  -46.392  58.864 0.0000000000
32881  21.365  -46.083  58.258 0.0000000000
111390  20.870  -44.948  56.769 0.0000000000
125254  20.719  -45.370  57.279 0.0000000000
32915  18.917  -46.019  56.865 0.0000000000
33753  12.966  -45.402  56.339 0.0000000000
129517  12.815  -45.642  56.893 0.0000000000
33754  12.233  -44.724  56.326 0.0000000000
35433  23.015  -42.476  52.435 0.0000000000
123840  23.640  -42.528  52.708 0.0000000000
34549  24.245  -43.899  54.904 0.0000000000
34531  23.504  -44.185  55.340 0.0000000000
33762  23.136  -44.621  56.036 0.0000000000
34532  22.743  -44.268  55.560 0.0000000000
33725  23.287  -45.288  56.772 0.0000000000
113561  22.923  -46.282  57.816 0.0000000000
124806  54.623  -13.617  41.805 0.0000000000
60801  54.639  -13.948  43.277 0.0000000000
108184  52.170  -18.852  45.342 0.0000000000
56309  53.084  -19.790  47.468 0.0000000000
53769  45.079  -22.354  43.209 0.0000000000
53768  45.842  -22.302  43.493 0.0000000000
52832  47.314  -23.504  44.721 0.0000000000
52808  48.032  -23.913  46.215 0.0000000000
51886  47.684  -24.984  52.046 0.0000000000
108209  33.666  -25.436  46.278 0.0000000000
50964  34.485  -25.628  46.593 0.0000000000
107610  33.503  -25.182  47.308 0.0000000000
123478  34.169  -25.108  48.372 0.0000000000
49879  33.933  -26.213  49.691 0.0000000000
49878  35.318  -26.164  49.717 0.0000000000
50897  36.051  -24.773  50.496 0.0000000000
50872  36.506  -25.817  51.940 0.0000000000
50858  36.718  -26.291  52.833 0.0000000000
40886  34.651  -37.141  52.030 0.0000000000
40897  34.970  -36.326  51.780 0.0000000000
40885  35.342  -36.639  52.488 0.0000000000
40884  36.183  -36.387  52.771 0.0000000000
117230  36.848  -37.507  55.219 0.0000000000
40861  37.250  -36.540  54.352 0.0000000000
41815  37.234  -35.989  53.680 0.0000000000
41807  37.708  -35.855  54.393 0.0000000000
41797  38.225  -35.625  55.242 0.0000000000
63487  52.813  -10.689  37.911 0.0000000000
63460  53.270  -10.931  39.613 0.0000000000
64457  61.694  -10.900  35.560 0.0000000000
123671  61.660  -11.522  36.011 0.0000000000
63481  62.046  -11.254  37.678 0.0000000000
63468  62.393  -10.612  38.638 0.0000000000
64412  62.595  -10.241  39.518 0.0000000000
64399  62.778  -10.336  40.147 0.0000000000
64413  61.920  -9.887  39.289 0.0000000000
64401  61.279  -9.369  40.078 0.0000000000
64402  60.381  -9.260  40.011 0.0000000000
64415  59.783  -10.095  39.184 0.0000000000
65355  58.566  -9.235  40.084 0.0000000000
120488  57.515  -8.375  39.233 0.0000000000
35393  28.267  -42.483  54.443 0.0000000000
36245  28.748  -41.483  54.666 0.0000000000
34528  28.916  -43.120  55.402 0.0000000000
34518  29.325  -42.978  56.280 0.0000000000
32893  29.455  -45.210  57.509 0.0000000000
33711  30.027  -44.180  58.352 0.0000000000
31954  28.689  -46.246  61.596 0.0000000000
31953  29.344  -45.887  61.548 0.0000000000
32833  29.974  -45.609  63.194 0.0000000000
32841  29.894  -45.392  62.172 0.0000000000
34576  19.510  -43.499  53.790 0.0000000000
121058  16.347  -49.208  63.005 0.0000000000
30068  16.121  -48.943  63.690 0.0000000000
31041  15.649  -47.420  63.682 0.0000000000
30036  16.065  -48.451  65.975 0.0000000000
32817  15.597  -45.757  66.376 0.0000000000
31921  15.867  -46.167  65.999 0.0000000000
118827  51.337  -15.247  40.489 0.0000000000
58998  50.760  -16.413  40.892 0.0000000000
58977  50.731  -16.814  42.381 0.0000000000
58050  50.816  -17.669  43.389 0.0000000000
59012  48.092  -15.829  39.875 0.0000000000
58999  48.724  -16.649  39.986 0.0000000000
58069  49.597  -17.656  41.367 0.0000000000
125455  50.820  -18.380  43.603 0.0000000000
56327  51.524  -19.324  44.834 0.0000000000
127319  51.557  -20.443  45.620 0.0000000000
54599  51.594  -22.067  47.752 0.0000000000
109197  44.279  -25.555  44.309 0.0000000000
51938  44.875  -25.072  44.997 0.0000000000
111897  45.472  -25.792  46.942 0.0000000000
50944  45.445  -26.212  48.069 0.0000000000
50924  46.046  -26.162  48.641 0.0000000000
50907  46.359  -25.867  49.240 0.0000000000
51904  46.147  -25.725  50.554 0.0000000000
112098  44.824  -26.258  51.030 0.0000000000
129888  45.321  -25.639  51.868 0.0000000000
51872  47.744  -24.686  53.010 0.0000000000
47001  34.998  -28.877  47.253 0.0000000000
46988  35.767  -29.173  48.606 0.0000000000
46970  36.635  -29.355  49.391 0.0000000000
38033  36.669  -39.540  61.357 0.0000000000
38948  36.989  -38.777  60.622 0.0000000000
38020  37.879  -39.566  62.200 0.0000000000
61808  49.301  -13.242  38.373 0.0000000000
61807  50.057  -13.108  38.908 0.0000000000
61783  50.780  -13.584  40.315 0.0000000000
65383  58.393  -9.272  35.345 0.0000000000
34459  7.952  -43.639  62.330 0.0000000000
34458  8.468  -44.306  62.858 0.0000000000
34453  7.916  -43.540  63.219 0.0000000000
35303  7.234  -42.738  63.463 0.0000000000
35296  8.207  -43.244  66.251 0.0000000000
35291  8.447  -43.143  67.457 0.0000000000
36138  6.787  -42.144  66.333 0.0000000000
35286  7.908  -42.664  68.154 0.0000000000
124708  43.522  -23.341  42.073 0.0000000000
51975  43.512  -23.916  42.478 0.0000000000
51958  43.550  -24.557  43.024 0.0000000000
51976  42.816  -24.396  42.579 0.0000000000
51019  43.485  -25.262  43.588 0.0000000000
50979  43.903  -26.345  44.851 0.0000000000
49933  43.439  -26.643  45.368 0.0000000000
49951  43.062  -26.598  44.828 0.0000000000
49921  43.297  -26.757  46.098 0.0000000000
109237  43.157  -27.104  46.892 0.0000000000
49971  40.324  -26.809  43.343 0.0000000000
48958  40.617  -27.156  44.146 0.0000000000
48924  40.385  -27.788  45.612 0.0000000000
48912  41.257  -27.520  45.862 0.0000000000
48901  42.859  -27.517  47.665 0.0000000000
48876  43.170  -27.709  49.173 0.0000000000
48859  42.450  -28.092  50.648 0.0000000000
48878  41.390  -28.205  49.482 0.0000000000
47890  41.447  -28.353  51.101 0.0000000000
123745  32.294  -36.119  48.968 0.0000000000
40912  33.122  -36.438  49.958 0.0000000000
129137  33.166  -36.783  50.520 0.0000000000
40915  29.645  -37.114  49.904 0.0000000000
40914  30.649  -37.053  49.973 0.0000000000
39962  31.718  -37.744  51.917 0.0000000000
39980  31.384  -37.565  51.361 0.0000000000
39998  31.941  -37.266  50.704 0.0000000000
40900  32.756  -37.194  50.851 0.0000000000
40899  33.504  -36.982  51.052 0.0000000000
39959  34.332  -38.059  52.396 0.0000000000
39035  35.573  -38.721  54.782 0.0000000000
38126  34.726  -39.259  54.595 0.0000000000
111350  35.290  -39.284  55.302 0.0000000000
39023  35.915  -38.707  55.775 0.0000000000
39009  35.762  -38.897  56.826 0.0000000000
128266  36.138  -39.175  59.223 0.0000000000
123110  29.225  -41.624  55.383 0.0000000000
36233  29.695  -41.359  55.879 0.0000000000
37155  30.305  -40.825  55.846 0.0000000000
36213  30.340  -41.919  57.026 0.0000000000
37154  30.947  -40.612  56.172 0.0000000000
37153  31.765  -40.606  56.505 0.0000000000
34470  31.945  -42.947  61.434 0.0000000000
35327  31.876  -42.388  60.294 0.0000000000
36181  32.446  -41.781  60.422 0.0000000000
36191  32.159  -41.655  59.611 0.0000000000
37125  32.142  -41.035  58.215 0.0000000000
37137  32.314  -40.736  57.452 0.0000000000
37152  32.614  -40.516  56.521 0.0000000000
37136  33.102  -40.552  57.560 0.0000000000
37135  33.771  -40.364  58.062 0.0000000000
38089  34.411  -40.050  57.942 0.0000000000
37111  34.542  -40.441  59.911 0.0000000000
108800  34.863  -39.883  58.448 0.0000000000
110832  35.680  -39.618  59.692 0.0000000000
30047  24.141  -47.514  64.274 0.0000000000
123400  23.543  -47.441  64.284 0.0000000000
31931  22.975  -46.750  63.514 0.0000000000
31040  22.599  -47.336  63.838 0.0000000000
31027  22.241  -48.097  64.150 0.0000000000
31960  21.275  -46.644  60.784 0.0000000000
31973  20.953  -46.565  60.309 0.0000000000
31058  21.413  -47.092  61.392 0.0000000000
115425  21.141  -47.661  62.204 0.0000000000
30076  20.724  -48.299  63.086 0.0000000000
30077  19.972  -48.865  62.859 0.0000000000
29110  18.878  -49.302  61.936 0.0000000000
29111  18.231  -49.410  61.736 0.0000000000
109881  19.188  -44.133  54.462 0.0000000000
33783  18.710  -44.502  54.920 0.0000000000
124892  18.105  -44.590  54.746 0.0000000000
32931  18.846  -45.332  55.774 0.0000000000
116253  18.481  -45.812  56.144 0.0000000000
32007  18.501  -46.534  57.293 0.0000000000
33786  15.853  -44.523  54.359 0.0000000000
32934  15.974  -45.568  55.439 0.0000000000
32021  18.069  -46.387  56.557 0.0000000000
32000  17.999  -47.116  57.721 0.0000000000
31082  17.424  -47.738  59.053 0.0000000000
31094  16.573  -47.585  58.856 0.0000000000
30116  17.191  -48.073  59.806 0.0000000000
30103  16.849  -48.393  60.528 0.0000000000
30089  16.654  -48.647  61.313 0.0000000000
31061  15.486  -47.839  61.578 0.0000000000
31975  14.684  -47.201  60.709 0.0000000000
33730  12.990  -45.943  57.622 0.0000000000
33712  12.784  -45.983  58.395 0.0000000000
33713  12.133  -45.515  58.626 0.0000000000
33703  12.514  -45.963  59.137 0.0000000000
122672  12.242  -45.896  60.022 0.0000000000
32844  12.179  -45.701  61.046 0.0000000000
33681  11.822  -45.035  61.011 0.0000000000
33682  11.246  -44.844  61.036 0.0000000000
33706  10.173  -44.614  59.672 0.0000000000
33683  10.344  -44.791  61.079 0.0000000000
123429  9.548  -44.712  61.214 0.0000000000
33695  8.907  -44.475  61.062 0.0000000000
34473  8.340  -43.899  60.940 0.0000000000
35321  7.936  -43.237  59.931 0.0000000000
34474  7.837  -43.367  60.670 0.0000000000
34467  7.879  -43.548  61.464 0.0000000000
36173  6.288  -41.805  61.371 0.0000000000
36162  6.489  -42.029  62.271 0.0000000000
109164  5.843  -41.787  62.110 0.0000000000
40917  27.677  -37.772  49.774 0.0000000000
40004  27.308  -38.360  49.886 0.0000000000
39985  27.575  -38.509  50.357 0.0000000000
39079  27.888  -38.590  50.754 0.0000000000
111719  28.183  -39.159  51.829 0.0000000000
38144  27.994  -39.585  52.456 0.0000000000
37189  27.751  -40.186  52.975 0.0000000000
38154  26.466  -39.971  50.543 0.0000000000
36292  26.043  -41.103  51.585 0.0000000000
37201  26.736  -40.342  51.383 0.0000000000
36274  27.263  -40.909  52.688 0.0000000000
36260  27.671  -41.101  53.330 0.0000000000
36246  27.914  -41.763  54.044 0.0000000000
34529  28.284  -43.846  55.048 0.0000000000
33758  28.216  -44.473  55.697 0.0000000000
33744  27.378  -44.974  56.039 0.0000000000
32912  28.071  -45.333  56.603 0.0000000000
32895  27.540  -45.910  57.407 0.0000000000
32875  27.106  -46.181  58.209 0.0000000000
31996  26.616  -46.308  58.961 0.0000000000
33760  25.025  -44.448  55.600 0.0000000000
124768  25.495  -45.288  56.557 0.0000000000
32897  25.105  -45.938  57.557 0.0000000000
32876  25.627  -46.163  57.819 0.0000000000
31968  26.547  -46.330  60.660 0.0000000000
31943  25.388  -46.292  62.853 0.0000000000
107851  24.814  -46.240  61.394 0.0000000000
31928  25.381  -46.493  63.798 0.0000000000
29079  17.345  -50.076  64.340 0.0000000000
33662  8.958  -44.578  63.554 0.0000000000
126592  9.556  -44.582  64.008 0.0000000000
33649  10.936  -44.008  64.876 0.0000000000
33641  10.372  -44.238  65.732 0.0000000000
111503  12.233  -44.188  66.259 0.0000000000
59923  51.998  -15.707  41.438 0.0000000000
59907  52.212  -15.763  43.459 0.0000000000
58968  51.948  -16.193  43.885 0.0000000000
57118  53.526  -17.801  46.485 0.0000000000
57170  46.028  -18.292  40.840 0.0000000000
110975  46.834  -19.305  41.858 0.0000000000
56359  44.901  -19.787  42.001 0.0000000000
56348  45.663  -19.934  42.409 0.0000000000
55524  46.217  -20.079  42.788 0.0000000000
56340  46.906  -20.101  42.844 0.0000000000
56339  47.516  -19.793  42.782 0.0000000000
55516  48.658  -20.290  43.455 0.0000000000
54639  49.936  -22.058  45.448 0.0000000000
53691  51.500  -22.219  48.678 0.0000000000
51937  45.621  -24.964  45.409 0.0000000000
51936  46.731  -24.733  45.448 0.0000000000
50961  46.439  -25.489  46.753 0.0000000000
51929  46.976  -25.198  46.254 0.0000000000
51935  47.404  -24.574  45.937 0.0000000000
121640  48.786  -24.580  49.719 0.0000000000
52781  49.308  -23.915  51.073 0.0000000000
52803  48.809  -23.785  47.581 0.0000000000
53693  50.033  -23.078  48.390 0.0000000000
53681  50.613  -22.811  49.711 0.0000000000
107419  38.192  -27.785  46.288 0.0000000000
49925  35.428  -25.862  46.781 0.0000000000
49924  36.288  -26.627  46.580 0.0000000000
49893  36.717  -26.164  47.787 0.0000000000
107267  36.893  -26.607  47.043 0.0000000000
48904  38.385  -27.621  47.237 0.0000000000
49857  39.614  -26.913  51.080 0.0000000000
120607  39.909  -27.103  51.892 0.0000000000
48822  40.310  -27.299  52.388 0.0000000000
49819  40.727  -26.970  54.078 0.0000000000
42798  36.104  -34.921  50.733 0.0000000000
125682  35.817  -34.648  49.676 0.0000000000
45250  36.779  -31.385  48.038 0.0000000000
44466  37.819  -32.567  49.522 0.0000000000
45235  37.862  -31.530  49.347 0.0000000000
46074  36.832  -30.601  48.475 0.0000000000
46062  37.177  -30.015  49.254 0.0000000000
127827  37.607  -29.878  49.731 0.0000000000
46955  37.168  -29.270  49.863 0.0000000000
38947  37.372  -38.000  59.884 0.0000000000
113042  37.726  -36.736  58.910 0.0000000000
40804  37.886  -36.822  60.528 0.0000000000
40821  37.824  -36.675  59.691 0.0000000000
40834  37.891  -36.457  58.155 0.0000000000
41779  38.041  -36.195  57.464 0.0000000000
41789  38.401  -35.669  56.813 0.0000000000
42762  38.812  -35.013  55.967 0.0000000000
42693  38.769  -34.927  60.110 0.0000000000
42692  39.195  -34.077  59.833 0.0000000000
42716  38.784  -34.760  59.069 0.0000000000
42733  38.968  -34.655  57.960 0.0000000000
42750  39.289  -34.122  56.298 0.0000000000
42761  39.269  -34.046  55.461 0.0000000000
44416  39.381  -32.529  53.892 0.0000000000
45201  39.255  -31.869  53.160 0.0000000000
45185  39.468  -31.668  54.930 0.0000000000
45192  39.358  -31.730  54.085 0.0000000000
108349  39.057  -31.079  51.980 0.0000000000
47908  37.359  -28.807  50.661 0.0000000000
47891  37.460  -28.283  51.481 0.0000000000
48844  36.509  -27.537  52.015 0.0000000000
47857  38.507  -28.372  53.655 0.0000000000
47858  37.848  -27.827  53.012 0.0000000000
48823  36.586  -27.154  52.913 0.0000000000
49823  36.513  -27.043  53.138 0.0000000000
48789  36.935  -27.102  54.077 0.0000000000
49822  36.951  -26.516  53.582 0.0000000000
46865  38.983  -29.797  57.989 0.0000000000
46866  38.809  -29.050  57.467 0.0000000000
47817  38.791  -28.243  56.903 0.0000000000
113169  38.579  -27.324  57.089 0.0000000000
116809  38.556  -27.434  56.338 0.0000000000
48771  37.892  -26.689  55.167 0.0000000000
49801  37.557  -26.345  54.254 0.0000000000
50840  38.011  -25.915  54.130 0.0000000000
50839  38.413  -25.847  54.573 0.0000000000
50838  38.923  -25.638  54.938 0.0000000000
50837  39.491  -25.725  55.234 0.0000000000
65384  57.376  -9.328  35.315 0.0000000000
64441  57.341  -10.541  36.001 0.0000000000
64427  57.249  -10.471  37.694 0.0000000000
64428  56.427  -10.399  37.637 0.0000000000
65363  57.129  -7.953  38.981 0.0000000000
65356  56.990  -7.955  39.211 0.0000000000
65345  57.280  -8.905  39.594 0.0000000000
107938  55.782  -9.479  39.041 0.0000000000
112416  54.724  -10.944  40.082 0.0000000000
65346  56.686  -9.153  39.546 0.0000000000
62587  57.381  -12.286  42.670 0.0000000000
31895  15.729  -46.373  67.128 0.0000000000
31939  29.334  -46.040  62.359 0.0000000000
31967  27.572  -46.342  60.601 0.0000000000
32024  14.857  -46.288  56.707 0.0000000000
32873  29.848  -45.060  58.125 0.0000000000
32874  29.228  -45.750  58.064 0.0000000000
33675  9.043  -44.684  62.894 0.0000000000
33782  27.486  -44.466  55.259 0.0000000000
34503  30.162  -42.788  57.705 0.0000000000
35379  28.875  -42.403  55.024 0.0000000000
35394  27.488  -42.635  54.052 0.0000000000
35451  23.057  -42.201  51.596 0.0000000000
36170  34.028  -41.923  62.228 0.0000000000
36198  32.523  -41.108  59.075 0.0000000000
36211  31.486  -41.360  57.845 0.0000000000
37079  38.066  -39.842  62.062 0.0000000000
37171  29.520  -40.105  54.634 0.0000000000
37218  24.945  -41.286  49.933 0.0000000000
38021  37.193  -39.991  62.041 0.0000000000
38048  35.947  -39.893  60.751 0.0000000000
38049  35.059  -40.056  59.222 0.0000000000
38090  33.889  -40.314  57.282 0.0000000000
38910  38.352  -38.213  62.118 0.0000000000
39038  31.951  -39.253  54.017 0.0000000000
39039  30.990  -39.346  53.855 0.0000000000
39040  29.900  -39.151  54.373 0.0000000000
39063  34.151  -38.498  53.098 0.0000000000
39070  28.357  -38.792  51.581 0.0000000000
39804  38.330  -37.036  62.082 0.0000000000
39867  37.488  -37.319  57.270 0.0000000000
39868  37.102  -38.100  57.354 0.0000000000
39907  37.265  -37.305  55.803 0.0000000000
39927  36.610  -37.288  54.459 0.0000000000
39944  35.481  -37.810  53.518 0.0000000000
39960  33.409  -38.028  52.100 0.0000000000
39981  30.418  -37.643  51.388 0.0000000000
40846  37.810  -36.476  56.465 0.0000000000
40918  27.479  -38.064  49.669 0.0000000000
41734  38.442  -35.611  60.418 0.0000000000
41770  38.111  -36.135  58.182 0.0000000000
41839  35.984  -35.488  51.338 0.0000000000
41863  34.258  -35.374  49.349 0.0000000000
42771  39.237  -33.783  54.639 0.0000000000
42772  38.674  -34.329  54.051 0.0000000000
42781  38.003  -34.872  53.498 0.0000000000
42809  36.161  -34.495  50.262 0.0000000000
43619  39.653  -33.424  55.837 0.0000000000
43660  36.721  -34.060  50.126 0.0000000000
44441  38.818  -32.317  51.784 0.0000000000
45202  39.102  -31.706  52.247 0.0000000000
45234  38.277  -31.178  50.009 0.0000000000
45249  37.286  -31.406  48.615 0.0000000000
46031  39.212  -30.900  54.426 0.0000000000
46043  39.154  -31.070  52.659 0.0000000000
46055  38.313  -30.584  50.296 0.0000000000
46940  38.470  -30.239  50.916 0.0000000000
47000  35.399  -29.906  47.014 0.0000000000
47892  36.606  -27.880  51.133 0.0000000000
47910  35.717  -28.148  50.056 0.0000000000
47948  34.535  -28.058  48.010 0.0000000000
48770  38.199  -26.739  55.681 0.0000000000
48799  43.519  -27.394  53.914 0.0000000000
48802  40.495  -27.133  53.160 0.0000000000
48825  35.551  -27.098  51.981 0.0000000000
48881  34.395  -26.852  50.129 0.0000000000
49740  38.633  -25.825  57.371 0.0000000000
49778  37.963  -26.267  55.012 0.0000000000
49800  39.338  -26.038  54.496 0.0000000000
49874  39.942  -27.502  49.695 0.0000000000
50856  38.090  -25.959  53.848 0.0000000000
50857  37.528  -25.928  53.356 0.0000000000
50883  36.022  -24.758  51.181 0.0000000000
50884  35.660  -25.245  51.140 0.0000000000
50912  34.074  -25.611  49.469 0.0000000000
50930  33.052  -25.355  48.746 0.0000000000
57134  49.109  -19.026  42.754 0.0000000000
57158  46.256  -18.852  41.372 0.0000000000
108267  42.304  -28.000  49.798 0.0000000000
108986  36.819  -36.053  53.103 0.0000000000
110178  38.084  -33.547  51.789 0.0000000000
110332  37.041  -34.036  51.180 0.0000000000
111135  29.481  -45.749  60.312 0.0000000000
114571  37.599  -37.206  59.532 0.0000000000
115985  24.847  -42.844  53.267 0.0000000000
117389  45.934  -26.006  50.400 0.0000000000
119606  35.201  -25.774  49.166 0.0000000000
121452  37.051  -31.935  48.265 0.0000000000
122182  39.553  -33.265  56.999 0.0000000000
122791  31.625  -36.903  49.966 0.0000000000
125135  37.744  -27.607  53.970 0.0000000000
126745  8.902  -44.203  64.989 0.0000000000
127093  32.823  -35.784  48.691 0.0000000000
128187  24.262  -46.430  60.221 0.0000000000
129561  28.124  -44.836  56.129 0.0000000000
