#!ascii label  , from subject freesurfer vox2ras=TkReg
1355
22584  43.278  -57.360  -8.383 0.6000000238
21650  43.846  -57.540  -8.531 0.5000000000
22568  42.408  -56.914  -6.904 0.6999999881
22569  41.459  -57.514  -6.365 0.6000000238
23510  41.653  -56.657  -6.140 0.6000000238
21631  42.711  -57.325  -7.698 0.6000000238
21632  42.003  -57.801  -7.136 0.5000000000
113535  41.207  -58.359  -6.638 0.5000000000
22548  40.857  -57.143  -5.645 0.6000000238
22583  43.990  -57.007  -8.075 0.5000000000
21651  42.478  -57.906  -7.961 0.6000000238
22549  40.166  -57.706  -5.502 0.6000000238
21649  44.239  -57.732  -8.041 0.5000000000
20652  44.591  -58.978  -7.675 0.5000000000
120609  42.518  -55.133  -6.394 0.6000000238
24466  41.748  -55.346  -6.066 0.6999999881
24464  43.723  -55.597  -7.224 0.6000000238
23509  43.223  -56.176  -7.124 0.6999999881
24465  42.386  -56.007  -6.364 0.6000000238
116087  41.635  -56.007  -5.975 0.6000000238
123085  41.195  -56.349  -5.752 0.6000000238
23526  43.941  -56.214  -7.656 0.6000000238
23527  43.368  -56.810  -7.773 0.6999999881
23525  44.306  -56.528  -7.564 0.5000000000
23486  39.958  -56.993  -5.086 0.6000000238
21630  44.849  -58.227  -7.062 0.5000000000
22535  39.006  -57.197  -4.771 0.6000000238
23470  38.480  -56.582  -4.221 0.6999999881
22536  38.152  -57.301  -4.669 0.6000000238
23471  37.621  -56.723  -4.291 0.6999999881
22537  37.264  -57.264  -5.005 0.6000000238
23487  36.408  -56.860  -5.259 0.6000000238
25381  33.622  -54.916  -7.711 0.5000000000
25388  33.484  -53.983  -8.745 0.6999999881
115651  33.442  -54.838  -8.462 0.6000000238
116807  33.509  -53.721  -9.719 0.8000000119
114255  33.407  -54.626  -9.464 0.6999999881
25367  41.806  -54.410  -6.201 0.6000000238
125518  43.065  -55.596  -6.700 0.6999999881
109262  43.289  -54.995  -6.764 0.6000000238
24446  41.123  -55.677  -5.725 0.6999999881
25349  41.075  -54.857  -5.804 0.6999999881
125516  44.047  -55.608  -7.365 0.6000000238
24432  40.454  -55.355  -5.233 0.8000000119
117294  45.393  -56.022  -6.462 0.5000000000
24463  44.482  -55.869  -7.177 0.5000000000
23468  40.085  -56.135  -4.859 0.8000000119
23508  44.945  -56.648  -6.734 0.5000000000
24433  39.633  -55.506  -4.559 0.8000000119
23469  39.366  -56.436  -4.542 0.6000000238
117152  38.978  -55.960  -4.141 0.8000000119
24413  38.346  -55.767  -3.935 0.8000000119
24436  36.410  -55.768  -4.252 0.6999999881
24435  37.201  -56.024  -4.029 0.6999999881
24437  35.656  -55.465  -4.478 0.6999999881
23472  36.793  -56.518  -4.557 0.6999999881
24438  34.942  -55.163  -4.774 0.6000000238
23473  36.043  -56.175  -4.856 0.6000000238
25368  34.113  -54.899  -6.068 0.6999999881
24448  34.661  -55.548  -5.735 0.6999999881
24447  35.354  -55.835  -5.205 0.6000000238
124031  33.725  -54.318  -7.280 0.6999999881
24467  34.294  -55.506  -6.721 0.6000000238
115705  33.566  -54.167  -7.913 0.8000000119
113457  33.947  -54.873  -6.980 0.6000000238
26299  33.538  -53.173  -8.987 0.8999999762
113502  34.418  -53.811  -11.701 0.6999999881
127478  33.569  -53.001  -9.788 0.8000000119
25394  33.648  -54.335  -10.768 0.6999999881
124485  42.200  -53.702  -6.409 0.6000000238
26265  41.469  -53.490  -6.274 0.6999999881
25366  42.727  -54.345  -6.512 0.6000000238
26266  40.721  -53.260  -6.180 0.6000000238
26263  44.576  -53.460  -6.956 0.4000000060
110412  43.924  -54.995  -7.143 0.6000000238
115979  43.543  -54.287  -6.812 0.6000000238
26246  40.965  -54.006  -5.938 0.6999999881
25365  44.386  -54.286  -6.998 0.6000000238
25350  40.407  -54.401  -5.457 0.8000000119
24461  45.891  -55.310  -6.542 0.4000000060
24462  45.032  -55.349  -6.801 0.5000000000
113756  44.424  -55.119  -7.107 0.6000000238
25332  39.972  -54.745  -4.911 0.8000000119
25333  39.294  -54.615  -4.574 0.8000000119
119601  45.844  -56.867  -6.398 0.4000000060
25311  38.184  -54.958  -3.777 0.8000000119
22566  45.358  -57.545  -6.627 0.5000000000
24415  36.894  -55.259  -3.806 0.8000000119
25315  35.008  -54.078  -3.788 0.8000000119
24416  36.030  -55.035  -3.899 0.6999999881
25312  37.461  -54.685  -3.679 0.8000000119
25352  34.405  -54.719  -5.185 0.8000000119
25335  35.285  -54.743  -4.082 0.6999999881
26250  33.894  -53.354  -5.492 0.8999999762
25353  34.003  -54.175  -5.635 0.8999999762
25336  34.703  -54.375  -4.362 0.6999999881
25369  33.818  -54.145  -6.511 0.8999999762
26291  33.584  -53.349  -8.141 0.8999999762
26279  33.707  -53.520  -7.244 0.8999999762
26312  35.102  -53.348  -12.308 0.8000000119
25405  35.180  -54.171  -12.758 0.8000000119
26313  34.346  -52.952  -11.316 0.8000000119
27172  33.860  -52.433  -10.340 0.8000000119
122225  33.786  -53.349  -10.594 0.6999999881
123972  41.190  -52.895  -6.457 0.6000000238
26247  40.251  -53.621  -5.748 0.6999999881
26264  43.858  -53.515  -6.795 0.5000000000
115302  42.942  -53.449  -6.638 0.6000000238
114831  45.375  -53.765  -7.019 0.5000000000
25351  39.676  -53.948  -5.174 0.6999999881
26261  46.422  -53.912  -6.963 0.5000000000
115535  45.169  -54.706  -6.916 0.6000000238
25363  46.716  -54.863  -6.734 0.4000000060
26231  37.764  -53.265  -4.041 0.8000000119
25334  38.584  -54.454  -4.161 0.8000000119
125056  46.693  -55.658  -6.532 0.4000000060
26212  37.141  -53.870  -3.672 0.8000000119
26211  37.972  -54.162  -3.754 0.8000000119
24434  38.835  -55.235  -4.166 0.8000000119
117510  46.870  -57.160  -6.346 0.3000000119
26215  34.586  -53.470  -4.079 0.8000000119
26214  35.274  -53.364  -3.567 0.8000000119
25313  36.564  -54.461  -3.661 0.8000000119
25314  35.667  -54.248  -3.656 0.8000000119
27111  33.682  -52.623  -5.953 0.8999999762
26249  34.216  -53.911  -4.818 0.8999999762
26267  33.761  -53.347  -6.349 0.8999999762
128227  33.590  -52.114  -7.165 0.8999999762
27128  33.698  -52.704  -6.817 0.8999999762
27145  33.623  -52.690  -7.611 0.8999999762
27184  35.597  -52.700  -12.797 0.8000000119
26318  35.523  -53.486  -13.233 0.8000000119
27156  33.568  -52.558  -8.411 0.8999999762
27163  33.601  -52.424  -9.307 0.8999999762
27179  34.324  -52.238  -11.127 0.8000000119
27124  41.976  -52.819  -6.519 0.6000000238
27126  40.528  -52.629  -6.576 0.6000000238
121828  42.691  -52.512  -6.742 0.6000000238
27142  44.601  -52.012  -7.077 0.4000000060
27122  44.233  -52.709  -6.818 0.4000000060
27123  43.434  -52.675  -6.740 0.4000000060
123820  39.676  -53.258  -5.680 0.6999999881
27121  45.005  -52.850  -7.133 0.4000000060
26248  39.136  -53.226  -5.264 0.6999999881
129618  46.007  -53.425  -7.069 0.5000000000
26262  45.767  -52.930  -7.202 0.4000000060
26229  38.927  -53.864  -4.673 0.6999999881
26278  46.483  -53.124  -7.231 0.5000000000
26230  38.353  -53.788  -4.193 0.8000000119
27078  35.273  -52.384  -3.650 0.8000000119
27095  34.299  -52.426  -4.398 0.8000000119
119484  33.655  -51.873  -5.604 0.8999999762
26232  34.116  -53.136  -4.722 0.8999999762
118237  33.555  -51.963  -6.449 0.8999999762
110500  33.505  -51.912  -7.837 0.8999999762
28056  35.326  -51.810  -12.354 0.8000000119
113315  33.560  -51.768  -8.703 1.0000000000
27178  34.832  -52.481  -11.899 0.8000000119
28031  33.772  -51.654  -9.659 1.0000000000
28045  34.227  -51.524  -10.670 0.8000000119
27125  41.200  -52.331  -6.839 0.6000000238
27995  40.376  -52.036  -7.102 0.6000000238
127142  42.424  -51.338  -7.471 0.6000000238
27127  39.770  -52.210  -6.689 0.6999999881
27143  43.814  -51.901  -6.883 0.4000000060
27141  45.459  -52.040  -7.374 0.4000000060
27109  39.350  -52.565  -5.920 0.6999999881
27139  47.123  -52.600  -7.519 0.5000000000
28007  46.092  -51.569  -7.777 0.4000000060
27110  38.728  -52.548  -5.267 0.8000000119
27076  36.775  -53.027  -3.760 0.8000000119
27966  38.383  -51.879  -5.170 0.8000000119
27958  35.324  -51.513  -3.712 0.8000000119
27077  35.912  -52.793  -3.507 0.8000000119
129078  34.278  -51.553  -4.382 0.8000000119
27079  34.770  -52.715  -3.813 0.8000000119
27970  33.886  -51.725  -4.870 0.8999999762
112514  33.337  -51.278  -7.070 0.8999999762
27998  33.483  -51.207  -6.067 0.8999999762
28023  33.441  -51.091  -8.085 1.0000000000
110047  33.663  -50.953  -9.049 1.0000000000
28044  34.932  -50.992  -11.593 0.8000000119
27183  35.719  -52.590  -13.689 0.8000000119
117835  34.378  -50.754  -10.662 0.8000000119
109377  34.047  -50.889  -9.918 0.8000000119
27144  42.006  -51.897  -7.070 0.6000000238
28010  40.996  -51.726  -7.437 0.6000000238
27996  39.340  -51.472  -6.926 0.6999999881
28009  44.142  -51.454  -7.323 0.4000000060
121824  42.963  -51.889  -7.039 0.5000000000
27981  39.225  -51.869  -6.369 0.8000000119
27997  38.826  -51.209  -6.341 0.8000000119
27982  38.867  -51.892  -5.780 0.8000000119
28020  46.602  -51.158  -8.287 0.4000000060
124983  45.469  -51.295  -7.781 0.4000000060
27094  36.472  -52.183  -3.909 0.8000000119
27967  37.791  -51.751  -4.655 0.8000000119
117557  35.792  -52.026  -3.717 0.8000000119
27969  34.747  -51.903  -3.955 0.8000000119
27983  33.693  -51.240  -5.312 0.8999999762
28912  33.952  -50.851  -4.693 0.8000000119
28932  33.485  -50.326  -6.459 1.0000000000
110675  33.452  -50.366  -7.491 1.0000000000
29980  34.183  -49.235  -9.726 1.0000000000
28999  34.660  -50.074  -10.985 0.8999999762
28064  35.832  -51.923  -13.348 0.8000000119
29031  35.922  -50.934  -12.898 0.8999999762
29992  34.300  -49.801  -10.187 1.0000000000
29991  34.610  -49.257  -10.595 1.0000000000
29019  35.519  -50.130  -12.093 1.0000000000
30947  34.010  -48.369  -9.175 1.0000000000
31836  34.193  -47.391  -8.978 1.0000000000
30962  34.504  -48.492  -10.188 1.0000000000
31854  34.945  -47.862  -10.724 1.0000000000
121816  34.470  -46.596  -8.634 1.0000000000
31849  34.518  -47.668  -9.880 1.0000000000
28011  40.123  -51.518  -7.665 0.6999999881
28947  39.788  -50.951  -8.089 0.6999999881
28945  42.107  -50.882  -7.893 0.6000000238
113549  41.614  -51.269  -7.709 0.6000000238
112423  39.797  -51.690  -7.242 0.6999999881
126718  43.206  -51.201  -7.535 0.6000000238
28943  44.040  -50.834  -7.986 0.5000000000
28959  45.382  -50.146  -8.829 0.4000000060
118881  38.558  -51.364  -5.590 0.8000000119
27968  37.033  -51.555  -4.226 0.8000000119
28898  35.464  -50.688  -3.744 0.8000000119
27957  36.172  -51.276  -3.781 0.8000000119
28899  34.638  -50.939  -3.995 0.6999999881
28921  33.657  -50.564  -5.511 0.8999999762
29926  33.889  -49.965  -5.017 0.8000000119
110276  33.688  -49.868  -5.724 0.8999999762
29936  33.886  -49.239  -5.445 1.0000000000
29947  33.649  -49.305  -6.316 1.0000000000
124357  33.543  -49.701  -7.065 1.0000000000
30928  33.746  -48.545  -6.572 1.0000000000
29961  33.615  -49.559  -7.860 1.0000000000
31818  33.811  -48.051  -7.313 1.0000000000
30948  33.730  -48.702  -8.125 1.0000000000
31827  33.989  -47.216  -7.952 1.0000000000
30006  35.168  -49.349  -11.517 1.0000000000
30005  35.586  -49.469  -12.431 1.0000000000
127473  35.049  -47.228  -10.452 1.0000000000
33574  35.043  -46.009  -9.270 1.0000000000
32754  34.812  -46.782  -9.737 1.0000000000
28946  40.543  -51.223  -8.116 0.6999999881
28012  39.497  -51.159  -7.537 0.6999999881
28962  41.318  -51.113  -9.081 0.5000000000
28930  39.021  -50.774  -7.073 0.6999999881
28961  43.431  -50.592  -8.897 0.5000000000
28944  42.739  -50.752  -8.276 0.5000000000
125812  38.752  -50.464  -6.443 0.8000000119
28920  38.453  -50.625  -5.635 0.8000000119
115125  38.070  -50.505  -4.901 0.6999999881
28910  36.851  -50.677  -4.124 0.8000000119
29916  35.667  -49.935  -3.928 0.8000000119
28897  36.150  -50.467  -3.836 0.8000000119
112581  34.379  -50.080  -4.374 0.6999999881
28911  34.968  -50.167  -3.922 0.6999999881
29935  34.291  -49.281  -4.803 0.8999999762
30906  35.564  -48.510  -4.497 0.8000000119
31796  35.995  -47.835  -4.542 0.8000000119
114218  36.616  -46.733  -4.528 0.8000000119
30916  34.225  -48.562  -5.235 0.8999999762
30907  34.773  -48.550  -4.764 0.8000000119
124289  35.239  -47.667  -4.799 0.8000000119
30917  33.866  -48.540  -5.860 1.0000000000
31797  34.581  -47.969  -5.119 0.8999999762
32701  34.667  -47.264  -5.296 0.8999999762
32699  35.994  -46.208  -4.635 0.8000000119
31806  34.191  -47.866  -5.581 0.8999999762
116582  34.178  -47.125  -5.911 1.0000000000
32733  34.327  -46.470  -7.507 1.0000000000
32761  35.469  -46.586  -10.753 1.0000000000
33556  34.685  -45.736  -7.049 1.0000000000
33564  34.806  -45.864  -8.192 1.0000000000
32753  35.388  -46.105  -10.173 1.0000000000
33555  35.020  -45.095  -7.758 1.0000000000
33563  35.274  -45.253  -8.867 1.0000000000
109762  40.617  -51.015  -8.943 0.6999999881
28963  40.146  -50.759  -8.595 0.6999999881
28948  39.383  -50.438  -7.628 0.6999999881
125001  42.222  -50.966  -9.293 0.5000000000
29946  39.014  -49.852  -6.896 0.6999999881
28931  38.626  -49.808  -5.952 0.8000000119
29924  37.449  -50.014  -4.557 0.6999999881
29923  38.155  -49.842  -5.175 0.6999999881
29925  36.529  -49.890  -4.150 0.6999999881
107562  36.022  -49.197  -4.236 0.6999999881
107913  35.040  -49.360  -4.271 0.6999999881
109124  36.799  -47.542  -4.509 0.8000000119
32697  37.460  -46.795  -4.470 0.8000000119
113115  37.761  -45.965  -4.356 0.8000000119
32698  36.854  -46.051  -4.413 0.8000000119
32700  35.302  -46.595  -4.977 0.8999999762
33528  36.218  -45.404  -4.576 0.8000000119
32710  35.151  -45.923  -5.280 1.0000000000
33529  35.585  -45.667  -4.892 0.8000000119
31817  33.975  -47.150  -6.831 1.0000000000
32711  34.690  -46.469  -5.562 1.0000000000
32723  34.348  -46.402  -6.395 1.0000000000
33547  35.000  -44.993  -6.712 1.0000000000
33585  35.659  -45.730  -11.160 1.0000000000
34360  35.286  -44.361  -7.387 1.0000000000
34366  35.419  -44.475  -8.416 1.0000000000
33573  35.493  -45.407  -9.992 1.0000000000
110247  35.538  -43.746  -8.047 1.0000000000
29968  40.519  -50.708  -9.224 0.6999999881
29959  39.735  -50.195  -8.164 0.6000000238
29960  39.483  -49.683  -7.550 0.6000000238
109843  38.411  -49.045  -5.375 0.6999999881
30914  38.990  -48.974  -6.092 0.6999999881
111224  37.753  -49.121  -4.804 0.6999999881
107248  36.929  -49.167  -4.453 0.6999999881
129798  37.955  -47.099  -4.546 0.8000000119
30905  36.435  -48.424  -4.459 0.6999999881
31795  37.697  -47.586  -4.584 0.8000000119
33525  38.943  -44.951  -4.537 0.8000000119
33526  38.092  -45.147  -4.293 0.8000000119
34327  37.452  -44.389  -4.228 0.8000000119
34328  35.762  -44.835  -4.862 0.8000000119
116422  36.474  -44.583  -4.535 0.8000000119
33548  34.828  -45.641  -5.950 1.0000000000
33538  35.332  -45.212  -5.316 1.0000000000
124534  35.145  -44.881  -5.917 1.0000000000
35190  35.992  -43.991  -4.858 0.8999999762
34352  35.264  -44.277  -6.414 1.0000000000
35211  35.462  -43.543  -6.137 1.0000000000
117907  35.678  -45.050  -11.847 1.0000000000
108957  35.406  -43.601  -7.060 1.0000000000
34375  35.576  -44.492  -9.635 1.0000000000
109195  35.628  -44.820  -10.891 1.0000000000
124223  35.596  -43.893  -8.930 1.0000000000
31816  39.318  -48.120  -6.145 0.6999999881
30903  38.078  -48.292  -4.904 0.6999999881
30915  38.708  -48.191  -5.514 0.6999999881
30904  37.313  -48.355  -4.564 0.6999999881
31805  38.338  -47.406  -4.943 0.8000000119
122539  38.151  -46.644  -4.600 0.6999999881
32696  38.646  -45.894  -4.771 0.6999999881
34326  38.364  -44.368  -4.173 0.6999999881
109314  37.939  -43.990  -3.992 0.6999999881
35189  36.712  -43.740  -4.452 0.8000000119
34338  35.493  -44.301  -5.482 0.8999999762
35200  35.796  -43.403  -5.386 1.0000000000
36050  35.998  -42.539  -5.374 1.0000000000
34389  35.553  -44.166  -11.714 1.0000000000
35237  35.545  -43.445  -9.929 1.0000000000
35221  35.553  -42.886  -7.789 1.0000000000
29969  40.224  -49.877  -8.587 0.6000000238
30937  39.900  -49.223  -7.862 0.6000000238
114129  40.281  -48.241  -7.295 0.6000000238
30927  39.566  -48.821  -6.907 0.6000000238
30926  39.889  -47.845  -6.568 0.6000000238
128483  39.521  -47.570  -6.149 0.6000000238
31804  39.076  -47.332  -5.670 0.6000000238
33537  39.482  -45.509  -5.197 0.6999999881
34337  39.675  -44.633  -4.961 0.6999999881
34325  39.105  -44.100  -4.387 0.6999999881
35186  39.177  -43.226  -4.415 0.6999999881
35187  38.365  -43.555  -4.055 0.6999999881
39724  41.460  -38.213  -11.760 0.3000000119
108059  37.801  -42.866  -3.972 0.6999999881
35188  37.535  -43.578  -4.102 0.6999999881
40707  41.436  -37.363  -12.098 0.3000000119
107457  36.992  -42.929  -4.311 0.8000000119
33596  33.529  -45.613  -12.153 0.8999999762
34409  34.984  -44.876  -12.492 1.0000000000
34399  35.330  -44.480  -12.204 1.0000000000
36062  35.689  -42.153  -6.301 1.0000000000
35227  35.569  -43.236  -8.790 1.0000000000
110622  35.587  -44.088  -10.669 1.0000000000
30936  40.536  -48.723  -8.198 0.6000000238
31825  40.958  -47.620  -7.636 0.6000000238
32731  41.305  -46.649  -7.672 0.6000000238
32732  40.833  -46.831  -7.152 0.6999999881
32721  40.453  -46.491  -6.555 0.6999999881
31826  40.423  -47.342  -6.862 0.6000000238
32708  40.033  -46.042  -5.851 0.6999999881
34388  42.545  -44.250  -10.480 0.3000000119
39712  41.388  -38.929  -11.175 0.3000000119
40705  41.355  -37.643  -11.395 0.4000000060
41618  41.351  -37.025  -11.562 0.4000000060
32772  33.070  -46.392  -12.146 0.6999999881
113248  32.707  -45.877  -11.516 0.6999999881
45050  43.567  -32.685  -11.939 0.3000000119
41621  41.416  -36.590  -12.397 0.3000000119
36021  38.017  -42.253  -3.925 0.6999999881
34401  34.061  -44.713  -12.194 0.8999999762
44260  43.266  -33.689  -12.083 0.3000000119
113865  41.436  -36.272  -11.640 0.3000000119
36039  36.299  -43.124  -4.813 0.8000000119
34400  34.929  -43.864  -12.409 0.8999999762
43458  42.249  -34.735  -11.915 0.3000000119
42568  41.711  -35.441  -11.594 0.3000000119
36038  36.591  -42.118  -4.676 0.8000000119
36976  36.052  -41.626  -5.402 1.0000000000
35248  35.482  -43.514  -11.298 1.0000000000
36071  35.434  -42.341  -7.156 1.0000000000
127157  35.508  -42.935  -9.354 1.0000000000
111098  35.379  -42.019  -7.907 1.0000000000
36080  35.436  -42.416  -8.907 1.0000000000
36994  35.094  -41.233  -7.856 1.0000000000
33554  40.926  -46.056  -7.100 0.6999999881
33584  42.605  -45.224  -10.612 0.3000000119
114324  42.557  -44.813  -9.694 0.4000000060
33546  40.592  -45.635  -6.356 0.6999999881
33536  40.230  -45.173  -5.601 0.6999999881
34374  42.457  -43.987  -9.624 0.4000000060
34336  40.322  -44.290  -5.508 0.6999999881
35235  42.358  -43.340  -9.481 0.3000000119
35225  42.301  -43.725  -8.900 0.5000000000
35198  40.390  -43.379  -5.464 0.6999999881
36089  42.281  -42.664  -9.704 0.5000000000
36049  39.853  -42.873  -4.882 0.6999999881
37024  42.003  -40.968  -10.297 0.4000000060
37001  41.666  -41.383  -8.419 0.6000000238
37936  41.591  -40.504  -8.758 0.5000000000
37955  41.730  -40.179  -10.557 0.3000000119
36036  38.520  -42.696  -4.130 0.6999999881
43439  42.370  -34.663  -9.185 0.4000000060
118128  41.306  -39.195  -9.342 0.4000000060
33586  32.247  -45.425  -10.940 0.6999999881
44251  43.282  -33.357  -10.221 0.4000000060
117392  41.240  -38.819  -10.228 0.4000000060
39699  41.030  -37.985  -10.086 0.4000000060
125340  32.201  -46.090  -10.876 0.6000000238
120909  43.375  -33.482  -11.088 0.3000000119
44252  42.838  -34.037  -10.522 0.4000000060
40697  41.249  -37.394  -10.712 0.4000000060
38842  41.060  -38.444  -9.407 0.4000000060
36037  37.389  -42.192  -4.156 0.6999999881
37894  38.521  -41.065  -4.158 0.6999999881
42555  41.894  -35.361  -9.926 0.4000000060
41612  41.310  -36.702  -10.248 0.4000000060
39700  40.896  -37.789  -9.336 0.4000000060
36962  37.116  -41.362  -4.273 0.8000000119
43451  42.922  -34.201  -11.462 0.3000000119
42562  41.549  -35.967  -10.687 0.3000000119
112009  35.301  -43.634  -12.152 1.0000000000
36975  36.487  -41.051  -4.726 0.8999999762
36091  35.393  -42.548  -10.006 1.0000000000
107303  35.307  -41.688  -7.050 1.0000000000
37002  35.148  -41.500  -8.870 1.0000000000
37012  35.225  -41.699  -10.012 1.0000000000
37003  34.865  -40.688  -8.838 1.0000000000
32740  41.773  -46.374  -8.346 0.6000000238
129057  42.056  -45.657  -8.453 0.6000000238
125444  41.569  -45.635  -7.744 0.6000000238
122246  41.076  -45.194  -6.979 0.6999999881
33561  42.410  -45.272  -8.966 0.5000000000
33562  42.171  -44.956  -8.245 0.6000000238
34364  42.395  -44.480  -8.913 0.5000000000
34351  40.730  -44.802  -6.213 0.6999999881
34365  42.122  -44.109  -8.226 0.6000000238
111705  41.344  -43.954  -7.046 0.6999999881
35226  42.140  -43.431  -8.336 0.6000000238
35210  40.860  -43.883  -6.287 0.6999999881
35236  42.220  -43.011  -8.897 0.6000000238
36090  41.990  -42.131  -8.914 0.6000000238
36061  40.864  -42.949  -6.107 0.6999999881
36048  40.392  -42.476  -5.452 0.6999999881
37011  41.860  -41.196  -9.348 0.5000000000
37925  41.396  -40.854  -7.893 0.6000000238
36992  41.448  -41.500  -7.685 0.6000000238
42543  41.049  -35.329  -7.229 0.4000000060
111728  41.484  -39.647  -9.967 0.4000000060
117035  41.550  -39.861  -9.272 0.4000000060
36993  41.116  -41.197  -6.989 0.6000000238
36974  39.869  -42.012  -4.905 0.6999999881
43432  42.659  -33.877  -8.476 0.4000000060
38834  41.387  -39.666  -8.645 0.5000000000
36960  39.275  -41.529  -4.492 0.6999999881
42550  41.493  -35.592  -8.208 0.5000000000
38835  41.112  -38.843  -8.538 0.4000000060
36961  38.554  -41.915  -4.187 0.6999999881
35261  33.855  -43.746  -11.918 0.8999999762
34402  33.138  -44.387  -11.563 0.6999999881
42561  41.915  -35.278  -10.664 0.4000000060
40675  40.895  -37.157  -9.072 0.4000000060
37895  37.630  -40.760  -4.060 0.6999999881
42556  41.513  -36.059  -9.756 0.4000000060
35259  35.117  -43.054  -12.341 0.8999999762
35258  35.358  -42.967  -12.047 1.0000000000
36988  35.625  -41.257  -6.227 1.0000000000
36099  35.405  -42.742  -11.080 1.0000000000
37927  35.101  -40.881  -6.975 1.0000000000
117001  35.365  -41.880  -11.106 1.0000000000
37920  34.880  -40.051  -6.947 1.0000000000
115711  34.673  -38.054  -7.867 0.8999999762
38822  34.755  -39.663  -7.909 1.0000000000
37945  34.858  -39.930  -10.139 1.0000000000
37013  35.025  -40.834  -10.062 1.0000000000
39674  34.683  -38.875  -7.982 1.0000000000
109702  34.666  -39.219  -9.365 1.0000000000
39686  34.582  -38.375  -9.146 0.8999999762
34359  41.615  -44.545  -7.532 0.6999999881
34350  41.136  -44.478  -6.840 0.6999999881
35220  41.752  -43.549  -7.636 0.6999999881
35209  41.286  -43.281  -6.828 0.6999999881
36079  42.002  -42.803  -8.150 0.6000000238
36070  41.570  -42.721  -7.398 0.6000000238
36060  41.183  -42.608  -6.710 0.6000000238
36987  40.834  -42.008  -6.237 0.6000000238
113165  42.301  -33.950  -7.642 0.3000000119
112248  41.717  -42.078  -7.941 0.6000000238
36973  40.349  -41.576  -5.423 0.6000000238
43433  41.680  -34.681  -7.461 0.4000000060
43425  41.047  -34.548  -6.736 0.4000000060
37926  41.233  -40.324  -7.375 0.6000000238
110323  40.719  -41.166  -6.027 0.6000000238
37918  40.933  -40.434  -6.405 0.5000000000
112660  39.892  -41.244  -4.880 0.6000000238
38803  41.145  -39.618  -6.878 0.4000000060
41594  40.930  -36.167  -7.740 0.5000000000
39673  40.855  -38.226  -8.139 0.4000000060
37893  39.443  -40.565  -4.488 0.6000000238
41600  40.829  -36.978  -8.227 0.4000000060
109266  38.342  -40.029  -4.127 0.6000000238
40663  40.760  -37.589  -7.765 0.4000000060
37896  36.873  -40.475  -4.224 0.8000000119
35260  34.656  -42.899  -12.336 0.8999999762
36109  35.071  -42.172  -12.323 0.8999999762
37038  35.155  -41.300  -12.214 0.8999999762
36108  35.305  -42.005  -11.930 0.8999999762
37919  35.381  -40.376  -6.156 1.0000000000
38805  34.719  -39.263  -6.966 1.0000000000
37025  35.314  -40.937  -11.455 1.0000000000
109848  34.573  -37.634  -8.880 1.0000000000
108244  34.588  -37.866  -10.137 1.0000000000
38843  34.905  -39.083  -11.122 0.8999999762
109591  34.617  -36.999  -8.747 1.0000000000
40677  34.648  -37.166  -10.186 0.8999999762
45031  42.628  -32.188  -8.393 0.3000000119
118256  41.587  -33.929  -7.042 0.3000000119
42539  40.632  -35.164  -6.537 0.5000000000
42540  40.198  -35.649  -6.073 0.4000000060
108789  41.072  -38.808  -7.435 0.5000000000
38785  40.763  -39.634  -5.888 0.5000000000
128631  39.915  -40.029  -4.724 0.5000000000
42544  40.607  -35.919  -6.792 0.5000000000
113882  40.956  -39.028  -6.480 0.5000000000
38786  40.164  -39.539  -5.075 0.5000000000
41585  40.315  -36.649  -6.317 0.5000000000
39659  40.767  -38.398  -6.646 0.5000000000
40647  40.561  -37.595  -6.766 0.5000000000
108242  37.355  -40.008  -4.040 0.6999999881
120084  39.370  -38.157  -4.889 0.5000000000
117847  39.864  -38.098  -5.419 0.5000000000
37906  36.305  -40.137  -4.665 0.8999999762
38788  35.748  -39.674  -5.373 0.8999999762
37907  35.936  -40.684  -5.384 0.8999999762
40649  34.950  -37.605  -6.880 0.8999999762
39661  34.751  -38.487  -6.943 0.8999999762
117775  34.968  -38.864  -6.351 0.8999999762
38804  35.125  -39.521  -6.211 1.0000000000
123716  35.224  -40.178  -11.431 0.8999999762
126911  35.345  -41.317  -11.906 0.8999999762
40664  34.747  -37.292  -7.862 0.8000000119
108112  35.120  -39.446  -11.921 0.8999999762
39701  34.704  -38.428  -11.081 0.8999999762
122577  42.745  -31.455  -8.492 0.3000000119
44226  41.987  -33.238  -7.468 0.3000000119
44215  41.198  -33.207  -7.105 0.4000000060
45023  41.247  -32.226  -7.593 0.3000000119
114233  40.968  -33.934  -6.505 0.3000000119
129948  40.514  -33.953  -6.230 0.4000000060
43426  40.426  -34.596  -6.211 0.4000000060
37905  40.363  -40.527  -5.266 0.6000000238
41570  39.823  -36.536  -5.722 0.5000000000
41571  39.246  -36.377  -5.356 0.4000000060
39644  40.431  -38.777  -5.729 0.5000000000
40627  39.412  -37.357  -5.211 0.5000000000
122155  40.374  -38.051  -6.074 0.5000000000
38770  39.368  -39.531  -4.508 0.5000000000
39633  39.021  -38.664  -4.557 0.5000000000
38771  38.511  -39.172  -4.306 0.5000000000
40607  38.775  -37.881  -4.669 0.5000000000
39635  37.534  -38.408  -4.392 0.6000000238
38773  36.780  -39.635  -4.214 0.6000000238
40628  36.601  -38.024  -5.147 0.6999999881
38787  36.323  -39.385  -4.717 0.6999999881
39646  36.079  -38.781  -5.158 0.6999999881
39647  35.421  -38.844  -5.745 0.8000000119
37956  35.205  -40.826  -12.155 0.8999999762
39660  35.117  -38.196  -6.146 0.8999999762
41587  35.033  -36.926  -7.240 0.6999999881
38852  34.862  -38.839  -12.030 0.8999999762
41601  34.682  -36.454  -9.336 1.0000000000
45013  40.774  -32.417  -7.288 0.3000000119
44216  40.707  -33.280  -6.783 0.4000000060
112135  40.878  -31.886  -7.413 0.3000000119
42528  39.827  -35.065  -5.825 0.4000000060
44217  39.951  -33.378  -6.520 0.3000000119
42529  39.194  -35.491  -5.506 0.4000000060
43415  40.047  -34.309  -5.978 0.4000000060
43416  39.277  -34.511  -5.737 0.4000000060
40608  38.621  -36.997  -4.912 0.4000000060
42530  38.478  -35.138  -5.398 0.4000000060
41554  38.516  -36.054  -5.166 0.4000000060
40610  37.235  -38.018  -4.686 0.5000000000
40609  37.920  -37.656  -4.564 0.5000000000
40629  35.726  -38.051  -5.559 0.6000000238
40689  34.555  -37.691  -11.394 0.8999999762
125377  34.866  -35.928  -10.030 0.8999999762
42557  34.864  -35.755  -11.179 0.8000000119
119839  34.482  -37.030  -11.443 0.8000000119
43447  35.047  -34.778  -11.047 0.6999999881
124626  34.757  -34.251  -11.456 0.8000000119
45843  40.514  -31.922  -7.373 0.3000000119
45014  40.474  -32.319  -7.206 0.3000000119
44205  38.871  -33.762  -6.170 0.4000000060
43417  38.452  -34.418  -5.644 0.4000000060
43418  37.678  -34.739  -5.507 0.5000000000
41555  37.816  -36.669  -4.872 0.5000000000
41572  36.980  -36.381  -5.182 0.5000000000
116925  36.933  -35.451  -5.462 0.5000000000
42533  36.251  -36.067  -5.720 0.5000000000
41573  36.178  -37.112  -5.469 0.5000000000
40648  35.376  -37.396  -6.020 0.6999999881
41574  35.592  -36.562  -6.114 0.6999999881
41586  35.273  -36.241  -7.025 0.6999999881
42546  35.045  -35.742  -7.854 0.6999999881
43436  35.130  -34.918  -8.479 0.6999999881
111689  34.962  -35.237  -9.894 0.8000000119
43441  35.179  -34.313  -9.777 0.6999999881
45842  41.081  -31.518  -6.724 0.3000000119
45834  40.664  -31.440  -5.816 0.3000000119
45835  40.093  -31.694  -6.060 0.4000000060
45015  39.790  -32.103  -7.645 0.4000000060
44218  39.239  -32.781  -7.180 0.4000000060
44206  38.077  -33.991  -5.864 0.4000000060
44219  38.333  -33.320  -6.863 0.3000000119
43419  36.931  -34.671  -5.750 0.5000000000
42532  36.360  -35.155  -6.009 0.6000000238
43427  36.683  -34.280  -6.328 0.3000000119
43428  36.005  -34.742  -6.742 0.4000000060
42541  35.765  -35.675  -6.418 0.6999999881
114785  35.245  -36.949  -6.594 0.6999999881
42545  35.443  -35.282  -7.295 0.6999999881
43435  35.757  -34.347  -7.735 0.6000000238
45845  39.618  -31.884  -7.938 0.3000000119
45016  39.310  -32.039  -8.295 0.3000000119
44227  38.938  -32.454  -8.004 0.3000000119
45024  38.900  -32.056  -8.566 0.3000000119
45858  38.557  -31.935  -8.663 0.3000000119
44228  38.348  -32.576  -8.130 0.3000000119
45025  38.338  -32.052  -8.702 0.4000000060
43434  36.510  -33.820  -7.276 0.5000000000
44229  37.278  -32.754  -8.189 0.5000000000
44230  36.356  -33.361  -8.369 0.6000000238
46694  41.203  -30.312  -4.759 0.4000000060
112527  40.354  -30.283  -4.628 0.3000000119
45829  40.177  -31.062  -5.200 0.3000000119
46695  39.576  -30.542  -4.880 0.3000000119
45836  39.586  -31.679  -6.526 0.3000000119
46704  38.834  -30.915  -5.430 0.3000000119
45857  39.139  -31.957  -8.435 0.3000000119
45846  38.475  -31.593  -7.493 0.3000000119
45847  37.723  -31.554  -7.959 0.3000000119
45026  37.366  -31.906  -8.847 0.4000000060
45864  36.896  -31.948  -9.131 0.4000000060
44235  36.748  -32.537  -8.843 0.5000000000
108021  35.557  -33.885  -8.840 0.6000000238
44253  35.232  -32.867  -11.524 0.6999999881
43453  34.507  -35.069  -11.565 0.8000000119
48531  42.131  -29.119  -4.166 0.4000000060
47611  40.884  -29.647  -4.266 0.3000000119
47612  39.716  -29.819  -4.517 0.3000000119
47613  38.910  -29.782  -4.784 0.3000000119
46705  38.073  -30.897  -6.050 0.3000000119
46714  37.380  -31.004  -6.543 0.4000000060
45848  36.625  -31.439  -7.763 0.4000000060
45860  36.375  -31.539  -8.671 0.4000000060
44236  36.212  -32.796  -9.571 0.5000000000
45865  36.231  -31.687  -9.742 0.4000000060
44243  35.659  -32.802  -10.604 0.6999999881
45033  36.092  -32.044  -10.294 0.4000000060
45866  35.660  -31.279  -10.057 0.4000000060
45038  35.446  -32.029  -11.278 0.6000000238
45871  35.193  -31.409  -10.739 0.5000000000
45044  34.753  -32.535  -11.979 0.6000000238
44254  34.784  -33.441  -11.778 0.6999999881
48522  42.267  -28.397  -3.894 0.3000000119
115809  40.522  -28.959  -4.009 0.3000000119
47621  38.068  -30.108  -5.304 0.3000000119
46706  37.409  -30.159  -5.915 0.3000000119
125925  36.863  -30.229  -6.328 0.4000000060
46715  36.629  -30.919  -6.840 0.3000000119
47631  36.253  -29.837  -6.635 0.3000000119
46716  35.820  -30.632  -7.217 0.3000000119
119984  35.156  -30.235  -7.577 0.3000000119
46733  35.528  -31.175  -9.069 0.4000000060
46727  35.425  -30.899  -7.889 0.3000000119
46728  34.681  -30.393  -8.216 0.3000000119
46734  34.565  -30.777  -9.431 0.3000000119
114344  34.133  -30.187  -8.894 0.4000000060
45872  34.080  -31.143  -10.472 0.5000000000
45879  34.482  -31.816  -11.592 0.5000000000
116100  34.232  -32.361  -11.935 0.5000000000
48523  40.901  -28.255  -3.749 0.3000000119
48532  40.311  -28.293  -4.072 0.3000000119
48543  38.702  -28.792  -4.893 0.3000000119
125245  38.222  -29.343  -5.129 0.3000000119
120379  37.643  -29.353  -5.611 0.3000000119
47640  35.545  -29.449  -7.203 0.3000000119
47641  34.761  -29.596  -7.749 0.3000000119
47653  34.225  -29.578  -8.429 0.3000000119
46735  33.714  -30.436  -9.663 0.4000000060
46741  33.236  -30.704  -10.372 0.5000000000
45880  33.463  -31.363  -10.824 0.5000000000
49516  40.633  -27.595  -3.972 0.3000000119
49517  39.885  -27.712  -4.450 0.3000000119
49518  39.170  -28.137  -4.782 0.3000000119
48544  38.024  -28.665  -5.431 0.3000000119
48552  37.450  -28.572  -6.063 0.3000000119
48554  36.221  -28.911  -6.759 0.3000000119
48565  35.772  -28.578  -7.282 0.3000000119
48566  35.148  -28.712  -7.647 0.3000000119
47654  33.656  -29.653  -9.099 0.4000000060
47668  32.985  -29.908  -9.846 0.4000000060
128853  32.757  -30.343  -10.369 0.4000000060
118676  32.461  -29.033  -9.833 0.4000000060
46751  32.599  -30.667  -10.553 0.5000000000
46742  32.360  -29.919  -10.395 0.4000000060
50544  42.565  -26.931  -3.664 0.3000000119
49509  41.260  -27.525  -3.721 0.3000000119
49527  39.255  -27.364  -5.106 0.3000000119
49529  37.870  -27.995  -5.875 0.3000000119
49540  37.358  -27.695  -6.474 0.3000000119
48564  36.249  -28.139  -7.113 0.3000000119
49552  35.645  -27.871  -7.682 0.3000000119
48580  34.495  -28.782  -8.150 0.3000000119
49563  34.470  -27.840  -8.690 0.3000000119
48581  33.790  -28.772  -8.771 0.3000000119
115940  33.178  -29.151  -9.295 0.4000000060
48593  33.118  -28.415  -9.306 0.3000000119
50546  41.058  -26.826  -3.893 0.3000000119
113260  40.890  -26.228  -4.148 0.3000000119
50553  40.481  -26.875  -4.346 0.3000000119
112065  38.736  -27.056  -5.570 0.3000000119
49539  38.094  -27.164  -6.040 0.3000000119
50569  38.182  -26.433  -6.532 0.3000000119
49550  36.906  -27.117  -7.034 0.3000000119
49553  34.954  -28.068  -8.083 0.3000000119
51595  41.492  -25.924  -3.777 0.3000000119
127322  39.893  -26.784  -4.935 0.3000000119
51612  40.445  -26.011  -4.740 0.3000000119
51613  39.902  -26.102  -5.353 0.3000000119
50560  38.714  -26.434  -6.002 0.3000000119
50581  36.590  -26.689  -7.630 0.3000000119
49561  35.876  -26.977  -7.934 0.3000000119
49562  35.202  -27.353  -8.352 0.3000000119
51596  41.002  -25.500  -4.223 0.3000000119
52506  41.030  -24.628  -4.254 0.3000000119
51619  39.500  -25.798  -5.982 0.3000000119
51618  40.237  -25.342  -5.477 0.4000000060
51620  38.750  -25.746  -6.704 0.3000000119
50580  37.203  -26.523  -7.329 0.3000000119
52534  39.869  -25.093  -6.112 0.4000000060
52526  40.597  -24.524  -5.090 0.4000000060
51625  39.415  -25.231  -6.506 0.4000000060
53432  40.481  -23.682  -5.425 0.4000000060
28980  33.934  -50.110  -9.476 1.0000000000
29970  33.789  -49.360  -8.818 1.0000000000
29000  34.243  -50.327  -10.221 0.8999999762
42551  34.794  -35.773  -8.812 0.6999999881
44244  35.249  -33.727  -11.009 0.8000000119
44237  35.591  -33.543  -9.895 0.6999999881
23485  40.652  -56.283  -5.358 0.6000000238
22567  44.580  -57.189  -7.413 0.5000000000
25364  45.917  -54.496  -6.745 0.5000000000
23507  46.298  -56.207  -6.393 0.4000000060
27108  40.008  -52.947  -6.182 0.6999999881
26260  47.182  -54.282  -7.004 0.5000000000
27092  38.095  -52.493  -4.655 0.8000000119
23506  47.223  -56.431  -6.501 0.4000000060
26213  36.207  -53.630  -3.518 0.8000000119
27140  46.293  -52.347  -7.467 0.4000000060
28008  44.829  -51.363  -7.553 0.4000000060
27155  46.834  -51.834  -7.818 0.4000000060
28908  38.215  -51.171  -5.021 0.8000000119
28964  33.627  -50.241  -8.454 1.0000000000
28022  45.049  -50.726  -8.116 0.5000000000
111501  41.134  -51.153  -8.311 0.6999999881
30938  33.652  -48.980  -7.209 1.0000000000
33527  37.133  -45.247  -4.371 0.8000000119
123811  38.673  -46.719  -5.119 0.6999999881
108512  35.662  -42.881  -5.966 1.0000000000
108063  35.519  -42.878  -6.754 1.0000000000
32722  39.796  -46.994  -6.178 0.6999999881
33606  34.408  -45.417  -12.451 1.0000000000
38851  41.480  -39.473  -10.684 0.4000000060
37928  34.870  -40.446  -7.825 1.0000000000
37010  42.160  -41.804  -9.985 0.4000000060
37944  41.724  -40.387  -9.699 0.5000000000
42549  41.914  -35.484  -9.058 0.4000000060
114013  41.429  -36.091  -9.056 0.4000000060
37937  34.755  -40.014  -8.739 1.0000000000
38821  41.209  -39.566  -7.858 0.5000000000
41607  34.836  -36.453  -10.837 0.8000000119
39645  39.715  -38.793  -4.967 0.5000000000
38772  37.565  -39.187  -4.148 0.5000000000
39636  36.804  -38.751  -4.476 0.6000000238
41556  37.147  -37.318  -4.938 0.5000000000
42531  37.727  -35.712  -5.165 0.5000000000
47630  36.940  -29.291  -6.242 0.3000000119
23488  35.718  -56.483  -5.572 0.5000000000
23489  35.143  -56.176  -5.868 0.5000000000
22572  36.307  -57.556  -6.639 0.5000000000
23511  35.446  -56.669  -6.331 0.5000000000
22571  36.945  -57.867  -6.336 0.5000000000
22553  36.695  -57.488  -5.770 0.5000000000
22554  36.024  -57.088  -6.001 0.5000000000
22552  37.446  -57.832  -5.757 0.5000000000
21609  39.017  -58.416  -5.694 0.4000000060
114161  37.946  -57.695  -5.254 0.5000000000
21608  39.825  -58.397  -5.744 0.4000000060
22551  38.621  -57.765  -5.256 0.5000000000
22570  40.644  -58.016  -5.986 0.5000000000
22550  39.432  -57.770  -5.317 0.5000000000
113666  32.800  -49.955  -12.691 0.6999999881
29020  32.389  -50.384  -12.150 0.6999999881
29043  34.216  -50.602  -13.823 0.8000000119
29041  35.650  -50.819  -13.783 0.8000000119
29042  35.091  -50.703  -14.072 0.8000000119
29030  35.918  -50.547  -13.358 0.8999999762
30007  32.497  -49.500  -12.042 0.6999999881
30018  35.034  -49.427  -13.655 0.8999999762
30019  34.116  -49.224  -13.546 0.8999999762
30017  35.559  -49.997  -13.465 0.8999999762
30982  35.496  -48.772  -12.770 0.8999999762
31878  32.930  -47.652  -12.459 0.6000000238
30014  33.118  -49.104  -12.932 0.8000000119
30992  34.738  -48.634  -13.497 0.8999999762
30991  35.277  -48.899  -13.295 0.8999999762
118870  35.429  -48.091  -12.339 0.8999999762
31853  35.435  -47.233  -11.238 0.8999999762
30961  41.635  -49.426  -10.558 0.5000000000
30946  40.864  -49.419  -9.167 0.5000000000
29979  40.599  -50.891  -10.003 0.6000000238
28979  40.690  -51.080  -9.867 0.6000000238
115870  32.762  -47.063  -12.104 0.6000000238
30984  33.201  -48.252  -12.802 0.8999999762
31884  34.570  -48.021  -13.331 0.8999999762
30983  33.892  -48.447  -13.288 0.8999999762
31883  35.038  -48.087  -13.344 0.8999999762
31875  35.257  -47.871  -13.040 0.8999999762
32771  35.600  -46.483  -11.681 0.8999999762
31848  41.574  -47.972  -9.056 0.5000000000
31835  41.504  -47.294  -8.314 0.5000000000
30956  41.620  -48.675  -9.808 0.5000000000
125847  41.129  -48.184  -8.441 0.5000000000
31852  42.291  -48.129  -10.456 0.5000000000
32785  33.433  -46.979  -12.603 0.8999999762
31877  33.854  -47.650  -13.017 0.8999999762
31876  34.880  -47.416  -13.164 0.8999999762
112582  35.144  -47.056  -12.832 0.8999999762
32782  35.370  -46.450  -12.408 0.8999999762
32752  42.025  -46.954  -8.991 0.5000000000
31847  42.198  -47.510  -9.720 0.5000000000
112159  34.331  -46.953  -12.883 0.8999999762
32783  34.981  -46.510  -12.795 0.8999999762
33604  35.298  -45.907  -12.447 0.8999999762
32751  42.390  -46.521  -9.700 0.5000000000
32739  42.217  -46.066  -9.020 0.5000000000
33572  42.490  -45.654  -9.708 0.4000000060
35250  32.613  -43.722  -11.158 0.6000000238
35249  33.483  -42.883  -11.627 0.6999999881
36101  33.050  -42.017  -11.223 0.6999999881
37027  33.053  -41.078  -11.017 0.6999999881
37014  32.072  -40.967  -9.996 0.6999999881
123768  33.833  -40.325  -11.758 0.6999999881
37946  32.929  -40.361  -10.719 0.6999999881
114150  34.846  -41.361  -12.347 0.8000000119
37026  34.201  -40.992  -12.098 0.8000000119
37959  33.901  -39.493  -11.908 0.6999999881
37958  34.659  -40.031  -12.229 0.8000000119
37039  35.013  -40.694  -12.335 0.8000000119
38853  34.385  -38.669  -12.068 0.8000000119
40699  33.677  -37.518  -11.720 0.6000000238
37957  35.146  -40.106  -12.148 0.8000000119
112170  34.863  -39.318  -12.222 0.8000000119
40698  34.152  -37.609  -11.824 0.6000000238
41614  34.071  -36.808  -11.739 0.6000000238
116329  33.730  -36.056  -11.565 0.6000000238
39713  34.402  -38.222  -11.923 0.8000000119
42563  34.285  -35.938  -11.718 0.6000000238
42564  33.837  -35.120  -11.665 0.6000000238
119778  34.322  -34.177  -11.736 0.6999999881
44255  34.288  -33.160  -11.884 0.6000000238
41613  34.510  -36.405  -11.468 0.6999999881
21633  40.343  -58.751  -6.363 0.4000000060
30970  35.419  -48.693  -11.937 0.8999999762
110039  42.556  -46.061  -10.317 0.3000000119
36100  34.326  -41.991  -12.176 0.8000000119
21610  38.207  -58.146  -5.802 0.5000000000
29032  33.531  -50.067  -13.346 0.8000000119
126440  41.144  -49.939  -9.992 0.5000000000
38854  33.413  -38.662  -11.430 0.6999999881
39714  33.934  -38.007  -11.961 0.6999999881
28975  45.288  -49.930  -9.926 0.4000000060
28976  44.175  -50.250  -9.530 0.4000000060
28977  42.653  -50.921  -9.928 0.5000000000
29978  44.436  -50.085  -10.447 0.4000000060
29988  45.207  -49.768  -11.039 0.4000000060
28978  41.316  -51.291  -10.275 0.5000000000
116663  42.508  -51.349  -11.470 0.5000000000
28996  43.331  -50.723  -10.571 0.4000000060
30002  45.208  -50.028  -12.142 0.4000000060
30003  44.046  -50.364  -11.516 0.4000000060
29987  45.947  -49.885  -11.686 0.4000000060
28998  40.836  -51.076  -10.659 0.5000000000
28997  42.052  -51.389  -10.884 0.5000000000
29014  43.007  -51.520  -12.403 0.4000000060
30011  44.374  -50.694  -12.746 0.4000000060
29044  46.708  -50.482  -14.555 0.4000000060
107917  45.900  -51.211  -13.968 0.4000000060
124269  45.343  -50.629  -13.202 0.4000000060
30015  47.242  -50.167  -14.445 0.4000000060
29035  47.012  -50.780  -14.136 0.4000000060
121354  41.493  -51.368  -11.412 0.5000000000
124942  41.868  -51.578  -11.534 0.4000000060
114328  47.008  -45.208  -10.213 0.3000000119
33581  47.177  -45.802  -10.803 0.3000000119
29027  43.566  -51.713  -13.501 0.4000000060
33580  47.867  -45.313  -10.704 0.3000000119
32766  47.234  -46.500  -11.477 0.3000000119
31871  46.561  -47.795  -12.869 0.3000000119
30987  46.779  -49.124  -14.600 0.3000000119
30020  46.311  -50.010  -14.781 0.4000000060
29046  45.232  -51.081  -14.845 0.4000000060
29026  44.763  -51.398  -13.871 0.4000000060
125673  47.607  -46.969  -12.380 0.3000000119
30979  47.247  -48.366  -14.216 0.3000000119
30993  46.986  -49.774  -14.713 0.4000000060
29017  41.207  -51.169  -11.390 0.4000000060
28055  42.150  -51.966  -13.091 0.4000000060
29016  41.827  -51.534  -12.383 0.4000000060
32759  46.089  -46.034  -10.957 0.3000000119
31860  45.302  -46.852  -12.303 0.3000000119
32767  46.510  -46.603  -11.450 0.3000000119
31859  46.127  -47.175  -12.006 0.3000000119
31879  45.087  -48.290  -13.710 0.3000000119
30994  45.395  -49.764  -14.711 0.4000000060
30021  45.422  -50.609  -14.877 0.4000000060
29047  43.930  -51.441  -14.820 0.4000000060
31858  46.963  -47.245  -12.071 0.3000000119
30980  46.099  -48.375  -13.699 0.3000000119
30988  45.730  -49.065  -14.409 0.3000000119
29990  40.817  -50.839  -10.700 0.4000000060
31886  43.140  -48.138  -14.656 0.3000000119
30990  42.782  -49.195  -14.615 0.3000000119
112467  42.835  -50.467  -14.896 0.4000000060
30981  42.455  -49.450  -13.754 0.4000000060
30012  42.071  -50.910  -13.298 0.4000000060
31873  44.568  -47.407  -13.492 0.3000000119
31880  44.053  -48.223  -14.359 0.3000000119
30997  42.990  -49.168  -14.856 0.3000000119
30996  43.473  -50.243  -15.009 0.4000000060
30016  42.425  -51.243  -14.272 0.4000000060
29029  42.183  -51.829  -13.515 0.4000000060
31885  43.741  -49.109  -14.748 0.3000000119
30995  44.518  -49.999  -14.846 0.4000000060
30023  43.359  -51.246  -15.068 0.4000000060
28062  42.504  -52.158  -13.847 0.4000000060
31872  45.614  -47.648  -12.816 0.3000000119
30989  44.759  -49.038  -14.477 0.3000000119
30022  44.351  -50.958  -15.124 0.4000000060
28067  43.259  -52.023  -14.663 0.4000000060
31861  42.664  -47.772  -11.321 0.4000000060
116941  42.557  -48.724  -11.903 0.4000000060
30960  42.269  -48.757  -11.078 0.4000000060
118238  42.635  -48.648  -12.955 0.3000000119
30969  42.342  -49.778  -12.500 0.4000000060
29989  41.740  -50.167  -11.397 0.4000000060
31882  42.660  -48.021  -14.099 0.4000000060
30004  41.563  -50.999  -12.176 0.4000000060
38844  32.543  -39.638  -10.160 0.6000000238
39715  33.232  -38.022  -11.313 0.5000000000
41615  33.205  -36.831  -11.119 0.5000000000
42565  33.168  -35.514  -11.107 0.5000000000
111971  33.632  -33.953  -11.459 0.5000000000
45045  33.645  -31.927  -11.333 0.4000000060
50608  35.878  -25.776  -9.111 0.3000000119
51663  35.253  -25.095  -9.979 0.3000000119
51634  38.390  -25.306  -7.523 0.3000000119
127137  37.751  -25.478  -7.901 0.3000000119
50591  36.289  -26.265  -8.353 0.3000000119
51651  36.687  -25.564  -8.843 0.3000000119
51662  36.244  -25.088  -9.716 0.3000000119
112234  35.455  -24.307  -10.751 0.3000000119
52541  39.124  -24.969  -7.099 0.3000000119
52552  38.723  -24.609  -7.784 0.3000000119
51650  37.402  -25.268  -8.551 0.3000000119
52567  37.672  -24.641  -8.910 0.3000000119
52568  37.016  -24.930  -9.348 0.3000000119
52583  37.302  -24.268  -9.720 0.3000000119
52584  36.500  -24.370  -10.222 0.3000000119
52594  35.701  -23.618  -11.430 0.3000000119
53488  36.022  -22.786  -12.021 0.3000000119
52540  39.721  -24.503  -6.572 0.3000000119
52551  39.406  -24.221  -7.339 0.3000000119
51649  38.034  -24.927  -8.189 0.3000000119
119284  38.330  -24.299  -8.477 0.3000000119
52582  37.952  -24.001  -9.191 0.3000000119
53473  38.249  -23.476  -9.459 0.3000000119
53474  37.673  -23.644  -10.037 0.3000000119
53475  36.839  -23.702  -10.715 0.3000000119
53487  37.386  -23.100  -11.047 0.3000000119
52539  40.162  -23.756  -6.253 0.3000000119
53447  40.244  -23.192  -6.821 0.3000000119
53448  39.775  -23.406  -7.596 0.3000000119
53458  39.346  -23.175  -8.449 0.3000000119
54354  38.813  -22.978  -9.287 0.3000000119
53486  38.177  -23.004  -10.161 0.3000000119
55237  38.898  -22.231  -10.182 0.3000000119
116259  40.394  -22.817  -5.916 0.3000000119
54344  40.278  -22.648  -7.467 0.3000000119
54345  39.949  -22.742  -8.126 0.3000000119
54353  40.311  -22.112  -8.179 0.3000000119
122393  40.495  -21.893  -6.215 0.3000000119
118234  40.519  -21.825  -7.258 0.3000000119
113820  40.461  -20.979  -7.357 0.3000000119
55219  40.395  -21.260  -8.110 0.3000000119
55209  40.501  -21.082  -6.556 0.3000000119
55997  40.428  -20.283  -6.073 0.3000000119
30001  46.289  -50.493  -12.895 0.4000000060
111554  46.047  -50.118  -9.532 0.4000000060
28995  46.262  -49.963  -10.625 0.4000000060
29013  46.859  -50.303  -11.867 0.4000000060
29025  46.793  -50.891  -13.826 0.4000000060
34383  48.204  -44.436  -10.518 0.3000000119
34395  48.671  -44.900  -11.315 0.3000000119
32765  48.031  -46.424  -12.061 0.3000000119
31870  47.811  -47.533  -13.727 0.3000000119
30986  47.339  -49.113  -14.468 0.3000000119
34384  47.485  -44.694  -10.138 0.3000000119
33592  45.353  -45.633  -11.248 0.3000000119
117034  43.349  -47.323  -14.590 0.3000000119
32769  45.097  -46.180  -11.900 0.3000000119
31874  42.692  -47.571  -12.713 0.4000000060
115976  42.774  -46.992  -14.662 0.3000000119
31887  43.043  -48.008  -14.619 0.3000000119
32760  42.634  -46.956  -10.557 0.4000000060
115084  40.610  -22.728  -4.752 0.3000000119
116708  40.498  -21.963  -5.311 0.3000000119
55191  40.492  -21.120  -5.532 0.3000000119
109697  40.444  -20.114  -4.391 0.3000000119
115310  46.720  -44.396  -9.753 0.3000000119
28960  44.475  -50.406  -8.607 0.4000000060
29028  42.535  -52.026  -13.266 0.4000000060
32768  45.705  -46.432  -11.547 0.3000000119
53437  39.860  -23.817  -6.896 0.3000000119
122852  39.639  -22.345  -8.966 0.3000000119
56820  40.435  -19.517  -4.734 0.3000000119
28958  46.347  -50.489  -8.844 0.3000000119
25406  34.395  -54.663  -12.125 0.6000000238
25417  34.968  -54.952  -13.158 0.6999999881
24460  47.390  -55.621  -6.747 0.3000000119
25362  47.622  -54.911  -7.035 0.3000000119
26323  34.693  -53.831  -14.158 0.6999999881
126232  47.250  -51.438  -8.292 0.3000000119
25421  34.460  -54.739  -14.044 0.6999999881
24513  34.729  -54.911  -13.674 0.6999999881
28030  47.284  -50.818  -8.901 0.3000000119
28974  46.839  -50.416  -9.756 0.3000000119
25416  35.203  -54.210  -13.522 0.6999999881
28973  47.736  -50.593  -9.863 0.3000000119
119834  48.176  -50.846  -11.776 0.3000000119
28993  48.302  -50.760  -10.756 0.3000000119
28994  47.442  -50.397  -10.944 0.3000000119
28061  49.002  -51.278  -12.643 0.3000000119
29011  48.420  -50.968  -12.632 0.3000000119
29012  47.674  -50.627  -12.293 0.3000000119
25380  47.815  -54.277  -7.230 0.3000000119
27189  34.933  -52.797  -14.415 0.6999999881
28019  47.969  -51.390  -8.616 0.3000000119
25420  35.019  -54.252  -13.918 0.6999999881
120614  48.048  -50.916  -9.249 0.3000000119
28972  48.425  -50.798  -9.886 0.3000000119
28054  48.889  -51.444  -11.978 0.3000000119
29022  49.106  -51.250  -12.702 0.3000000119
26277  47.350  -53.534  -7.256 0.4000000060
27185  34.040  -52.279  -14.055 0.6999999881
27153  48.662  -52.188  -8.423 0.3000000119
27154  47.680  -52.002  -7.948 0.3000000119
28018  48.800  -51.335  -9.337 0.3000000119
27188  35.485  -52.396  -14.247 0.6999999881
28043  49.012  -51.280  -10.581 0.3000000119
26321  35.572  -52.530  -14.088 0.6999999881
29024  47.638  -50.566  -13.290 0.3000000119
108284  47.134  -50.649  -12.921 0.3000000119
30009  49.087  -50.347  -12.722 0.3000000119
29023  48.393  -50.786  -12.862 0.3000000119
128857  34.754  -52.195  -14.398 0.6999999881
27162  49.328  -52.075  -9.262 0.3000000119
116178  35.544  -51.490  -14.173 0.6999999881
27161  49.989  -52.538  -9.811 0.3000000119
28029  49.624  -51.766  -10.139 0.3000000119
27187  35.745  -52.103  -14.075 0.6999999881
30010  48.350  -50.450  -13.051 0.3000000119
27152  49.497  -52.826  -8.896 0.3000000119
28063  35.900  -51.490  -13.838 0.6999999881
29034  47.595  -50.462  -13.590 0.3000000119
32770  42.730  -46.766  -11.711 0.3000000119
24496  33.381  -55.414  -10.293 0.5000000000
24514  34.540  -55.740  -13.577 0.6999999881
24501  34.340  -55.652  -12.514 0.6000000238
118368  34.230  -56.520  -13.292 0.6000000238
124440  33.769  -55.126  -11.396 0.6000000238
26324  33.616  -54.141  -13.975 0.6999999881
26319  33.874  -53.147  -14.030 0.6999999881
25379  48.553  -54.901  -7.461 0.3000000119
27186  33.104  -52.369  -13.420 0.6999999881
26276  48.349  -53.806  -7.529 0.4000000060
28065  33.355  -51.562  -13.508 0.6999999881
26290  48.962  -53.245  -8.108 0.4000000060
27138  48.064  -52.852  -7.659 0.4000000060
26289  49.732  -53.693  -8.673 0.3000000119
26288  50.486  -54.098  -9.170 0.3000000119
114200  33.606  -50.893  -13.550 0.6999999881
26298  50.226  -53.345  -9.438 0.3000000119
26275  49.229  -54.195  -8.017 0.3000000119
23512  34.828  -56.181  -6.698 0.5000000000
24468  33.863  -55.543  -7.485 0.5000000000
23529  33.741  -56.302  -7.920 0.5000000000
113794  31.757  -59.628  -10.720 0.4000000060
22605  30.503  -57.759  -9.592 0.5000000000
24482  33.482  -55.642  -8.188 0.5000000000
22600  28.914  -57.044  -7.719 0.4000000060
23530  28.087  -56.871  -7.826 0.4000000060
21683  31.261  -58.604  -10.140 0.5000000000
23531  27.331  -56.802  -7.975 0.4000000060
22591  27.450  -57.251  -7.396 0.4000000060
22606  29.803  -57.265  -9.147 0.4000000060
22613  30.673  -57.854  -10.605 0.5000000000
21703  31.940  -58.851  -12.454 0.5000000000
21700  33.131  -58.230  -13.963 0.4000000060
127454  33.568  -55.810  -11.339 0.5000000000
117285  33.736  -57.442  -12.941 0.4000000060
22629  33.598  -58.009  -13.693 0.4000000060
23557  33.648  -56.579  -12.057 0.4000000060
22592  26.642  -57.358  -7.891 0.4000000060
22615  25.093  -57.074  -10.544 0.4000000060
23535  29.145  -56.733  -9.189 0.4000000060
124939  26.018  -55.869  -11.151 0.4000000060
22614  29.821  -57.128  -10.042 0.4000000060
23562  27.631  -55.916  -11.391 0.4000000060
22623  30.875  -58.031  -11.715 0.5000000000
25409  28.607  -55.092  -11.401 0.4000000060
116205  27.900  -54.872  -11.542 0.4000000060
22632  31.499  -58.467  -12.646 0.5000000000
22631  31.620  -58.214  -13.435 0.5000000000
109477  29.079  -54.490  -10.755 0.4000000060
26306  28.626  -53.723  -10.478 0.4000000060
21702  31.883  -58.686  -13.200 0.5000000000
22635  32.663  -58.018  -14.358 0.6000000238
22633  33.507  -57.940  -14.202 0.6000000238
130097  33.979  -57.202  -13.711 0.5000000000
23554  25.652  -56.330  -10.839 0.4000000060
23537  27.816  -56.399  -8.495 0.4000000060
23563  26.628  -56.079  -11.110 0.4000000060
23550  30.275  -57.207  -10.938 0.5000000000
124848  29.717  -56.602  -10.580 0.4000000060
23571  31.086  -57.704  -12.543 0.5000000000
24504  29.027  -55.776  -11.291 0.4000000060
24505  28.179  -55.580  -11.565 0.4000000060
24519  32.586  -56.912  -14.013 0.5000000000
25397  29.523  -53.857  -10.177 0.4000000060
121503  33.371  -57.146  -14.309 0.6000000238
23569  34.168  -56.602  -13.950 0.6000000238
23547  25.727  -56.696  -10.108 0.4000000060
107919  28.979  -56.384  -10.209 0.4000000060
23552  27.331  -56.195  -10.716 0.4000000060
23560  29.215  -56.132  -10.963 0.4000000060
23558  30.982  -56.869  -12.308 0.5000000000
24498  30.119  -55.534  -10.778 0.4000000060
128256  29.318  -55.241  -10.987 0.4000000060
23570  31.516  -57.383  -13.372 0.5000000000
25401  29.894  -54.670  -10.438 0.4000000060
24517  34.249  -55.830  -14.029 0.6000000238
24518  33.616  -56.372  -14.194 0.6000000238
23538  26.913  -56.584  -8.699 0.4000000060
108204  26.852  -56.315  -9.632 0.4000000060
109203  28.158  -56.166  -10.108 0.4000000060
23561  28.437  -55.958  -11.384 0.4000000060
23559  30.463  -57.170  -11.703 0.5000000000
107085  30.106  -56.517  -10.903 0.5000000000
121315  29.748  -56.094  -10.959 0.5000000000
24503  30.459  -56.291  -11.293 0.5000000000
24497  30.966  -55.335  -10.866 0.5000000000
24516  31.729  -56.298  -13.038 0.5000000000
24502  31.307  -55.842  -11.728 0.5000000000
24515  32.781  -55.771  -13.847 0.6000000238
25399  31.152  -54.493  -10.601 0.5000000000
25395  30.832  -54.031  -10.215 0.4000000060
25422  33.737  -55.270  -14.142 0.6000000238
25419  31.978  -55.278  -12.592 0.6000000238
25408  31.495  -54.931  -11.344 0.5000000000
25418  32.733  -54.727  -13.584 0.6000000238
28058  32.119  -50.989  -11.627 0.5000000000
114540  32.114  -51.706  -12.100 0.6000000238
28059  31.920  -51.764  -11.122 0.5000000000
27180  32.454  -52.434  -12.608 0.6000000238
27181  31.977  -52.507  -11.737 0.6000000238
27173  31.587  -52.655  -10.663 0.5000000000
25407  32.065  -54.244  -12.136 0.5000000000
117924  31.515  -54.157  -11.071 0.5000000000
26305  31.243  -53.589  -10.395 0.5000000000
26300  30.702  -53.402  -9.838 0.5000000000
129950  32.313  -51.093  -12.333 0.5000000000
29033  32.840  -50.790  -12.908 0.6000000238
28066  32.633  -51.651  -12.790 0.6000000238
26314  32.282  -53.268  -12.354 0.6000000238
26315  31.747  -53.405  -11.347 0.5000000000
26320  32.911  -53.194  -13.319 0.6000000238
24489  33.317  -55.542  -9.073 0.4000000060
120831  32.609  -53.890  -13.167 0.6000000238
23513  34.234  -56.032  -7.333 0.5000000000
21691  31.391  -58.797  -11.085 0.5000000000
23536  28.630  -56.669  -8.420 0.4000000060
23544  28.384  -56.291  -9.222 0.4000000060
24506  27.399  -55.315  -11.534 0.4000000060
25402  28.273  -54.308  -11.136 0.4000000060
23546  26.219  -56.720  -9.469 0.4000000060
130167  27.220  -54.655  -11.385 0.3000000119
24507  25.729  -55.348  -11.305 0.3000000119
119463  27.905  -53.630  -10.785 0.3000000119
25411  26.409  -54.769  -11.321 0.3000000119
25410  27.519  -54.098  -11.146 0.3000000119
26316  26.684  -53.898  -11.041 0.3000000119
21698  31.701  -58.831  -11.822 0.5000000000
21701  32.420  -58.494  -13.512 0.5000000000
21704  33.127  -58.038  -14.392 0.6000000238
21705  32.703  -58.209  -14.111 0.6000000238
21706  32.167  -58.287  -13.880 0.5000000000
22599  29.448  -57.129  -8.289 0.4000000060
22634  32.115  -57.868  -14.130 0.5000000000
23458  37.876  -56.163  -3.957 0.8000000119
23545  27.580  -56.190  -9.387 0.4000000060
23551  28.314  -56.178  -11.117 0.4000000060
23553  26.343  -56.334  -10.275 0.4000000060
23572  33.395  -57.644  -14.329 0.6000000238
23573  32.884  -57.669  -14.426 0.6000000238
23574  33.037  -57.908  -14.500 0.6000000238
24414  37.689  -55.483  -3.786 0.6999999881
25396  30.274  -53.972  -10.099 0.4000000060
25400  30.602  -54.685  -10.442 0.5000000000
26322  35.356  -53.291  -14.003 0.6999999881
27093  37.292  -52.377  -4.270 0.8000000119
27096  33.855  -52.513  -5.129 0.8999999762
28021  45.843  -50.831  -8.227 0.4000000060
28057  34.652  -51.803  -11.521 0.8000000119
28068  42.926  -52.163  -14.552 0.4000000060
28069  35.655  -51.928  -14.208 0.6999999881
28070  35.303  -52.090  -14.423 0.6999999881
28071  34.510  -51.460  -14.156 0.6999999881
28909  37.623  -50.937  -4.538 0.6999999881
29015  42.010  -51.797  -12.223 0.4000000060
29018  35.897  -50.182  -12.881 1.0000000000
29036  46.169  -50.993  -14.372 0.4000000060
29037  45.022  -51.312  -14.422 0.4000000060
29038  43.896  -51.750  -14.320 0.4000000060
29039  43.048  -52.286  -14.162 0.4000000060
29040  42.550  -51.958  -14.278 0.4000000060
29045  46.044  -50.708  -14.683 0.4000000060
29048  43.189  -51.872  -14.882 0.4000000060
30013  35.738  -49.691  -13.108 0.8999999762
30024  42.864  -51.667  -14.847 0.4000000060
30971  34.988  -48.589  -11.078 1.0000000000
31807  33.891  -47.855  -6.278 1.0000000000
31837  33.867  -47.917  -8.334 1.0000000000
31862  35.449  -47.283  -12.211 0.8999999762
31863  35.357  -47.956  -11.569 0.8999999762
32709  39.295  -46.405  -5.476 0.6999999881
32758  46.711  -46.133  -10.987 0.3000000119
32784  34.126  -46.206  -12.566 1.0000000000
33582  46.516  -45.615  -10.575 0.3000000119
33583  45.882  -45.464  -10.608 0.3000000119
33591  47.718  -45.943  -11.281 0.3000000119
33595  35.668  -45.777  -12.065 0.8999999762
33597  32.966  -45.101  -11.593 0.6999999881
33605  35.006  -45.673  -12.602 1.0000000000
34385  46.206  -45.024  -10.139 0.3000000119
34408  35.383  -45.289  -12.285 1.0000000000
35199  39.799  -43.758  -4.868 0.6999999881
36035  39.228  -42.373  -4.490 0.6999999881
36945  37.858  -41.597  -3.990 0.6999999881
36986  41.310  -42.011  -7.168 0.6000000238
37028  31.906  -41.618  -10.188 0.6999999881
38820  41.361  -40.172  -8.108 0.5000000000
39634  38.216  -38.485  -4.383 0.5000000000
39685  40.894  -38.188  -8.833 0.4000000060
40626  40.110  -37.385  -5.838 0.5000000000
40676  40.811  -37.660  -8.601 0.4000000060
40688  41.090  -37.315  -9.835 0.4000000060
41595  40.651  -36.804  -7.261 0.5000000000
41596  34.807  -36.484  -8.041 0.6999999881
41599  41.098  -36.467  -8.661 0.4000000060
41606  41.202  -36.667  -9.461 0.4000000060
43440  42.179  -34.737  -8.287 0.4000000060
43446  42.328  -34.661  -10.133 0.4000000060
43452  42.303  -34.783  -11.011 0.3000000119
43457  42.832  -34.221  -12.229 0.3000000119
44207  37.420  -33.998  -6.020 0.5000000000
44220  37.368  -33.499  -7.032 0.3000000119
44225  42.638  -33.152  -7.968 0.3000000119
44242  42.868  -33.760  -9.530 0.4000000060
45022  42.075  -32.349  -7.881 0.3000000119
45032  36.627  -32.046  -9.458 0.5000000000
45837  38.845  -31.502  -6.547 0.3000000119
45844  40.101  -32.005  -7.526 0.4000000060
45859  37.718  -31.910  -8.773 0.4000000060
45870  35.807  -31.645  -10.484 0.4000000060
46703  39.630  -31.228  -5.454 0.3000000119
46713  41.755  -30.990  -6.673 0.3000000119
47610  41.687  -29.674  -4.409 0.4000000060
48533  39.641  -28.892  -4.396 0.3000000119
48553  36.800  -28.379  -6.553 0.3000000119
49528  38.529  -27.885  -5.367 0.3000000119
49541  36.692  -27.736  -6.892 0.3000000119
49551  36.332  -27.430  -7.397 0.3000000119
50545  41.738  -26.764  -3.709 0.3000000119
50559  39.310  -26.570  -5.480 0.3000000119
50570  37.573  -26.817  -6.737 0.3000000119
50579  37.881  -26.053  -7.290 0.3000000119
51635  37.113  -25.961  -7.975 0.3000000119
52533  40.219  -24.499  -5.855 0.4000000060
53417  40.814  -23.752  -4.517 0.3000000119
53449  39.052  -23.913  -8.073 0.3000000119
53459  38.611  -23.640  -8.787 0.3000000119
54334  40.431  -22.496  -6.748 0.3000000119
55977  40.397  -20.222  -5.142 0.3000000119
108751  43.242  -26.459  -3.518 0.3000000119
111492  33.827  -56.899  -14.172 0.6000000238
111522  33.817  -53.787  -5.973 0.8999999762
114208  33.789  -57.423  -14.102 0.6000000238
115260  34.541  -50.001  -13.755 0.8999999762
115361  39.690  -35.825  -5.702 0.4000000060
115625  35.981  -47.086  -4.658 0.8000000119
116494  40.679  -25.200  -4.779 0.3000000119
118228  38.514  -53.186  -4.665 0.8000000119
119437  42.940  -32.982  -12.901 0.3000000119
120106  40.832  -38.146  -7.391 0.4000000060
120535  42.419  -50.250  -14.307 0.4000000060
120971  35.272  -50.165  -13.773 0.8999999762
121468  26.680  -55.621  -11.387 0.4000000060
121813  41.244  -38.162  -10.891 0.4000000060
125456  40.206  -29.547  -4.311 0.3000000119
126993  40.499  -21.446  -4.952 0.3000000119
127045  35.865  -52.001  -13.866 0.6999999881
128190  41.376  -36.701  -10.976 0.4000000060
128259  35.467  -43.578  -11.916 1.0000000000
128493  35.962  -31.175  -7.765 0.3000000119
