#!ascii label  , from subject freesurfer vox2ras=TkReg
1567
109808  19.247  -77.894  -14.827 0.6999999881
5306  19.439  -78.878  -15.031 0.8000000119
4763  19.380  -79.478  -14.091 0.8000000119
114589  19.140  -79.930  -13.691 0.6999999881
5909  18.864  -77.724  -16.568 0.6000000238
5898  19.101  -77.811  -15.591 0.6000000238
111751  19.385  -79.998  -14.870 0.6000000238
5910  18.233  -76.690  -17.251 0.6000000238
5276  19.389  -78.836  -12.770 0.8000000119
4241  18.985  -79.698  -13.131 0.6999999881
4741  18.754  -79.420  -12.343 0.6999999881
117130  17.765  -79.664  -13.047 0.6999999881
5890  18.603  -77.023  -15.050 0.6000000238
5293  19.381  -78.410  -14.231 0.6999999881
4242  18.428  -79.798  -13.079 0.6999999881
5924  18.270  -76.389  -18.522 0.6000000238
6619  18.164  -75.045  -19.238 0.6000000238
125855  18.440  -76.159  -19.659 0.6000000238
6637  21.952  -75.877  -20.588 0.6000000238
5968  20.098  -76.565  -20.151 0.6000000238
5270  18.952  -78.781  -11.127 0.8000000119
5263  17.878  -78.615  -10.473 0.8000000119
5271  17.377  -78.671  -11.062 0.6999999881
5841  16.211  -77.722  -10.928 0.6999999881
5852  16.141  -77.711  -11.948 0.6999999881
114865  19.343  -78.838  -12.055 0.8000000119
4732  18.623  -79.119  -11.544 0.6999999881
5272  16.770  -78.309  -11.408 0.6999999881
115657  19.401  -78.071  -13.048 0.6999999881
4731  19.109  -79.076  -11.786 0.8000000119
5277  17.348  -78.893  -11.741 0.6999999881
5889  19.061  -77.496  -14.236 0.6999999881
5899  18.385  -76.868  -16.127 0.6999999881
6610  17.768  -75.387  -18.060 0.6000000238
6600  17.781  -75.788  -16.821 0.6000000238
125457  20.548  -75.220  -20.044 0.6000000238
6628  18.999  -76.301  -20.335 0.6000000238
5955  22.287  -76.175  -20.635 0.6000000238
5340  24.926  -78.515  -19.480 0.6999999881
5350  24.265  -78.310  -20.131 0.6000000238
4794  26.366  -79.251  -18.362 0.5000000000
5339  25.348  -78.872  -19.423 0.6000000238
4801  27.198  -79.709  -18.510 0.5000000000
5252  18.226  -78.143  -9.791 0.8999999762
5264  17.017  -78.271  -10.518 0.8000000119
5254  16.487  -77.586  -9.874 0.6999999881
5851  19.377  -77.855  -11.049 0.6999999881
5251  18.887  -77.898  -9.926 0.8999999762
5865  19.335  -77.560  -12.481 0.8000000119
117830  19.454  -78.162  -11.819 0.8000000119
5878  18.952  -77.019  -13.399 0.8000000119
6578  18.316  -76.049  -14.790 0.6999999881
6591  18.089  -75.999  -15.734 0.8000000119
114289  17.721  -74.532  -17.563 0.8000000119
7322  18.239  -73.771  -19.100 0.6999999881
7328  19.483  -75.240  -19.818 0.6999999881
6627  21.218  -75.250  -20.204 0.6000000238
5938  23.224  -77.337  -19.601 0.6999999881
4803  25.565  -78.811  -18.813 0.6999999881
5828  18.610  -77.510  -9.319 0.8999999762
113019  17.154  -77.546  -9.349 0.8000000119
5842  15.342  -77.270  -10.265 0.6999999881
6507  19.514  -76.803  -10.763 0.8000000119
5840  19.306  -77.507  -10.187 0.8000000119
108358  19.352  -77.238  -11.704 0.6999999881
7286  18.332  -75.121  -14.506 0.6999999881
7273  18.698  -75.852  -13.123 0.6000000238
110820  17.798  -74.849  -16.472 0.8000000119
7315  17.865  -74.004  -18.647 0.8000000119
111260  19.544  -74.215  -19.408 0.6999999881
7319  20.897  -74.956  -19.907 0.8000000119
7327  20.419  -74.806  -19.634 0.6999999881
111867  21.529  -75.678  -19.195 0.8000000119
5328  23.906  -78.308  -18.017 0.6999999881
125032  23.487  -77.783  -18.544 0.6999999881
5939  22.493  -76.342  -19.811 0.6999999881
110208  25.371  -78.882  -17.804 0.6999999881
5327  24.770  -78.495  -18.506 0.6999999881
11356  11.692  -70.920  -14.609 0.6000000238
11343  11.641  -70.313  -13.417 0.6000000238
12151  10.214  -69.949  -14.331 0.6000000238
12943  8.795  -69.372  -14.033 0.6999999881
5817  17.483  -77.080  -8.868 0.8999999762
5830  15.794  -76.950  -9.589 0.6999999881
107974  19.315  -76.349  -11.703 0.6000000238
7983  18.691  -74.834  -13.157 0.6000000238
7261  18.997  -75.459  -12.240 0.6000000238
7303  18.055  -74.972  -15.457 0.6999999881
111912  18.156  -73.814  -16.436 0.6999999881
8787  15.666  -73.685  -11.463 0.6999999881
130186  14.771  -74.113  -11.681 0.6999999881
8066  17.981  -73.436  -18.213 0.8000000119
7309  17.913  -73.850  -17.254 0.8000000119
9658  15.644  -73.165  -12.069 0.6000000238
8788  15.218  -73.704  -11.982 0.6000000238
8800  14.732  -73.730  -12.498 0.6999999881
8072  18.187  -73.305  -18.743 0.6999999881
8799  15.156  -73.372  -13.189 0.5000000000
111245  14.822  -73.559  -13.560 0.6999999881
6618  20.626  -74.821  -19.153 0.8000000119
7320  19.833  -74.218  -19.331 0.8000000119
9676  15.553  -72.813  -12.959 0.5000000000
9696  15.424  -72.904  -14.332 0.5000000000
5329  23.152  -78.008  -17.566 0.6999999881
10533  15.779  -71.789  -14.414 0.5000000000
10546  15.639  -71.369  -15.631 0.6000000238
110055  15.451  -72.495  -15.657 0.5000000000
9736  15.239  -73.029  -16.498 0.6000000238
9737  15.037  -73.142  -16.585 0.6999999881
107179  13.096  -72.146  -15.778 0.6999999881
113863  15.218  -71.238  -16.384 0.5000000000
10547  14.525  -71.416  -15.796 0.6000000238
10563  14.277  -72.453  -15.844 0.6000000238
125556  15.356  -71.046  -16.322 0.6000000238
11355  13.746  -71.056  -14.494 0.6000000238
10534  13.202  -71.077  -14.151 0.6000000238
11365  14.810  -70.378  -16.238 0.5000000000
11326  12.267  -70.159  -12.922 0.6000000238
12150  10.725  -69.744  -13.385 0.6000000238
12924  10.138  -68.937  -13.021 0.6999999881
13763  8.681  -67.880  -13.209 0.6000000238
12926  7.416  -68.451  -13.499 0.6999999881
11341  13.390  -70.591  -13.692 0.6000000238
11325  12.961  -70.151  -12.947 0.6000000238
12134  11.591  -69.792  -12.760 0.6000000238
12135  10.931  -69.275  -12.638 0.6999999881
12902  9.607  -67.974  -12.689 0.5000000000
6461  17.031  -76.348  -8.700 0.8999999762
6487  19.532  -76.738  -9.714 0.6999999881
6472  16.211  -76.387  -9.181 0.8000000119
6489  14.448  -76.302  -10.136 0.6999999881
7228  15.218  -75.390  -10.012 0.6999999881
7924  16.462  -74.930  -9.280 0.8000000119
7984  18.561  -74.355  -14.117 0.6999999881
8774  15.995  -73.976  -10.889 0.8000000119
7949  15.261  -74.265  -11.158 0.6000000238
8786  16.139  -73.126  -11.229 0.6999999881
9657  16.430  -72.218  -11.426 0.6000000238
7313  20.024  -74.323  -18.351 0.8000000119
7308  19.435  -74.022  -17.372 0.8000000119
6609  20.631  -75.705  -17.830 0.8000000119
9675  15.991  -72.416  -12.202 0.5000000000
5923  21.440  -76.644  -17.537 0.8000000119
10519  15.888  -72.114  -13.169 0.5000000000
11324  16.642  -70.673  -12.521 0.5000000000
120225  16.057  -70.620  -14.652 0.6000000238
10532  16.172  -71.147  -13.303 0.6000000238
12148  15.908  -69.790  -15.492 0.6000000238
12158  15.313  -69.389  -16.278 0.6000000238
14610  6.857  -65.893  -12.678 0.5000000000
12159  14.481  -69.611  -15.892 0.5000000000
124972  8.500  -66.977  -12.882 0.5000000000
14616  7.204  -66.589  -13.042 0.6000000238
12923  13.624  -69.056  -13.549 0.6000000238
12133  12.406  -69.632  -12.531 0.6999999881
121627  11.639  -69.113  -12.252 0.6999999881
12942  13.960  -68.512  -14.753 0.6000000238
12880  11.137  -67.859  -11.619 0.6000000238
13762  13.605  -67.936  -13.838 0.6999999881
12899  12.601  -68.615  -12.154 0.6000000238
12879  12.090  -67.850  -11.580 0.5000000000
6458  19.281  -76.563  -9.069 0.6999999881
5815  18.962  -77.013  -8.921 0.6999999881
6460  17.964  -76.390  -8.538 0.6999999881
7213  16.672  -75.599  -8.826 0.8000000119
7913  17.146  -74.797  -8.638 0.6999999881
8759  16.731  -73.591  -9.685 0.6999999881
7936  16.322  -74.278  -10.056 0.6999999881
111085  6.902  -65.244  -11.643 0.5000000000
110207  16.905  -69.072  -13.201 0.5000000000
12147  16.314  -69.539  -14.056 0.6000000238
14593  6.479  -66.462  -12.663 0.5000000000
114990  16.495  -68.563  -14.112 0.5000000000
12922  16.753  -67.917  -14.119 0.5000000000
12157  15.940  -68.929  -15.377 0.6000000238
12169  14.873  -69.396  -16.477 0.6000000238
13747  9.652  -67.033  -12.303 0.5000000000
12939  15.957  -68.003  -15.071 0.5000000000
12940  15.392  -68.515  -16.081 0.6000000238
13780  14.217  -67.846  -15.092 0.6000000238
118319  14.848  -67.958  -15.912 0.6000000238
108780  19.358  -75.721  -8.817 0.6999999881
122544  18.382  -75.782  -8.448 0.6999999881
7198  17.615  -75.521  -8.447 0.6999999881
114884  13.439  -66.975  -13.263 0.5000000000
13760  17.542  -67.502  -13.801 0.5000000000
116309  12.574  -67.010  -11.523 0.5000000000
13778  15.785  -67.315  -14.907 0.5000000000
13779  14.705  -67.209  -14.960 0.5000000000
13761  13.943  -67.075  -14.227 0.5000000000
13745  13.196  -67.809  -12.605 0.5000000000
14606  13.331  -66.141  -12.693 0.5000000000
15516  12.891  -65.294  -12.540 0.5000000000
15538  15.684  -65.622  -13.982 0.5000000000
15528  14.293  -65.453  -13.517 0.5000000000
14607  13.131  -66.941  -12.118 0.5000000000
14623  15.717  -66.517  -14.568 0.5000000000
15539  14.914  -65.869  -13.978 0.5000000000
14615  13.805  -66.211  -13.541 0.5000000000
14622  16.659  -66.518  -14.347 0.5000000000
14624  15.130  -66.494  -14.602 0.5000000000
15527  15.081  -65.252  -13.495 0.5000000000
124555  8.554  -68.986  -10.417 0.6000000238
12863  6.662  -69.035  -11.052 0.6000000238
13715  8.196  -67.188  -10.148 0.5000000000
12090  9.215  -69.481  -10.376 0.6999999881
12092  7.597  -69.900  -10.688 0.6000000238
12093  6.695  -69.983  -10.870 0.6000000238
10490  7.591  -71.512  -10.450 0.6999999881
11287  9.351  -70.509  -10.477 0.6000000238
11288  8.401  -70.797  -10.603 0.6999999881
11289  7.447  -70.599  -10.648 0.6999999881
11290  6.704  -70.812  -10.737 0.6999999881
9643  8.028  -72.352  -10.082 0.8000000119
115853  10.513  -70.160  -9.838 0.5000000000
12070  9.668  -69.137  -10.070 0.5000000000
10489  8.628  -71.737  -10.360 0.8000000119
10488  9.442  -71.922  -10.058 0.6000000238
9595  7.255  -72.348  -7.808 0.6999999881
12068  11.077  -70.055  -9.373 0.5000000000
12069  10.346  -69.294  -9.630 0.5000000000
9609  8.546  -72.811  -8.486 0.6999999881
9628  7.434  -72.846  -9.596 0.6999999881
9642  8.724  -72.262  -9.943 0.6999999881
10473  10.306  -71.494  -9.756 0.6999999881
10449  6.982  -71.489  -7.528 0.6999999881
113308  8.010  -72.568  -7.868 0.6999999881
10472  11.061  -71.328  -9.186 0.6000000238
9625  9.918  -72.275  -9.252 0.8000000119
13561  8.208  -67.138  0.855 0.6999999881
12749  7.696  -68.741  -0.204 0.8000000119
11227  12.857  -70.720  -6.653 0.4000000060
129604  7.589  -70.458  -6.992 0.6999999881
11232  12.400  -70.843  -7.356 0.5000000000
10448  7.893  -71.814  -7.310 0.6999999881
10458  11.563  -71.217  -8.527 0.6000000238
10459  11.025  -71.717  -8.482 0.6000000238
9608  9.411  -72.674  -8.443 0.6999999881
111827  10.550  -71.870  -9.055 0.8000000119
9593  9.634  -72.500  -7.782 0.8000000119
23413  5.863  -56.199  -0.146 0.5000000000
22500  4.760  -56.669  -1.482 0.5000000000
22501  3.941  -56.784  -1.691 0.5000000000
17169  5.282  -64.267  -2.888 0.5000000000
16263  6.622  -64.912  -2.755 0.6000000238
16278  5.994  -64.508  -3.289 0.6000000238
17170  4.678  -63.595  -2.621 0.6000000238
18795  3.493  -61.044  -2.174 0.6000000238
16253  7.482  -65.887  -1.701 0.6999999881
16264  5.798  -64.674  -2.411 0.6999999881
15313  8.396  -65.906  0.971 0.6999999881
16241  7.563  -65.114  -0.228 0.6999999881
11215  7.579  -70.315  -4.741 0.6999999881
11204  7.765  -70.141  -3.866 0.6999999881
12002  7.647  -69.801  -2.548 0.8000000119
9572  12.492  -71.713  -5.730 0.5000000000
11228  8.094  -70.770  -6.206 0.6999999881
122777  12.003  -71.468  -7.308 0.6000000238
126146  8.583  -71.046  -6.769 0.8000000119
9582  10.810  -72.151  -6.943 0.6999999881
10441  9.165  -71.538  -6.603 0.8000000119
10446  9.440  -72.100  -7.172 0.8000000119
22479  6.637  -56.569  0.166 0.5000000000
22488  5.969  -56.959  -0.727 0.6000000238
22487  7.053  -57.806  -0.186 0.5000000000
22499  5.820  -57.899  -1.424 0.6000000238
111696  4.230  -57.464  -1.820 0.6000000238
21571  3.696  -57.886  -1.821 0.6000000238
21570  4.292  -58.630  -2.310 0.6000000238
21582  3.452  -58.758  -2.291 0.5000000000
17202  5.768  -63.299  -4.373 0.5000000000
18016  5.264  -63.086  -4.430 0.5000000000
16262  7.105  -65.274  -2.918 0.6000000238
18018  3.743  -62.014  -4.549 0.6000000238
18001  4.172  -62.667  -2.687 0.6999999881
20588  2.853  -59.343  -2.181 0.6000000238
15337  8.022  -66.262  -2.534 0.6000000238
121601  8.682  -65.890  0.212 0.6999999881
16242  6.946  -64.742  -1.065 0.6999999881
17155  4.969  -64.179  -1.831 0.6999999881
17156  4.593  -63.177  -1.862 0.8000000119
18811  3.480  -61.686  -3.001 0.6999999881
14424  9.250  -66.504  -0.710 0.6999999881
126500  8.831  -66.244  0.517 0.6999999881
13560  9.060  -67.282  0.653 0.6999999881
12736  8.511  -67.957  0.493 0.8000000119
129552  7.966  -69.836  -1.822 0.8000000119
11980  7.958  -69.572  -0.845 0.8000000119
126046  11.957  -72.016  -5.779 0.5000000000
10409  11.006  -71.414  -3.815 0.6000000238
11214  8.350  -70.502  -4.368 0.8000000119
11187  8.396  -70.154  -2.413 0.8000000119
9573  11.330  -72.081  -6.225 0.6000000238
10432  11.445  -71.948  -5.295 0.6999999881
10424  8.870  -71.070  -4.927 0.8000000119
10439  10.448  -72.035  -6.217 0.6999999881
10423  9.734  -71.397  -4.876 0.6999999881
10440  9.925  -72.040  -6.671 0.8000000119
22469  7.825  -57.170  1.271 0.4000000060
22478  7.495  -57.314  0.576 0.5000000000
20585  7.383  -59.080  -1.345 0.4000000060
115109  5.185  -58.349  -1.910 0.5000000000
20600  4.079  -59.461  -2.899 0.5000000000
17184  6.699  -63.906  -3.674 0.5000000000
18035  4.086  -61.957  -5.272 0.6000000238
18842  3.726  -61.406  -4.986 0.6000000238
20601  3.169  -59.493  -2.605 0.6000000238
15348  7.793  -66.027  -2.885 0.6000000238
18828  3.338  -61.420  -4.022 0.6999999881
18796  3.036  -60.659  -3.191 0.6999999881
15336  8.805  -66.467  -2.162 0.6000000238
12748  8.717  -68.799  0.016 0.8000000119
11201  10.448  -70.927  -3.177 0.6999999881
11213  9.188  -70.865  -4.120 0.6999999881
11203  8.599  -70.364  -3.419 0.8000000119
120653  8.611  -70.013  -1.359 0.8000000119
10410  10.102  -71.167  -3.972 0.6999999881
22477  8.326  -58.023  0.855 0.4000000060
22468  8.814  -57.811  1.629 0.4000000060
117386  8.273  -57.529  2.901 0.4000000060
20572  7.948  -59.088  -1.047 0.5000000000
21542  7.876  -58.427  0.165 0.4000000060
22445  7.906  -57.389  3.616 0.5000000000
20599  5.296  -59.359  -3.053 0.5000000000
128957  4.799  -59.808  -4.645 0.5000000000
20613  4.257  -60.114  -3.763 0.5000000000
20621  5.578  -59.301  -5.201 0.5000000000
19696  3.328  -60.994  -4.267 0.6999999881
14398  9.405  -66.903  0.212 0.6000000238
11979  9.030  -69.515  -0.496 0.8000000119
11185  10.736  -70.880  -2.454 0.6000000238
11171  9.903  -70.459  -1.490 0.6000000238
11978  9.937  -69.583  -0.339 0.6999999881
12747  9.728  -68.809  0.166 0.6999999881
125079  9.154  -70.452  -2.682 0.6999999881
23363  8.650  -56.790  4.715 0.3000000119
21552  9.250  -58.694  -0.454 0.4000000060
21533  9.000  -58.254  0.953 0.3000000119
21522  9.490  -57.900  2.067 0.4000000060
22457  8.947  -57.726  2.510 0.4000000060
22444  8.893  -57.490  3.411 0.4000000060
22426  9.169  -57.133  4.069 0.5000000000
20596  7.829  -59.110  -1.524 0.4000000060
23362  9.327  -56.474  4.426 0.3000000119
20598  6.379  -59.233  -2.535 0.4000000060
20635  5.214  -59.661  -6.025 0.5000000000
19720  4.985  -60.212  -5.949 0.6000000238
21581  7.023  -59.173  -2.741 0.4000000060
21605  5.639  -59.289  -6.143 0.4000000060
126689  6.109  -59.189  -3.766 0.5000000000
12735  9.424  -68.052  0.423 0.6999999881
11160  9.454  -70.120  -0.983 0.6999999881
22409  7.927  -57.006  4.996 0.4000000060
123828  9.775  -57.388  3.377 0.4000000060
130169  9.881  -56.013  4.168 0.3000000119
122353  8.487  -58.947  -1.234 0.3000000119
21596  6.973  -58.481  -3.702 0.4000000060
21625  6.512  -58.994  -5.614 0.4000000060
125130  6.863  -58.441  -4.392 0.4000000060
21531  10.201  -58.117  1.012 0.3000000119
21521  10.237  -57.960  2.008 0.3000000119
22456  9.674  -57.740  2.734 0.4000000060
22442  10.598  -57.117  3.285 0.3000000119
22443  9.969  -56.701  3.808 0.3000000119
21539  10.079  -58.248  0.057 0.3000000119
21580  7.932  -59.032  -2.134 0.3000000119
22531  7.600  -57.520  -4.273 0.3000000119
21595  7.584  -58.267  -3.186 0.3000000119
22455  10.477  -57.646  2.816 0.3000000119
23382  10.701  -56.428  3.476 0.3000000119
22467  10.877  -57.886  1.457 0.3000000119
126498  11.282  -57.379  2.879 0.3000000119
22513  9.042  -57.589  -2.457 0.3000000119
22530  8.135  -57.071  -3.553 0.3000000119
23466  8.257  -56.644  -4.229 0.3000000119
24321  8.865  -56.128  4.977 0.3000000119
22476  10.827  -57.775  0.543 0.3000000119
22466  11.623  -57.567  1.585 0.3000000119
22512  9.582  -56.799  -2.539 0.3000000119
8810  15.025  -73.396  -14.646 0.6000000238
8842  15.066  -73.300  -16.420 0.6999999881
8843  14.886  -73.370  -16.152 0.6999999881
117783  13.290  -72.655  -15.804 0.6999999881
20612  4.999  -59.549  -4.124 0.4000000060
20623  4.658  -60.286  -5.099 0.6000000238
24319  10.451  -55.755  3.701 0.3000000119
5318  19.367  -78.696  -16.031 0.6999999881
4743  17.390  -79.204  -12.580 0.6999999881
5954  22.751  -76.884  -20.475 0.6000000238
6530  19.077  -76.558  -12.454 0.6000000238
6473  15.530  -76.397  -9.568 0.6999999881
7314  19.043  -73.456  -18.630 0.8000000119
5921  22.832  -77.311  -18.491 0.6999999881
5940  22.177  -76.712  -18.427 0.8000000119
12925  9.221  -68.629  -13.417 0.6999999881
10549  12.750  -71.458  -14.731 0.6000000238
13765  6.828  -67.410  -13.085 0.6000000238
12898  13.320  -68.617  -12.831 0.6999999881
7925  16.014  -75.040  -10.010 0.8000000119
10506  16.822  -71.557  -11.451 0.5000000000
10518  16.389  -71.527  -12.181 0.6000000238
12955  14.967  -68.584  -16.333 0.6000000238
11222  8.159  -70.686  -5.260 0.8000000119
1880  28.752  -86.201  -14.443 0.4000000060
1866  29.789  -85.565  -13.526 0.4000000060
2297  29.526  -84.795  -15.995 0.3000000119
1484  29.460  -85.942  -15.089 0.4000000060
1875  28.778  -85.919  -13.601 0.4000000060
113329  26.926  -83.255  -14.373 0.4000000060
2747  28.268  -83.800  -14.701 0.5000000000
2290  29.674  -83.991  -14.724 0.5000000000
2748  27.826  -83.524  -15.186 0.3000000119
2289  30.422  -84.712  -14.757 0.4000000060
2756  28.724  -83.724  -16.188 0.3000000119
126387  29.956  -84.962  -15.598 0.3000000119
2293  30.127  -85.281  -15.237 0.3000000119
116798  26.988  -82.754  -15.177 0.4000000060
2741  27.073  -83.435  -13.691 0.5000000000
3261  26.075  -82.522  -14.590 0.3000000119
2757  27.837  -83.032  -15.860 0.3000000119
3781  29.088  -81.470  -17.640 0.4000000060
3782  28.199  -81.548  -16.968 0.3000000119
4296  28.155  -79.833  -18.156 0.4000000060
3787  29.118  -80.712  -18.207 0.4000000060
4301  28.852  -80.164  -18.916 0.4000000060
121393  25.310  -82.446  -14.145 0.4000000060
3263  24.532  -82.130  -14.105 0.4000000060
3262  25.376  -81.763  -14.879 0.4000000060
3775  25.105  -80.749  -15.596 0.4000000060
3768  23.546  -81.013  -14.512 0.5000000000
3270  26.399  -81.920  -15.470 0.4000000060
4286  28.386  -80.510  -17.656 0.4000000060
4287  27.081  -80.015  -17.321 0.5000000000
4288  25.535  -79.982  -16.455 0.4000000060
4793  27.319  -79.620  -18.179 0.4000000060
124572  24.854  -78.716  -20.009 0.6000000238
4802  25.989  -79.284  -18.858 0.4000000060
4262  22.991  -80.353  -14.724 0.6000000238
108122  22.880  -79.538  -15.279 0.6000000238
4772  24.445  -79.847  -16.029 0.6000000238
5304  23.497  -79.250  -16.093 0.6000000238
127109  23.166  -78.751  -16.338 0.6999999881
4783  25.186  -79.416  -16.868 0.5000000000
4784  24.428  -79.060  -16.828 0.6000000238
5317  22.845  -78.337  -16.632 0.6999999881
114072  22.219  -78.247  -15.123 0.6999999881
5896  21.666  -77.612  -15.270 0.6999999881
122470  22.444  -78.954  -14.977 0.6000000238
6599  20.650  -76.428  -16.566 0.6999999881
115909  20.083  -75.420  -16.906 0.6999999881
8065  18.356  -73.249  -18.434 0.6999999881
5907  22.252  -78.010  -16.038 0.6999999881
5908  21.400  -77.336  -16.331 0.6999999881
5922  22.236  -77.610  -17.267 0.6999999881
6575  20.808  -76.193  -14.471 0.5000000000
6590  20.356  -75.729  -15.362 0.6000000238
129423  20.243  -76.002  -16.007 0.6000000238
7302  19.313  -73.396  -16.867 0.6999999881
8052  18.541  -73.181  -17.800 0.6999999881
8053  18.513  -73.199  -17.699 0.6000000238
7307  19.876  -75.000  -16.277 0.6000000238
7301  20.004  -74.550  -15.848 0.6000000238
8030  18.900  -72.816  -16.484 0.6000000238
8029  19.568  -72.862  -16.500 0.6000000238
123722  19.171  -74.372  -12.658 0.5000000000
4755  17.196  -79.416  -13.460 0.6000000238
4252  17.866  -80.039  -13.645 0.6000000238
8031  18.680  -72.896  -16.434 0.6000000238
8823  18.737  -72.694  -15.742 0.6000000238
8003  18.778  -73.222  -14.753 0.5000000000
112707  18.936  -73.792  -13.615 0.5000000000
5866  16.117  -77.730  -12.895 0.6000000238
5278  16.707  -78.413  -12.295 0.6000000238
5286  16.639  -78.555  -13.178 0.6000000238
8840  19.413  -71.954  -16.070 0.6000000238
8004  18.430  -73.850  -15.310 0.5000000000
113545  14.041  -76.757  -12.394 0.6000000238
6531  13.970  -76.785  -11.392 0.6000000238
5868  14.842  -76.869  -12.029 0.6000000238
5880  15.023  -76.578  -13.012 0.6000000238
5867  15.462  -77.208  -12.512 0.6000000238
5854  14.642  -77.054  -10.919 0.6000000238
5853  15.417  -77.352  -11.425 0.6000000238
7212  19.608  -75.925  -9.317 0.6000000238
8841  19.010  -72.182  -16.033 0.6000000238
6532  13.187  -76.556  -11.808 0.6000000238
7242  13.080  -75.679  -11.033 0.6000000238
6508  14.073  -76.575  -10.601 0.6000000238
7939  13.815  -75.274  -10.612 0.6000000238
6490  13.785  -76.001  -10.499 0.6000000238
7950  14.194  -74.539  -11.005 0.5000000000
7229  14.403  -75.722  -10.182 0.6000000238
7938  14.722  -74.972  -10.533 0.5000000000
114053  13.082  -76.693  -12.904 0.6999999881
6533  12.301  -76.386  -12.050 0.6000000238
7951  13.312  -74.786  -11.110 0.6000000238
7966  13.889  -74.095  -11.699 0.6000000238
8829  10.227  -73.596  -14.518 0.6000000238
6511  12.051  -76.048  -11.729 0.6000000238
7243  12.341  -75.684  -11.496 0.6000000238
7967  12.813  -74.335  -11.837 0.5000000000
7968  12.050  -74.474  -12.237 0.6000000238
108097  12.280  -73.674  -13.852 0.6000000238
111567  11.011  -73.601  -14.377 0.6000000238
8846  11.321  -73.091  -15.669 0.6000000238
7244  11.735  -75.608  -11.907 0.6000000238
8801  13.812  -73.621  -12.875 0.6000000238
8802  12.591  -73.879  -12.848 0.6000000238
8827  13.003  -73.398  -15.059 0.6000000238
8828  11.968  -73.461  -14.774 0.5000000000
9738  12.029  -72.518  -16.953 0.5000000000
8825  15.007  -73.425  -15.744 0.6000000238
8826  14.080  -73.187  -15.139 0.6000000238
8845  12.560  -73.125  -15.822 0.6000000238
9759  12.186  -72.211  -17.781 0.6999999881
9772  11.778  -72.060  -18.528 0.6999999881
10572  11.504  -71.703  -18.181 0.6999999881
11380  9.408  -70.356  -17.032 0.6999999881
8844  13.602  -73.087  -15.631 0.6000000238
10564  12.353  -72.395  -16.531 0.6999999881
11366  11.175  -70.998  -16.131 0.6999999881
10571  11.776  -71.627  -17.554 0.6999999881
11374  10.806  -71.037  -16.854 0.6999999881
11368  9.613  -70.192  -16.740 0.6000000238
10550  12.148  -71.772  -16.219 0.6000000238
127201  19.796  -73.997  -12.292 0.5000000000
123519  19.640  -74.803  -11.735 0.5000000000
7934  20.657  -74.103  -10.439 0.5000000000
7226  20.018  -74.935  -10.618 0.6000000238
8756  21.585  -73.309  -9.324 0.6000000238
8772  21.533  -73.517  -10.225 0.6000000238
7935  20.263  -74.626  -9.654 0.6000000238
116920  19.888  -75.304  -9.725 0.6000000238
7195  19.851  -75.123  -9.029 0.6000000238
8740  21.116  -73.049  -8.700 0.5000000000
8757  20.768  -73.665  -8.840 0.6000000238
7196  18.939  -75.439  -8.489 0.6000000238
109749  19.860  -72.294  -8.364 0.6000000238
9604  19.674  -72.953  -8.302 0.5000000000
8742  19.410  -73.814  -8.354 0.6000000238
7911  18.812  -74.657  -8.355 0.6000000238
10457  19.223  -72.402  -8.531 0.5000000000
109206  18.467  -73.962  -8.374 0.6000000238
9641  16.686  -72.584  -10.604 0.5000000000
9640  17.240  -72.243  -10.057 0.5000000000
8758  17.268  -73.437  -9.180 0.6000000238
9606  18.029  -73.314  -8.697 0.6000000238
5316  23.640  -78.596  -16.929 0.6999999881
7241  19.618  -75.728  -11.196 0.5000000000
8812  13.363  -73.483  -13.996 0.6000000238
7227  19.744  -75.925  -10.183 0.6000000238
8743  17.592  -74.049  -8.618 0.6000000238
9624  16.926  -72.921  -9.819 0.6000000238
1887  29.663  -85.414  -15.668 0.3000000119
2298  29.551  -84.536  -15.853 0.3000000119
2294  29.944  -84.513  -15.290 0.4000000060
3274  28.630  -82.550  -16.901 0.3000000119
3269  27.462  -82.182  -16.114 0.4000000060
3773  27.003  -81.135  -16.502 0.4000000060
3767  24.367  -81.338  -14.717 0.4000000060
3774  25.970  -81.179  -15.697 0.3000000119
4261  23.940  -80.582  -15.199 0.5000000000
4773  23.495  -79.959  -15.484 0.6000000238
4274  26.124  -80.477  -16.335 0.5000000000
129027  26.206  -79.973  -16.847 0.5000000000
5305  22.765  -78.760  -15.796 0.6000000238
5897  20.768  -76.708  -15.430 0.6999999881
12183  8.907  -69.662  -16.968 0.6000000238
7923  20.826  -73.907  -9.516 0.6000000238
10455  21.024  -71.968  -8.498 0.5000000000
7909  20.272  -74.344  -8.881 0.6000000238
7910  19.546  -74.707  -8.622 0.6000000238
9603  20.453  -72.639  -8.415 0.5000000000
125656  20.031  -73.323  -8.339 0.6000000238
10468  20.610  -71.344  -8.739 0.5000000000
9622  18.407  -72.566  -8.891 0.5000000000
10471  17.984  -72.050  -9.623 0.5000000000
506  20.408  -91.211  -2.440 0.4000000060
305  20.804  -91.621  -3.117 0.4000000060
113037  20.587  -91.231  -3.574 0.5000000000
508  19.006  -89.143  -1.050 0.5000000000
719  18.232  -88.249  -0.955 0.5000000000
730  16.734  -88.219  -1.433 0.5000000000
729  19.450  -88.891  -2.115 0.5000000000
507  19.881  -90.121  -1.677 0.5000000000
121  21.351  -91.774  -3.646 0.4000000060
120  22.124  -91.612  -3.267 0.4000000060
129  21.562  -91.533  -4.506 0.5000000000
1452  26.962  -86.812  -10.674 0.3000000119
1105  26.771  -88.407  -10.299 0.3000000119
1461  26.118  -86.517  -11.345 0.3000000119
1868  26.253  -85.682  -12.206 0.3000000119
496  19.518  -90.453  -0.791 0.4000000060
120176  18.840  -89.908  -0.382 0.5000000000
125508  17.586  -89.405  -0.146 0.5000000000
290  20.338  -91.302  -0.928 0.4000000060
297  20.165  -91.070  -1.407 0.4000000060
107841  21.747  -91.439  -2.291 0.3000000119
289  21.612  -90.939  -0.497 0.3000000119
322  22.137  -90.809  -5.389 0.4000000060
515  22.656  -90.759  -2.356 0.3000000119
303  23.252  -90.773  -3.352 0.4000000060
128  22.423  -91.235  -4.629 0.5000000000
514  23.741  -90.174  -2.413 0.3000000119
1104  27.620  -88.021  -9.976 0.3000000119
791  26.292  -88.734  -9.974 0.3000000119
1844  27.431  -85.831  -10.862 0.3000000119
1858  27.793  -85.405  -11.496 0.3000000119
110909  27.233  -85.349  -12.808 0.3000000119
110  19.972  -91.527  -0.163 0.3000000119
292  18.964  -91.083  -0.106 0.4000000060
109  20.789  -91.343  -0.348 0.3000000119
115779  23.262  -89.438  -1.412 0.3000000119
746  23.909  -89.612  -4.226 0.4000000060
747  22.763  -89.585  -4.563 0.4000000060
311  23.872  -90.204  -3.746 0.4000000060
504  24.205  -89.608  -1.825 0.3000000119
1087  28.716  -87.478  -8.039 0.4000000060
125553  28.333  -87.786  -8.553 0.4000000060
1088  27.042  -88.201  -7.995 0.4000000060
1089  26.332  -88.072  -8.335 0.4000000060
1430  25.889  -87.069  -8.429 0.4000000060
1431  25.081  -86.289  -8.615 0.5000000000
1450  29.097  -87.105  -10.040 0.3000000119
1451  28.272  -87.001  -10.510 0.3000000119
121750  28.156  -85.757  -10.886 0.3000000119
1867  28.153  -85.322  -12.516 0.3000000119
1874  29.892  -85.712  -14.489 0.3000000119
269  21.030  -90.789  1.413 0.3000000119
738  25.469  -88.632  -3.186 0.3000000119
739  24.399  -88.918  -3.908 0.3000000119
124089  22.400  -88.730  -4.481 0.4000000060
1055  21.818  -88.364  -5.053 0.4000000060
727  23.885  -88.821  -1.431 0.3000000119
502  25.483  -89.120  -2.695 0.3000000119
726  25.040  -88.899  -1.643 0.3000000119
513  24.991  -89.524  -2.886 0.3000000119
114621  21.869  -84.621  -9.088 0.5000000000
111064  21.592  -84.765  -8.478 0.5000000000
2236  29.754  -85.429  -7.985 0.3000000119
111192  28.911  -85.759  -7.932 0.3000000119
1817  29.741  -86.434  -7.955 0.3000000119
1818  29.021  -86.864  -7.544 0.3000000119
1427  28.336  -87.362  -7.693 0.4000000060
1805  24.956  -84.952  -7.767 0.5000000000
129343  23.843  -84.509  -8.814 0.5000000000
125242  29.224  -87.092  -7.712 0.3000000119
108066  27.169  -86.808  -7.839 0.4000000060
107490  26.271  -86.678  -7.983 0.4000000060
1821  25.467  -85.918  -8.009 0.5000000000
1822  24.568  -85.261  -8.559 0.5000000000
1843  29.181  -86.144  -10.687 0.3000000119
1857  29.024  -85.563  -11.428 0.3000000119
2276  29.329  -85.408  -12.420 0.3000000119
1865  30.447  -85.155  -14.178 0.4000000060
113759  25.190  -87.746  -3.265 0.3000000119
1054  22.560  -87.645  -4.301 0.4000000060
1366  23.521  -87.518  -1.220 0.3000000119
127577  25.674  -88.444  -1.565 0.3000000119
108664  26.220  -88.173  -2.133 0.3000000119
1391  21.617  -87.231  -4.872 0.4000000060
1024  24.190  -88.046  -1.489 0.3000000119
1409  21.300  -86.432  -6.843 0.4000000060
1418  21.305  -86.039  -7.751 0.5000000000
126509  21.326  -84.065  -6.798 0.4000000060
1806  21.378  -84.863  -7.685 0.5000000000
3181  29.502  -83.005  -7.560 0.3000000119
2241  22.288  -84.174  -8.728 0.5000000000
2224  21.576  -84.164  -7.732 0.5000000000
2237  28.765  -84.576  -8.204 0.3000000119
2223  23.727  -83.856  -7.935 0.4000000060
2694  22.768  -83.707  -7.983 0.5000000000
2235  30.683  -85.921  -7.932 0.3000000119
2238  27.983  -85.105  -7.949 0.4000000060
107088  27.099  -85.641  -7.701 0.4000000060
2222  24.557  -84.191  -7.724 0.5000000000
2240  23.307  -84.067  -8.470 0.5000000000
1425  30.083  -86.635  -8.779 0.3000000119
1819  28.115  -86.314  -7.700 0.4000000060
1820  26.257  -85.872  -7.679 0.5000000000
1804  25.602  -85.231  -7.612 0.5000000000
1842  30.219  -86.024  -10.566 0.3000000119
1855  30.893  -85.245  -11.310 0.4000000060
2274  30.917  -84.921  -12.466 0.3000000119
2275  30.069  -85.288  -12.245 0.4000000060
2284  30.725  -84.896  -13.461 0.4000000060
4818  20.834  -78.816  -20.232 0.5000000000
1757  22.626  -86.110  -0.236 0.3000000119
1016  24.511  -87.610  -0.902 0.3000000119
1390  22.345  -86.562  -4.265 0.3000000119
1360  23.425  -86.850  -0.670 0.3000000119
1780  22.140  -85.571  -4.284 0.3000000119
1785  21.253  -85.620  -5.806 0.5000000000
2668  21.602  -83.262  -6.456 0.4000000060
2211  21.212  -84.385  -5.782 0.3000000119
3175  29.814  -82.757  -6.660 0.3000000119
2678  22.483  -83.204  -7.314 0.5000000000
3199  29.029  -83.354  -8.098 0.3000000119
107561  24.109  -83.650  -7.739 0.4000000060
2677  23.353  -83.322  -7.659 0.4000000060
2692  27.855  -83.897  -8.234 0.4000000060
119815  26.819  -83.917  -7.845 0.4000000060
2220  25.981  -84.023  -7.465 0.4000000060
2676  24.744  -83.686  -7.525 0.4000000060
1816  30.406  -86.283  -8.369 0.3000000119
1832  30.937  -86.255  -9.154 0.3000000119
1803  26.246  -84.865  -7.539 0.4000000060
2221  25.319  -84.412  -7.491 0.5000000000
2262  31.687  -84.991  -11.014 0.3000000119
2273  31.534  -84.418  -12.234 0.4000000060
2283  31.258  -84.387  -13.157 0.4000000060
5351  20.291  -78.133  -19.769 0.5000000000
2738  30.739  -84.398  -14.176 0.4000000060
2730  31.190  -84.086  -13.604 0.5000000000
4817  21.389  -78.800  -20.520 0.5000000000
1349  24.829  -87.241  0.416 0.3000000119
5879  15.503  -77.168  -13.497 0.5000000000
108546  21.558  -82.801  -5.952 0.3000000119
2663  21.348  -83.490  -5.941 0.3000000119
5287  15.981  -77.902  -13.809 0.5000000000
6554  15.050  -76.748  -14.060 0.6000000238
3168  29.871  -82.719  -5.819 0.3000000119
3686  29.034  -82.222  -7.171 0.3000000119
3180  30.547  -83.632  -6.938 0.3000000119
3182  28.640  -82.595  -7.922 0.3000000119
3183  27.715  -82.475  -7.982 0.3000000119
3187  23.323  -82.488  -7.347 0.4000000060
3176  22.532  -82.442  -6.882 0.4000000060
4251  18.717  -80.204  -13.819 0.5000000000
110122  12.404  -76.669  -14.925 0.5000000000
2693  27.313  -83.099  -8.191 0.3000000119
2674  26.349  -83.197  -7.749 0.3000000119
3185  25.775  -82.511  -7.681 0.3000000119
3700  25.151  -81.698  -7.648 0.3000000119
119704  19.147  -80.426  -14.912 0.5000000000
128879  31.943  -85.424  -8.919 0.3000000119
1815  31.739  -85.493  -9.702 0.3000000119
4785  19.574  -79.502  -16.614 0.5000000000
2261  32.244  -84.575  -10.667 0.3000000119
115742  19.919  -79.321  -18.244 0.5000000000
2715  32.293  -83.830  -11.331 0.4000000060
4813  20.088  -78.842  -19.110 0.6000000238
3228  31.880  -83.232  -11.651 0.4000000060
3238  31.251  -83.482  -13.035 0.5000000000
2723  30.419  -83.253  -13.030 0.4000000060
2731  30.291  -83.614  -13.764 0.3000000119
5358  21.316  -77.687  -20.644 0.6000000238
3221  26.513  -82.115  -10.700 0.3000000119
3233  26.887  -82.853  -11.365 0.4000000060
2733  27.364  -83.388  -13.002 0.4000000060
2732  28.713  -83.436  -13.378 0.3000000119
5357  22.143  -77.749  -20.747 0.6000000238
4816  22.348  -78.867  -20.510 0.5000000000
3739  25.040  -82.141  -10.962 0.3000000119
3234  24.956  -82.456  -11.753 0.5000000000
3240  25.367  -82.750  -12.737 0.4000000060
3249  25.951  -82.856  -13.648 0.4000000060
121318  23.881  -78.369  -20.393 0.6000000238
3740  24.347  -81.930  -11.218 0.3000000119
3235  24.138  -82.148  -11.914 0.5000000000
3241  24.426  -82.423  -12.619 0.4000000060
3250  24.869  -82.530  -13.457 0.4000000060
3741  23.548  -81.597  -11.633 0.4000000060
3242  23.638  -81.989  -12.478 0.5000000000
3757  23.659  -81.663  -13.963 0.5000000000
6580  14.361  -76.639  -14.494 0.6000000238
3158  30.357  -83.206  -5.008 0.3000000119
3680  29.274  -82.069  -6.220 0.3000000119
3687  28.501  -81.684  -6.619 0.3000000119
3698  28.231  -81.905  -7.439 0.3000000119
6581  13.588  -76.649  -13.949 0.6000000238
114219  12.667  -76.670  -13.951 0.6000000238
3174  30.791  -83.263  -5.966 0.3000000119
111458  27.361  -81.740  -7.477 0.3000000119
3699  26.519  -81.605  -7.493 0.3000000119
6582  11.670  -76.607  -14.035 0.6000000238
2661  32.265  -83.324  -5.281 0.3000000119
3184  26.701  -82.391  -7.787 0.3000000119
108238  25.997  -81.911  -7.723 0.3000000119
117377  10.444  -76.362  -14.806 0.6000000238
2249  32.354  -84.696  -9.395 0.3000000119
7287  9.415  -75.521  -14.272 0.6000000238
126548  9.764  -76.059  -14.696 0.6000000238
7304  9.363  -75.714  -15.226 0.6000000238
110044  8.539  -75.250  -16.620 0.5000000000
3231  29.353  -82.716  -11.954 0.4000000060
2725  27.706  -83.243  -12.200 0.4000000060
3742  22.924  -81.171  -11.778 0.4000000060
3252  23.112  -81.557  -13.080 0.5000000000
3159  29.900  -83.481  -3.980 0.3000000119
3160  28.912  -82.852  -3.660 0.3000000119
3169  29.164  -82.453  -4.995 0.3000000119
3681  28.174  -81.626  -5.024 0.3000000119
124040  27.871  -81.388  -6.930 0.3000000119
3688  27.080  -81.121  -6.756 0.3000000119
4178  25.628  -80.529  -6.681 0.3000000119
6555  14.295  -76.659  -13.474 0.5000000000
2662  31.368  -83.427  -5.138 0.3000000119
6556  11.829  -76.508  -12.970 0.5000000000
2652  31.076  -83.901  -4.064 0.3000000119
4192  25.432  -80.969  -7.314 0.3000000119
2650  32.535  -83.217  -4.562 0.3000000119
6559  9.914  -76.144  -13.973 0.6000000238
120019  30.733  -82.365  -11.716 0.3000000119
108928  31.382  -82.412  -11.234 0.3000000119
7288  8.913  -75.117  -14.997 0.6000000238
8054  8.208  -74.304  -16.739 0.6000000238
6535  10.971  -76.021  -12.753 0.6000000238
7263  10.507  -75.362  -12.961 0.5000000000
7987  10.120  -74.787  -13.257 0.6000000238
7988  9.599  -74.902  -13.741 0.6000000238
8032  8.963  -74.173  -15.097 0.6000000238
8033  8.573  -74.750  -15.764 0.6000000238
8865  8.585  -73.119  -16.476 0.6000000238
8848  8.630  -73.925  -15.857 0.6000000238
9773  7.873  -72.383  -17.605 0.5000000000
6534  11.569  -76.063  -12.160 0.5000000000
7986  10.854  -74.539  -12.994 0.5000000000
8005  9.781  -74.270  -13.927 0.5000000000
8847  9.201  -73.438  -15.646 0.6000000238
10579  7.062  -71.133  -18.273 0.5000000000
117967  8.212  -69.526  -17.088 0.6000000238
108588  7.375  -70.379  -17.521 0.6000000238
11387  6.228  -70.850  -18.532 0.5000000000
11382  6.257  -70.307  -17.804 0.6000000238
11389  5.900  -70.614  -18.641 0.6000000238
8814  10.429  -74.079  -13.658 0.5000000000
9740  9.780  -72.633  -16.632 0.5000000000
9762  9.162  -72.195  -17.012 0.5000000000
9763  8.236  -72.595  -17.040 0.6000000238
10576  10.966  -71.858  -18.276 0.6000000238
117411  8.457  -71.710  -17.337 0.5000000000
115274  7.669  -71.537  -17.873 0.5000000000
10577  9.484  -71.132  -17.244 0.6000000238
11381  8.670  -70.091  -17.237 0.6000000238
11383  5.915  -70.265  -17.917 0.5000000000
12043  5.966  -69.166  -7.513 0.5000000000
7985  11.680  -74.198  -12.886 0.5000000000
112255  10.078  -73.086  -15.650 0.5000000000
9761  10.942  -72.097  -18.280 0.6000000238
12810  5.168  -68.476  -6.422 0.5000000000
12800  4.531  -68.637  -5.744 0.6000000238
12809  5.645  -68.657  -6.758 0.6000000238
12808  6.118  -69.050  -7.036 0.6000000238
12818  5.635  -68.584  -7.252 0.5000000000
11236  6.096  -70.077  -7.764 0.5000000000
116037  4.339  -71.133  -8.233 0.5000000000
10573  5.390  -70.979  -16.809 0.5000000000
124067  5.730  -70.394  -17.738 0.5000000000
108926  7.375  -69.580  -1.818 0.6000000238
12750  6.770  -68.513  -0.426 0.6999999881
11990  6.673  -69.275  -1.978 0.6000000238
12762  6.236  -68.838  -1.262 0.6999999881
12777  5.238  -68.714  -2.487 0.6000000238
12778  4.502  -68.362  -2.836 0.6000000238
12004  6.415  -69.379  -2.942 0.6000000238
122354  5.711  -69.085  -2.907 0.6000000238
12003  7.185  -69.783  -3.325 0.6000000238
12011  6.399  -69.655  -3.929 0.6000000238
12020  5.735  -69.449  -4.594 0.6000000238
12785  5.101  -68.868  -3.295 0.5000000000
113483  4.210  -68.429  -3.794 0.6000000238
12010  6.983  -70.036  -4.292 0.6000000238
12019  6.287  -69.825  -4.892 0.6000000238
117322  5.186  -69.051  -5.395 0.5000000000
12793  4.336  -68.690  -4.909 0.6000000238
12018  6.866  -70.133  -5.228 0.6000000238
12027  5.800  -69.427  -5.569 0.6000000238
12033  7.159  -70.081  -6.979 0.6000000238
12026  6.331  -69.748  -5.838 0.6000000238
12042  6.579  -69.717  -7.254 0.6000000238
10450  5.948  -71.395  -7.754 0.5000000000
9613  3.914  -72.250  -8.812 0.5000000000
9631  4.265  -72.739  -9.322 0.5000000000
8777  4.331  -73.408  -10.819 0.5000000000
8790  4.420  -73.552  -11.740 0.5000000000
12751  5.932  -68.080  -0.626 0.6000000238
13592  5.149  -67.788  -0.999 0.6999999881
11223  7.490  -70.410  -5.661 0.5000000000
109310  6.767  -70.490  -7.494 0.6000000238
9597  5.495  -72.334  -8.032 0.6000000238
9612  4.619  -72.403  -8.528 0.5000000000
9611  5.501  -72.874  -8.808 0.6000000238
8760  5.598  -73.073  -9.693 0.5000000000
8775  5.816  -72.959  -10.269 0.6000000238
9646  5.554  -72.957  -10.923 0.6000000238
14413  10.012  -67.007  -1.470 0.4000000060
15306  7.593  -65.528  1.243 0.6999999881
17128  6.899  -64.024  1.116 0.5000000000
15307  6.461  -64.871  1.811 0.5000000000
12746  10.435  -68.967  -0.023 0.6000000238
13559  9.704  -67.680  0.255 0.5000000000
14391  6.415  -65.653  1.611 0.6000000238
14402  5.795  -66.309  1.125 0.5000000000
11977  10.703  -69.674  -0.488 0.5000000000
14389  8.039  -65.975  1.238 0.6000000238
14401  6.806  -66.450  1.294 0.8000000119
13580  7.484  -67.908  0.278 0.6999999881
108151  6.193  -67.548  0.088 0.8000000119
14414  5.201  -66.622  0.306 0.6999999881
110755  6.860  -72.697  -8.377 0.6000000238
8746  6.206  -73.099  -9.240 0.6000000238
17123  6.573  -63.204  1.436 0.5000000000
14423  9.506  -66.673  -1.991 0.5000000000
16227  7.398  -64.825  0.885 0.6999999881
15300  5.948  -64.464  2.075 0.5000000000
125353  11.042  -67.643  -0.760 0.4000000060
111735  10.691  -67.139  -1.132 0.4000000060
11976  11.466  -69.709  -0.582 0.4000000060
11169  11.634  -70.665  -1.472 0.5000000000
10396  11.251  -71.172  -3.020 0.4000000060
117139  6.361  -62.858  -0.054 0.5000000000
17964  6.583  -62.564  0.961 0.5000000000
15335  9.388  -66.271  -2.299 0.3000000119
15347  8.532  -66.265  -2.713 0.3000000119
17143  6.514  -63.815  -0.597 0.6000000238
11157  11.964  -70.247  -0.929 0.4000000060
10380  12.220  -71.043  -2.086 0.4000000060
10421  11.649  -71.824  -4.461 0.4000000060
127610  5.049  -63.240  -1.318 0.6000000238
16254  6.055  -64.415  -1.562 0.6000000238
10408  11.868  -71.673  -3.630 0.4000000060
17980  5.573  -62.569  -0.653 0.5000000000
18783  6.001  -62.002  -0.088 0.5000000000
17152  10.208  -63.911  -1.228 0.3000000119
16251  9.155  -65.416  -2.460 0.3000000119
17167  7.851  -64.553  -2.843 0.3000000119
17168  7.078  -64.415  -3.178 0.4000000060
10419  13.212  -71.528  -4.185 0.3000000119
9562  12.170  -71.965  -5.096 0.4000000060
123459  12.987  -71.370  -5.639 0.4000000060
18000  7.482  -63.468  -3.086 0.4000000060
17991  4.094  -62.102  -1.962 0.6000000238
18784  5.081  -61.664  -0.401 0.4000000060
18014  7.039  -62.860  -3.756 0.4000000060
17988  10.499  -62.887  -0.909 0.3000000119
17989  9.728  -62.237  -1.309 0.3000000119
18785  4.132  -61.499  -1.193 0.5000000000
18015  6.230  -63.351  -4.253 0.4000000060
18034  5.260  -62.407  -4.894 0.4000000060
122847  4.254  -61.033  -6.017 0.5000000000
18840  5.800  -61.576  -5.164 0.4000000060
18841  4.991  -61.817  -5.490 0.4000000060
20620  8.263  -59.059  -5.504 0.3000000119
112983  8.037  -58.204  -5.491 0.3000000119
20634  7.085  -59.289  -5.723 0.3000000119
21624  6.998  -58.800  -5.486 0.3000000119
22561  7.453  -58.182  -5.131 0.3000000119
22458  8.127  -57.284  1.992 0.4000000060
21647  9.127  -57.738  -6.375 0.3000000119
4194  23.932  -80.775  -7.378 0.3000000119
3230  30.609  -82.777  -12.371 0.4000000060
19705  6.027  -60.618  -5.726 0.3000000119
9644  7.110  -72.458  -10.158 0.6000000238
22428  7.473  -57.219  4.425 0.4000000060
11170  10.699  -70.653  -1.613 0.5000000000
128416  6.162  -59.440  -6.365 0.3000000119
3239  26.351  -83.120  -12.856 0.4000000060
8830  9.526  -73.800  -14.740 0.5000000000
296  20.618  -91.479  -1.968 0.4000000060
721  16.826  -88.429  -0.791 0.5000000000
319  21.738  -91.201  -5.192 0.5000000000
783  27.056  -88.516  -9.501 0.4000000060
116  20.885  -91.381  -1.079 0.4000000060
110717  23.001  -90.458  -4.672 0.4000000060
530  21.734  -90.431  -5.968 0.4000000060
1103  28.366  -87.633  -9.560 0.4000000060
778  26.566  -88.311  -8.530 0.4000000060
1097  25.758  -87.855  -8.777 0.4000000060
105  18.506  -91.950  0.770 0.3000000119
728  22.971  -88.521  -1.372 0.3000000119
521  25.344  -89.133  -3.215 0.3000000119
1053  23.203  -88.591  -3.935 0.4000000060
748  22.060  -89.648  -5.536 0.4000000060
1086  29.050  -87.490  -8.936 0.3000000119
111229  29.724  -86.569  -10.059 0.4000000060
1400  21.334  -86.875  -5.757 0.4000000060
2239  24.258  -84.397  -8.152 0.5000000000
1856  30.061  -85.472  -11.368 0.4000000060
109299  26.161  -88.139  -1.473 0.3000000119
1790  21.204  -85.098  -6.768 0.5000000000
2679  21.729  -83.554  -7.171 0.5000000000
3200  28.168  -83.108  -8.346 0.3000000119
2219  31.415  -85.339  -7.801 0.3000000119
1441  30.305  -86.439  -9.677 0.3000000119
1841  31.031  -85.851  -10.238 0.3000000119
2209  21.422  -85.084  -4.938 0.3000000119
3186  24.880  -82.794  -7.569 0.3000000119
5330  19.599  -78.921  -17.527 0.5000000000
2729  31.514  -83.897  -12.991 0.4000000060
3170  21.539  -82.783  -5.363 0.3000000119
3702  23.666  -81.524  -7.397 0.3000000119
3220  27.499  -82.378  -10.746 0.4000000060
2724  29.044  -82.994  -12.678 0.4000000060
3731  25.626  -81.782  -10.585 0.3000000119
112155  27.847  -81.252  -6.000 0.3000000119
7275  9.898  -75.463  -13.531 0.6000000238
3232  28.081  -82.832  -11.502 0.3000000119
121207  27.103  -80.813  -5.888 0.3000000119
4168  25.743  -80.254  -5.875 0.3000000119
3167  32.852  -82.645  -5.200 0.3000000119
10578  8.131  -70.790  -17.582 0.6000000238
13581  6.664  -67.863  -0.003 0.6999999881
13563  6.075  -66.988  0.601 0.6999999881
13562  7.042  -67.250  0.714 0.6999999881
16250  9.890  -65.051  -1.779 0.3000000119
128370  9.568  -64.305  -1.765 0.3000000119
5942  18.856  -77.137  -19.092 0.5000000000
121229  18.909  -77.704  -17.725 0.5000000000
5888  21.441  -77.033  -14.491 0.6000000238
9739  11.145  -72.564  -17.424 0.4000000060
9760  11.899  -72.245  -18.386 0.5000000000
12184  7.215  -70.049  -17.113 0.5000000000
12161  10.010  -69.919  -15.281 0.5000000000
12170  9.378  -69.610  -16.047 0.5000000000
12177  8.535  -69.359  -16.789 0.5000000000
12180  6.203  -69.932  -16.817 0.5000000000
12172  7.530  -69.479  -16.225 0.5000000000
11357  10.740  -70.310  -15.076 0.5000000000
11375  5.781  -70.136  -16.678 0.4000000060
12162  9.431  -69.620  -14.851 0.5000000000
12171  8.286  -69.250  -16.384 0.5000000000
12173  6.673  -69.772  -16.110 0.5000000000
11369  5.810  -70.107  -15.533 0.5000000000
12163  8.658  -69.325  -15.453 0.6000000238
12956  7.848  -69.380  -15.365 0.5000000000
126210  6.420  -69.731  -15.437 0.5000000000
9660  5.338  -73.000  -11.735 0.5000000000
12944  8.014  -69.262  -14.152 0.6000000238
10535  5.567  -71.925  -13.409 0.5000000000
110648  5.448  -72.343  -12.801 0.5000000000
12957  6.963  -69.611  -15.165 0.6000000238
11358  5.728  -70.204  -14.360 0.6000000238
121613  5.576  -70.731  -14.967 0.5000000000
108481  8.307  -68.552  -13.600 0.6000000238
12946  6.663  -69.336  -14.059 0.6000000238
12164  6.396  -69.600  -14.586 0.6000000238
10520  5.465  -71.444  -12.519 0.6000000238
12947  6.328  -69.121  -13.595 0.6000000238
10507  5.603  -71.602  -11.646 0.5000000000
9659  5.620  -72.444  -11.269 0.5000000000
126351  5.940  -69.103  -13.302 0.6000000238
11345  5.503  -70.823  -13.407 0.6000000238
13599  3.969  -67.780  -2.299 0.5000000000
13583  4.392  -67.264  -0.918 0.5000000000
13593  4.581  -67.829  -1.580 0.5000000000
10491  6.558  -71.681  -10.619 0.6000000238
12904  5.758  -69.033  -12.894 0.6000000238
11309  5.891  -70.980  -11.134 0.6000000238
11327  5.426  -70.439  -12.674 0.6000000238
11310  5.504  -70.693  -11.946 0.6000000238
12137  5.580  -69.702  -12.323 0.6000000238
18827  6.449  -62.214  -4.421 0.3000000119
126249  6.686  -56.029  1.107 0.3000000119
3758  22.971  -80.983  -13.888 0.4000000060
4762  22.360  -79.595  -14.468 0.5000000000
5349  24.294  -78.548  -20.266 0.5000000000
5965  22.970  -77.323  -20.520 0.5000000000
5292  21.965  -78.678  -14.240 0.4000000060
120611  22.493  -76.503  -20.686 0.4000000060
127533  21.403  -76.539  -14.003 0.4000000060
114593  19.535  -78.241  -18.560 0.4000000060
5957  19.504  -77.006  -20.040 0.4000000060
5941  19.578  -77.536  -19.564 0.4000000060
5956  20.477  -77.515  -20.220 0.4000000060
5967  21.200  -76.633  -20.530 0.4000000060
7982  21.851  -74.776  -14.335 0.4000000060
7285  21.194  -74.981  -14.564 0.4000000060
8002  20.475  -74.335  -15.702 0.4000000060
110383  19.281  -78.514  -16.852 0.4000000060
7272  21.669  -75.388  -13.807 0.4000000060
6576  20.731  -75.432  -14.721 0.4000000060
8028  20.419  -72.954  -16.392 0.4000000060
114604  20.058  -71.928  -16.340 0.5000000000
13766  6.257  -67.414  -12.873 0.5000000000
13749  6.479  -66.690  -12.761 0.5000000000
12881  6.113  -68.140  -11.890 0.5000000000
13734  6.235  -67.179  -12.486 0.5000000000
13733  6.635  -66.734  -11.745 0.5000000000
12114  5.936  -69.401  -11.563 0.5000000000
12862  6.803  -67.867  -11.058 0.5000000000
15316  4.848  -65.974  0.759 0.4000000060
15315  5.354  -65.587  1.402 0.4000000060
127694  6.418  -67.493  -11.795 0.5000000000
109948  6.057  -70.241  -11.038 0.5000000000
123186  21.319  -75.941  -13.713 0.4000000060
1020  17.567  -87.952  -1.109 0.4000000060
123010  16.728  -87.578  -2.619 0.4000000060
779  15.299  -88.805  -8.361 0.4000000060
1027  18.104  -87.670  -1.452 0.4000000060
1034  17.399  -86.931  -2.418 0.4000000060
774  15.497  -88.240  -7.633 0.4000000060
1035  16.912  -86.947  -2.713 0.4000000060
1437  15.874  -86.866  -8.375 0.4000000060
1083  15.700  -87.367  -7.694 0.4000000060
121506  15.746  -87.656  -6.979 0.4000000060
1033  18.214  -87.197  -2.180 0.5000000000
1045  18.649  -86.971  -3.130 0.4000000060
1369  17.829  -86.561  -2.906 0.4000000060
1078  16.099  -87.021  -6.438 0.4000000060
516  20.234  -89.982  -2.767 0.5000000000
740  19.989  -88.900  -4.053 0.5000000000
734  19.777  -88.780  -3.168 0.5000000000
115428  18.138  -86.480  -3.701 0.4000000060
1371  16.964  -86.632  -3.360 0.4000000060
1044  19.489  -87.792  -3.722 0.4000000060
115345  18.843  -86.963  -4.081 0.4000000060
1410  18.217  -86.351  -6.670 0.4000000060
1792  17.152  -85.642  -6.628 0.4000000060
1786  16.807  -85.848  -6.251 0.4000000060
1402  16.529  -86.306  -5.916 0.4000000060
110687  16.729  -86.342  -4.955 0.4000000060
1793  16.715  -85.906  -7.158 0.4000000060
1411  16.375  -86.365  -6.691 0.4000000060
1056  19.431  -87.806  -4.827 0.5000000000
1057  18.745  -87.073  -5.129 0.4000000060
125782  18.301  -86.468  -4.478 0.4000000060
1393  17.060  -86.298  -4.217 0.4000000060
1069  18.676  -87.309  -6.396 0.5000000000
1401  18.111  -86.169  -5.442 0.4000000060
125137  16.910  -85.816  -5.493 0.4000000060
1419  19.197  -87.511  -8.264 0.3000000119
118382  18.850  -86.344  -9.294 0.3000000119
1434  19.523  -86.927  -8.810 0.4000000060
1077  18.852  -87.603  -7.544 0.3000000119
772  20.184  -88.457  -7.962 0.4000000060
773  19.542  -88.380  -7.916 0.4000000060
1851  20.135  -85.857  -11.222 0.3000000119
1836  20.003  -85.771  -10.588 0.4000000060
1444  19.571  -86.114  -9.756 0.4000000060
1090  20.194  -87.615  -8.569 0.4000000060
1850  20.728  -85.599  -10.829 0.4000000060
1835  20.579  -86.038  -9.855 0.4000000060
1082  20.747  -87.664  -8.328 0.4000000060
114363  21.230  -87.244  -7.778 0.3000000119
114956  21.143  -88.855  -6.875 0.3000000119
766  20.287  -89.236  -7.243 0.4000000060
1861  21.072  -85.645  -11.218 0.4000000060
125086  20.985  -88.118  -7.763 0.3000000119
1824  21.105  -86.058  -9.527 0.4000000060
1432  21.300  -85.870  -8.703 0.4000000060
124603  21.107  -86.810  -8.348 0.4000000060
1076  19.265  -88.520  -7.244 0.4000000060
767  19.870  -89.070  -7.433 0.4000000060
114805  21.627  -85.891  -11.537 0.4000000060
1075  21.344  -87.774  -7.096 0.3000000119
1848  22.723  -85.309  -10.827 0.4000000060
118451  21.914  -85.419  -11.084 0.4000000060
2250  22.944  -84.749  -10.180 0.4000000060
2251  22.339  -84.583  -9.665 0.4000000060
1834  21.281  -85.592  -10.220 0.4000000060
532  19.597  -89.228  -5.802 0.4000000060
537  20.239  -90.043  -6.498 0.4000000060
758  21.394  -89.927  -6.536 0.3000000119
545  20.600  -90.295  -6.713 0.4000000060
121739  21.556  -89.002  -6.043 0.3000000119
1847  23.548  -85.413  -10.370 0.4000000060
110474  24.027  -86.293  -10.326 0.4000000060
1846  24.425  -86.009  -9.491 0.4000000060
121408  23.065  -84.362  -9.322 0.4000000060
1823  21.528  -85.293  -9.399 0.4000000060
107121  20.756  -91.053  -4.768 0.4000000060
544  21.030  -90.437  -6.490 0.3000000119
314  20.956  -91.504  -4.128 0.4000000060
749  19.724  -88.695  -4.666 0.4000000060
320  21.134  -91.180  -5.100 0.4000000060
531  20.245  -89.978  -5.229 0.4000000060
324  20.813  -90.677  -6.067 0.4000000060
9735  19.342  -71.838  -15.958 0.4000000060
2263  22.207  -85.027  -10.441 0.4000000060
103  20.658  -91.379  0.472 0.3000000119
104  19.860  -91.721  0.475 0.3000000119
123  22.101  -91.710  -4.050 0.5000000000
282  19.168  -91.659  0.243 0.4000000060
291  19.732  -91.232  -0.469 0.3000000119
295  21.258  -91.428  -1.653 0.4000000060
302  24.235  -90.038  -3.060 0.4000000060
304  21.182  -91.743  -2.706 0.4000000060
312  23.252  -90.775  -4.216 0.4000000060
313  22.720  -91.452  -4.009 0.4000000060
323  21.395  -90.830  -5.780 0.5000000000
497  18.251  -89.116  -0.421 0.5000000000
503  25.055  -89.332  -2.236 0.3000000119
522  24.548  -89.591  -3.498 0.3000000119
523  20.403  -89.915  -3.882 0.5000000000
527  24.703  -89.178  -3.717 0.3000000119
528  23.933  -89.928  -4.166 0.4000000060
529  22.370  -90.377  -5.335 0.4000000060
546  20.304  -89.715  -6.931 0.4000000060
717  25.701  -88.181  -1.081 0.3000000119
720  17.510  -88.602  -0.532 0.5000000000
725  25.683  -88.679  -2.067 0.3000000119
733  25.777  -88.610  -2.726 0.3000000119
735  16.609  -88.290  -2.242 0.5000000000
759  19.706  -89.299  -6.795 0.4000000060
771  20.684  -88.763  -7.327 0.3000000119
777  27.135  -88.395  -8.542 0.4000000060
784  26.385  -88.563  -9.254 0.3000000119
1021  17.140  -87.858  -1.382 0.4000000060
1025  23.245  -87.861  -1.402 0.3000000119
1026  18.750  -87.984  -1.590 0.5000000000
1028  17.560  -87.448  -1.738 0.4000000060
1029  16.954  -87.467  -1.999 0.4000000060
1032  19.139  -87.745  -2.561 0.4000000060
1041  24.876  -88.530  -3.541 0.3000000119
1042  24.117  -87.891  -3.638 0.3000000119
1046  16.722  -87.270  -3.210 0.4000000060
1067  21.432  -88.023  -5.887 0.4000000060
1068  19.243  -88.179  -6.026 0.4000000060
1079  15.949  -86.935  -7.096 0.4000000060
1091  19.728  -87.957  -8.328 0.4000000060
1096  27.740  -88.246  -8.955 0.4000000060
1361  22.764  -87.282  -1.022 0.3000000119
1370  17.232  -86.601  -2.946 0.4000000060
1379  17.462  -86.393  -3.560 0.4000000060
1392  17.596  -86.130  -4.487 0.4000000060
1412  16.263  -86.457  -7.266 0.4000000060
1421  16.378  -86.317  -7.836 0.4000000060
1422  15.990  -86.790  -7.629 0.4000000060
1426  29.477  -87.174  -8.325 0.3000000119
1428  27.464  -87.907  -7.788 0.4000000060
1429  26.705  -87.646  -7.962 0.4000000060
1433  20.676  -86.767  -8.896 0.4000000060
1442  29.678  -86.961  -9.272 0.3000000119
1465  20.705  -86.071  -11.631 0.4000000060
1781  21.539  -86.134  -4.901 0.4000000060
1782  17.291  -85.763  -5.345 0.4000000060
1783  16.996  -85.865  -4.865 0.4000000060
1791  17.588  -85.783  -6.128 0.4000000060
1807  17.753  -85.846  -7.085 0.4000000060
1833  23.746  -84.906  -9.562 0.4000000060
1845  26.824  -85.657  -11.281 0.3000000119
1849  21.539  -85.393  -10.724 0.4000000060
1860  22.435  -85.708  -11.277 0.4000000060
2234  31.980  -85.202  -8.296 0.3000000119
2242  21.794  -84.275  -8.385 0.5000000000
2654  21.402  -83.600  -5.102 0.3000000119
2675  25.470  -83.477  -7.476 0.3000000119
2691  28.617  -83.717  -8.242 0.3000000119
2695  21.967  -83.833  -7.906 0.5000000000
2722  31.871  -83.848  -12.168 0.4000000060
2739  29.987  -83.820  -14.323 0.5000000000
2740  28.347  -83.715  -13.993 0.5000000000
2755  29.056  -84.163  -16.574 0.3000000119
3188  22.014  -82.978  -6.818 0.5000000000
3222  25.807  -82.396  -11.184 0.3000000119
3229  31.423  -83.144  -12.348 0.4000000060
3251  23.950  -82.184  -13.325 0.5000000000
3701  24.329  -81.374  -7.522 0.3000000119
3732  24.745  -81.536  -10.594 0.3000000119
3749  23.109  -81.517  -12.260 0.4000000060
3750  22.668  -81.033  -12.372 0.4000000060
4177  26.406  -80.650  -6.294 0.3000000119
4191  26.174  -81.013  -7.078 0.3000000119
4193  24.701  -80.865  -7.399 0.3000000119
4264  19.164  -80.221  -14.302 0.6999999881
4295  28.847  -80.066  -18.565 0.4000000060
4724  18.437  -78.828  -10.963 0.8000000119
4733  17.968  -79.042  -11.228 0.6999999881
4740  19.157  -79.274  -12.503 0.8000000119
4742  18.106  -79.594  -12.556 0.6999999881
4754  19.253  -79.424  -13.251 0.6999999881
4782  26.186  -79.461  -17.456 0.5000000000
4792  28.276  -79.920  -18.577 0.4000000060
4795  24.409  -78.676  -17.565 0.6999999881
4815  23.383  -78.987  -20.480 0.6000000238
5253  17.443  -78.072  -9.808 0.8000000119
5261  19.114  -78.238  -10.682 0.6999999881
5262  18.615  -78.450  -10.476 0.8999999762
5269  19.238  -78.594  -11.401 0.8000000119
5285  19.409  -78.717  -13.508 0.6999999881
5341  24.080  -78.053  -19.295 0.6999999881
5355  23.693  -78.018  -20.383 0.5000000000
5356  23.132  -77.881  -20.573 0.6000000238
5816  18.383  -77.075  -8.807 0.6999999881
5827  19.162  -77.225  -9.439 0.6999999881
5829  17.877  -77.660  -9.244 0.8999999762
5843  14.612  -76.839  -10.242 0.6999999881
5887  21.800  -77.771  -14.426 0.6999999881
5953  23.489  -77.708  -20.259 0.6000000238
5958  18.894  -76.572  -20.089 0.6000000238
5966  22.095  -76.733  -20.797 0.4000000060
6459  18.847  -76.338  -8.686 0.6999999881
6474  14.965  -76.079  -9.768 0.6999999881
6488  15.021  -76.663  -9.833 0.6999999881
6509  13.399  -76.309  -11.036 0.6000000238
6510  12.666  -76.146  -11.463 0.6000000238
6552  21.240  -75.503  -14.128 0.4000000060
6553  18.519  -76.043  -13.946 0.6000000238
6557  11.102  -76.366  -13.411 0.6000000238
6558  10.436  -75.999  -13.373 0.6000000238
6577  18.638  -76.744  -14.271 0.6999999881
6583  10.747  -76.464  -14.036 0.6000000238
6596  10.107  -76.099  -15.572 0.6000000238
6626  21.739  -75.638  -20.336 0.6000000238
6629  18.560  -75.772  -19.962 0.6000000238
6638  20.946  -75.732  -20.322 0.6000000238
6639  19.950  -75.839  -20.095 0.6000000238
7197  18.357  -75.210  -8.361 0.6999999881
7214  15.861  -75.714  -9.514 0.6999999881
7262  11.147  -75.470  -12.439 0.5000000000
7274  18.525  -75.261  -13.734 0.6000000238
7305  8.870  -75.504  -15.877 0.5000000000
7321  18.760  -73.597  -19.006 0.6999999881
7329  18.712  -74.471  -19.476 0.6999999881
7912  17.975  -74.693  -8.355 0.6000000238
7937  15.674  -74.695  -10.514 0.8000000119
7952  12.069  -75.031  -11.721 0.6000000238
7969  11.378  -74.942  -12.293 0.6000000238
7970  10.713  -74.991  -12.711 0.5000000000
8006  9.316  -74.588  -14.385 0.6000000238
8741  20.105  -73.855  -8.512 0.6000000238
8744  16.853  -74.141  -9.112 0.6000000238
8745  6.869  -73.075  -9.145 0.6999999881
8761  4.644  -73.119  -9.924 0.5000000000
8773  16.446  -73.375  -10.376 0.6999999881
8776  5.166  -73.195  -10.503 0.6000000238
8789  5.022  -73.331  -11.334 0.5000000000
8811  14.586  -73.467  -14.354 0.6999999881
8813  11.331  -73.889  -13.680 0.6000000238
8822  18.991  -72.199  -15.549 0.6000000238
8824  15.169  -73.286  -15.852 0.5000000000
8864  18.504  -73.111  -18.187 0.6999999881
8876  18.302  -73.216  -18.413 0.8000000119
8877  8.041  -73.323  -17.206 0.6000000238
9581  12.157  -71.726  -6.543 0.5000000000
9583  10.210  -72.272  -7.453 0.6999999881
9591  11.549  -71.913  -7.140 0.6000000238
9592  10.967  -72.036  -7.740 0.6000000238
9594  8.846  -72.466  -7.592 0.6999999881
9596  6.381  -72.263  -7.825 0.6000000238
9605  18.888  -73.173  -8.389 0.5000000000
9607  10.276  -72.293  -8.357 0.8000000119
9610  6.208  -72.817  -8.534 0.6000000238
9623  17.637  -72.740  -9.366 0.6000000238
9626  9.088  -72.552  -9.298 0.6999999881
9627  8.271  -72.695  -9.415 0.6999999881
9629  6.535  -72.991  -9.780 0.6000000238
9630  4.941  -72.902  -9.235 0.5000000000
9645  6.159  -72.527  -10.500 0.6000000238
9677  5.294  -72.990  -12.600 0.5000000000
9734  19.838  -71.541  -16.123 0.4000000060
9771  12.152  -72.029  -18.414 0.6999999881
10395  12.053  -71.428  -2.797 0.4000000060
10407  12.692  -71.671  -3.440 0.4000000060
10420  12.425  -71.827  -4.301 0.4000000060
10422  10.736  -71.621  -4.637 0.6999999881
10433  10.539  -71.832  -5.488 0.6999999881
10434  9.663  -71.643  -5.846 0.6999999881
10435  8.806  -71.166  -5.858 0.8000000119
10444  12.030  -71.125  -7.811 0.5000000000
10445  11.594  -71.583  -7.872 0.6000000238
10447  8.755  -71.390  -7.014 0.8000000119
10451  4.795  -71.748  -8.005 0.5000000000
10456  20.303  -71.946  -8.422 0.6000000238
10460  3.991  -71.791  -8.381 0.5000000000
10469  19.664  -71.637  -8.719 0.5000000000
10487  9.744  -71.245  -10.290 0.6000000238
10548  13.578  -71.610  -15.077 0.6000000238
10551  5.570  -71.317  -14.189 0.5000000000
10561  15.284  -71.994  -16.398 0.5000000000
10562  15.135  -72.373  -16.554 0.6000000238
10565  5.467  -70.796  -15.816 0.5000000000
11158  11.126  -70.287  -0.873 0.4000000060
11159  10.285  -70.210  -0.889 0.6999999881
11172  9.226  -70.389  -1.847 0.6999999881
11184  11.413  -70.990  -2.205 0.5000000000
11186  9.944  -70.699  -2.342 0.6000000238
11188  7.906  -70.020  -3.132 0.6999999881
11202  9.575  -70.705  -3.297 0.6999999881
11229  7.557  -70.442  -6.606 0.5000000000
11234  8.103  -70.768  -6.972 0.6999999881
11235  7.465  -70.620  -7.222 0.6999999881
11237  5.210  -70.683  -8.041 0.5000000000
11243  11.787  -70.838  -8.421 0.6000000238
11262  11.452  -70.786  -9.067 0.5000000000
11263  10.872  -70.792  -9.655 0.5000000000
11286  10.185  -70.725  -10.141 0.6000000238
11339  16.390  -70.359  -13.387 0.5000000000
11340  14.121  -70.472  -14.651 0.6000000238
11342  12.593  -70.672  -13.615 0.6000000238
11344  10.982  -70.287  -14.045 0.5000000000
11354  15.577  -70.409  -16.022 0.6000000238
11364  15.166  -70.294  -16.466 0.6000000238
11367  10.247  -70.286  -16.083 0.6000000238
11379  10.320  -71.174  -17.285 0.6999999881
11388  5.915  -70.647  -18.710 0.6000000238
12012  5.770  -69.267  -3.637 0.6000000238
12025  6.928  -70.115  -6.157 0.6000000238
12034  6.539  -69.584  -6.723 0.6000000238
12035  5.978  -69.217  -6.392 0.6000000238
12089  9.915  -69.875  -10.166 0.5000000000
12091  8.525  -69.816  -10.577 0.6999999881
12115  5.760  -70.182  -11.580 0.5000000000
12132  13.167  -69.423  -12.736 0.6999999881
12136  5.826  -68.649  -12.437 0.5000000000
12149  13.566  -69.956  -13.457 0.6000000238
12152  9.699  -69.482  -13.781 0.6000000238
12153  5.582  -69.732  -13.304 0.6000000238
12160  14.038  -69.463  -14.603 0.5000000000
12165  6.057  -69.546  -14.039 0.6000000238
12174  6.149  -69.816  -16.017 0.4000000060
12178  7.953  -69.350  -16.866 0.5000000000
12179  7.002  -69.947  -16.697 0.5000000000
12185  6.253  -70.087  -17.312 0.5000000000
12186  5.959  -70.028  -17.403 0.5000000000
12734  10.117  -68.301  0.173 0.6000000238
12761  7.023  -69.264  -0.990 0.6000000238
12763  5.394  -68.382  -1.599 0.6000000238
12764  4.736  -68.245  -2.146 0.6000000238
12776  5.936  -68.998  -2.190 0.6999999881
12779  3.819  -67.959  -3.090 0.5000000000
12792  5.099  -69.001  -4.237 0.5000000000
12861  8.084  -68.042  -10.388 0.6000000238
12900  11.624  -68.450  -11.872 0.6999999881
12901  10.752  -68.522  -12.239 0.6000000238
12903  6.079  -67.664  -12.713 0.5000000000
12927  6.648  -68.473  -13.306 0.6000000238
12928  6.046  -68.369  -12.994 0.6000000238
12941  14.466  -68.635  -15.996 0.6000000238
12945  7.243  -69.259  -14.103 0.6000000238
13578  10.463  -67.843  -0.304 0.6000000238
13579  10.088  -67.371  -0.581 0.5000000000
13582  5.400  -67.288  -0.305 0.6999999881
13594  3.860  -67.365  -1.611 0.5000000000
13746  12.770  -67.655  -11.909 0.5000000000
13750  6.277  -66.996  -12.782 0.5000000000
13764  7.735  -67.560  -13.267 0.6000000238
13777  16.632  -67.314  -14.361 0.5000000000
14390  7.369  -65.862  1.472 0.8000000119
14399  8.596  -66.408  0.905 0.6999999881
14400  7.776  -66.443  1.202 0.6000000238
14422  9.915  -66.608  -2.083 0.3000000119
14567  6.943  -65.664  -11.163 0.5000000000
14592  6.769  -65.767  -12.131 0.5000000000
14614  14.460  -66.365  -14.190 0.5000000000
15308  5.700  -65.035  1.875 0.4000000060
15314  8.016  -65.467  0.591 0.6999999881
15328  8.452  -66.209  -1.384 0.6999999881
15529  13.554  -65.394  -13.051 0.5000000000
16216  6.519  -64.011  1.807 0.5000000000
16221  7.021  -64.710  1.412 0.6000000238
16228  7.016  -64.171  0.166 0.6000000238
16252  8.437  -65.558  -2.809 0.3000000119
16277  6.583  -64.531  -3.290 0.6000000238
17142  10.984  -63.641  -0.778 0.3000000119
17144  5.855  -63.440  -1.042 0.6000000238
17153  9.634  -63.322  -1.425 0.3000000119
17154  8.897  -64.112  -2.227 0.3000000119
17185  6.131  -64.072  -3.884 0.5000000000
17186  5.639  -63.953  -3.857 0.5000000000
17187  4.977  -63.548  -3.615 0.5000000000
17981  4.722  -62.411  -1.174 0.5000000000
18002  3.816  -62.290  -3.646 0.6000000238
18017  4.456  -62.641  -4.300 0.6000000238
18033  5.648  -62.552  -4.783 0.4000000060
18056  4.535  -61.792  -5.537 0.6000000238
18854  5.239  -60.822  -5.768 0.4000000060
18855  4.319  -61.177  -5.944 0.4000000060
18856  4.042  -61.344  -5.799 0.5000000000
19671  2.780  -59.982  -2.316 0.6000000238
19695  3.837  -60.781  -4.334 0.6000000238
19706  3.908  -61.061  -5.490 0.6000000238
19718  5.983  -59.400  -6.253 0.3000000119
19719  5.761  -59.629  -6.406 0.3000000119
20586  6.399  -59.073  -1.770 0.4000000060
20587  5.590  -59.120  -2.332 0.5000000000
20597  7.265  -59.236  -1.958 0.4000000060
20614  3.352  -60.492  -3.286 0.6999999881
20622  5.183  -59.560  -5.543 0.5000000000
20636  4.755  -60.611  -5.786 0.5000000000
21532  9.572  -58.106  1.375 0.4000000060
21540  9.494  -58.367  0.527 0.3000000119
21541  8.703  -58.590  0.300 0.3000000119
21553  8.316  -58.895  -0.463 0.5000000000
21554  7.569  -58.771  -0.605 0.5000000000
21555  6.717  -58.324  -0.993 0.5000000000
21579  8.816  -58.471  -1.918 0.3000000119
21604  6.270  -58.886  -5.158 0.5000000000
21623  8.774  -58.377  -6.038 0.3000000119
22427  8.349  -57.237  4.261 0.4000000060
22514  8.391  -57.961  -2.737 0.3000000119
22543  7.768  -57.482  -4.865 0.3000000119
22544  7.162  -58.271  -4.914 0.4000000060
23381  11.379  -56.686  3.224 0.3000000119
23397  7.269  -56.631  1.549 0.3000000119
23407  7.057  -56.453  0.848 0.5000000000
23434  4.125  -56.120  -1.432 0.5000000000
23446  8.711  -56.710  -3.024 0.3000000119
24320  9.425  -55.628  4.516 0.3000000119
107549  18.053  -79.370  -11.933 0.6999999881
107592  12.268  -71.955  -17.866 0.6999999881
107732  12.785  -71.294  -6.288 0.5000000000
107796  27.796  -88.059  -7.969 0.4000000060
108439  9.172  -71.301  -10.482 0.6000000238
108451  24.068  -83.042  -7.603 0.4000000060
109282  7.787  -58.853  -5.541 0.3000000119
109454  16.631  -77.048  -9.173 0.8999999762
110073  7.626  -72.855  -8.678 0.6999999881
110168  7.663  -68.950  -10.593 0.6000000238
110385  25.832  -81.493  -7.507 0.3000000119
111338  5.432  -72.326  -12.079 0.5000000000
111387  21.920  -82.414  -6.346 0.3000000119
111637  15.154  -67.319  -15.333 0.6000000238
112007  11.078  -57.783  2.265 0.3000000119
112483  31.368  -85.821  -8.458 0.3000000119
112568  5.542  -71.730  -14.965 0.5000000000
113112  26.792  -83.157  -12.218 0.4000000060
113225  12.424  -71.178  -7.025 0.5000000000
113301  24.218  -82.135  -7.581 0.3000000119
113418  5.518  -68.995  -6.175 0.6000000238
113683  9.987  -71.780  -17.584 0.6000000238
113797  10.904  -68.393  -0.387 0.5000000000
114659  25.974  -82.793  -12.019 0.4000000060
115766  7.069  -69.566  -2.552 0.6000000238
116326  6.139  -69.788  -15.041 0.5000000000
116455  28.960  -84.023  -15.463 0.3000000119
116649  6.315  -62.058  0.440 0.5000000000
117178  12.715  -72.710  -16.066 0.6000000238
117609  24.489  -89.736  -2.464 0.3000000119
117727  14.150  -73.067  -15.561 0.6999999881
117728  4.390  -63.010  -3.363 0.6000000238
117866  11.029  -69.138  -0.384 0.5000000000
118090  27.125  -85.255  -12.009 0.3000000119
118600  31.766  -83.530  -5.743 0.3000000119
118689  6.993  -65.296  1.538 0.6000000238
118758  21.823  -84.986  -9.958 0.4000000060
118784  5.564  -59.362  -6.284 0.4000000060
119102  21.380  -91.000  0.230 0.3000000119
119495  12.647  -75.118  -11.330 0.6000000238
119530  10.346  -67.723  -12.045 0.5000000000
120016  19.325  -77.952  -13.686 0.6999999881
120285  31.909  -83.547  -4.506 0.3000000119
120297  12.802  -71.672  -5.021 0.4000000060
120369  7.292  -65.792  -2.643 0.6000000238
120922  28.625  -81.741  -5.758 0.3000000119
121540  20.736  -89.790  -6.901 0.3000000119
122399  27.174  -84.678  -7.803 0.4000000060
122679  6.082  -70.729  -19.555 0.5000000000
122989  17.089  -85.641  -5.921 0.4000000060
123269  20.482  -73.306  -8.526 0.6000000238
123274  8.749  -69.334  -16.431 0.5000000000
123740  12.108  -71.907  -18.373 0.6999999881
123952  6.668  -65.172  -2.142 0.6999999881
124808  4.807  -62.334  -4.920 0.6000000238
125084  32.050  -84.329  -11.604 0.4000000060
125263  6.745  -63.352  0.681 0.5000000000
125302  22.648  -77.060  -20.673 0.6000000238
125678  15.213  -67.948  -15.945 0.6000000238
125831  2.882  -59.909  -2.606 0.6000000238
126017  15.014  -89.234  -9.088 0.4000000060
126417  19.445  -78.324  -12.423 0.6999999881
126432  20.157  -86.729  -9.054 0.4000000060
126888  16.397  -65.802  -14.208 0.5000000000
127183  5.905  -71.830  -10.985 0.6000000238
127222  16.062  -72.737  -11.715 0.6000000238
127479  8.952  -69.508  -16.695 0.5000000000
127670  6.682  -63.507  0.062 0.6000000238
127809  9.263  -71.330  -5.359 0.6999999881
127935  21.103  -88.329  -7.344 0.3000000119
128100  4.668  -66.799  -0.299 0.4000000060
128900  7.040  -70.169  -7.221 0.6000000238
129211  8.131  -65.642  -0.442 0.6999999881
129333  11.232  -57.692  1.087 0.3000000119
129633  29.740  -86.787  -8.188 0.3000000119
129744  22.427  -90.223  -0.244 0.3000000119
129802  23.350  -87.669  -3.907 0.4000000060
