#!ascii label  , from subject freesurfer vox2ras=TkReg
220
108310  31.563  -8.319  -13.302 0.0000000000
59592  29.636  -16.835  -8.387 0.0000000000
109998  30.816  -2.676  -11.702 0.0000000000
81284  29.674  8.310  -10.625 0.0000000000
58632  27.813  -18.518  -9.008 0.0000000000
75005  31.386  -0.283  -15.508 0.0000000000
117979  31.487  2.172  -12.739 0.0000000000
64971  30.178  -10.172  -11.853 0.0000000000
62373  30.909  -13.873  -11.980 0.0000000000
64022  32.806  -11.730  -12.242 0.0000000000
69629  33.208  -5.961  -11.945 0.0000000000
66824  34.741  -8.746  -11.061 0.0000000000
123133  31.113  -5.226  -13.209 0.0000000000
113970  31.993  -3.299  -14.191 0.0000000000
106806  29.643  5.487  -10.393 0.0000000000
78269  31.838  4.665  -11.960 0.0000000000
61509  31.412  -15.164  -9.216 0.0000000000
74988  30.936  0.724  -11.773 0.0000000000
76632  31.496  2.823  -11.732 0.0000000000
66841  31.393  -9.189  -12.967 0.0000000000
65925  31.425  -10.199  -12.697 0.0000000000
65924  32.043  -9.954  -12.730 0.0000000000
58642  28.994  -17.667  -8.952 0.0000000000
115450  31.015  -4.036  -12.210 0.0000000000
71544  31.958  -4.114  -14.010 0.0000000000
72481  31.600  -2.893  -13.545 0.0000000000
75857  31.221  0.857  -16.883 0.0000000000
74201  31.884  -0.572  -15.504 0.0000000000
81286  28.003  7.773  -10.737 0.0000000000
121892  28.190  5.316  -10.664 0.0000000000
106612  29.431  6.556  -10.491 0.0000000000
117314  32.471  9.256  -13.125 0.0000000000
120717  32.984  7.448  -13.086 0.0000000000
79795  31.975  6.249  -11.678 0.0000000000
79794  32.328  6.117  -12.388 0.0000000000
78268  32.149  4.934  -12.819 0.0000000000
62366  32.733  -13.892  -11.638 0.0000000000
61530  31.318  -14.525  -11.298 0.0000000000
117897  27.508  -19.287  -7.764 0.0000000000
112680  31.618  -1.557  -13.508 0.0000000000
126957  31.202  -0.247  -12.445 0.0000000000
75847  31.048  0.666  -15.355 0.0000000000
76661  31.344  2.478  -15.668 0.0000000000
63175  29.781  -12.972  -10.769 0.0000000000
64024  30.771  -11.793  -11.708 0.0000000000
63185  31.894  -12.936  -12.257 0.0000000000
63173  33.160  -13.229  -11.825 0.0000000000
107151  32.131  -7.051  -13.070 0.0000000000
66839  32.605  -8.627  -12.276 0.0000000000
107584  34.372  -6.947  -11.021 0.0000000000
67767  30.686  -7.597  -13.102 0.0000000000
112625  30.573  -6.599  -12.258 0.0000000000
107204  31.472  -6.892  -13.643 0.0000000000
69644  31.949  -5.631  -14.040 0.0000000000
70596  33.081  -4.143  -12.448 0.0000000000
71542  33.603  -3.112  -12.566 0.0000000000
72486  32.026  -2.130  -14.376 0.0000000000
129294  32.611  -2.186  -14.045 0.0000000000
106977  29.555  3.891  -9.916 0.0000000000
81292  30.951  7.647  -11.182 0.0000000000
127145  30.793  6.437  -11.075 0.0000000000
121944  30.373  4.963  -10.364 0.0000000000
77453  31.102  3.577  -10.708 0.0000000000
77452  31.747  3.779  -12.172 0.0000000000
77471  31.916  4.022  -14.935 0.0000000000
59614  29.201  -16.700  -10.951 0.0000000000
62369  30.231  -14.131  -11.218 0.0000000000
65901  33.668  -10.138  -11.542 0.0000000000
64009  33.911  -11.835  -11.361 0.0000000000
75833  30.884  1.814  -11.504 0.0000000000
76633  30.881  2.886  -10.931 0.0000000000
66840  32.015  -8.997  -12.994 0.0000000000
56026  26.811  -20.054  -6.742 0.0000000000
56864  27.222  -19.687  -7.269 0.0000000000
115487  31.255  -3.389  -12.375 0.0000000000
71545  31.722  -3.934  -13.559 0.0000000000
75856  32.188  1.406  -16.067 0.0000000000
119031  31.824  0.491  -16.315 0.0000000000
81285  28.921  8.063  -10.608 0.0000000000
106772  28.179  6.786  -10.619 0.0000000000
106900  29.644  7.499  -10.526 0.0000000000
118048  32.635  6.714  -12.643 0.0000000000
79807  32.501  5.721  -13.701 0.0000000000
124332  32.978  -13.830  -10.727 0.0000000000
61520  32.217  -14.291  -10.800 0.0000000000
59603  28.419  -17.724  -10.182 0.0000000000
74192  31.030  -1.069  -12.131 0.0000000000
75006  30.478  -0.039  -11.325 0.0000000000
75832  31.520  1.234  -13.014 0.0000000000
112254  31.491  1.847  -14.302 0.0000000000
120631  30.823  1.391  -16.206 0.0000000000
119321  28.884  8.914  -10.855 0.0000000000
64011  29.924  -11.479  -11.250 0.0000000000
64010  30.471  -10.919  -11.760 0.0000000000
64969  32.088  -10.926  -12.473 0.0000000000
64023  32.085  -11.912  -12.293 0.0000000000
63184  32.719  -12.718  -12.204 0.0000000000
63183  33.366  -12.344  -11.881 0.0000000000
57744  28.106  -18.791  -7.888 0.0000000000
114538  32.505  -6.341  -12.633 0.0000000000
68691  33.211  -7.023  -11.730 0.0000000000
68690  33.944  -6.315  -11.380 0.0000000000
108717  30.206  -8.145  -12.015 0.0000000000
69632  31.240  -5.986  -13.665 0.0000000000
68693  31.186  -6.898  -13.606 0.0000000000
68692  31.870  -6.205  -13.853 0.0000000000
69645  31.699  -5.789  -14.089 0.0000000000
109952  32.069  -4.212  -13.898 0.0000000000
71543  32.522  -3.486  -13.334 0.0000000000
73369  31.781  -2.173  -14.047 0.0000000000
73378  31.942  -1.287  -14.482 0.0000000000
73377  32.069  -1.370  -14.500 0.0000000000
109627  33.759  -1.849  -12.798 0.0000000000
106592  29.066  5.163  -10.364 0.0000000000
106588  28.803  4.590  -10.318 0.0000000000
121874  29.707  4.646  -10.110 0.0000000000
81296  32.638  8.441  -12.538 0.0000000000
82039  32.252  9.301  -12.097 0.0000000000
107276  31.388  6.826  -11.325 0.0000000000
79042  32.025  5.484  -11.941 0.0000000000
121945  31.259  6.015  -11.271 0.0000000000
106805  31.131  5.257  -11.179 0.0000000000
78270  31.122  4.441  -11.025 0.0000000000
78286  32.456  4.686  -14.167 0.0000000000
78287  32.050  4.348  -13.289 0.0000000000
125998  32.344  4.220  -14.985 0.0000000000
77483  31.983  3.809  -15.457 0.0000000000
60552  29.151  -16.416  -11.283 0.0000000000
62374  30.480  -13.274  -11.413 0.0000000000
61521  31.442  -14.772  -10.246 0.0000000000
126144  30.765  -14.816  -10.857 0.0000000000
61510  30.608  -15.131  -10.048 0.0000000000
60550  29.748  -15.763  -10.267 0.0000000000
65922  33.655  -8.961  -11.530 0.0000000000
121093  29.981  1.287  -10.975 0.0000000000
65926  30.749  -9.762  -12.573 0.0000000000
113624  30.865  -10.416  -12.423 0.0000000000
64968  32.895  -10.754  -12.136 0.0000000000
58631  28.593  -18.137  -8.431 0.0000000000
58617  28.931  -18.209  -7.367 0.0000000000
58616  29.688  -17.801  -6.862 0.0000000000
70586  33.185  -5.138  -12.231 0.0000000000
69628  34.331  -5.587  -11.607 0.0000000000
70600  30.803  -4.692  -11.979 0.0000000000
70599  31.333  -4.668  -13.382 0.0000000000
69646  31.495  -5.261  -13.973 0.0000000000
70598  31.716  -4.668  -13.992 0.0000000000
110495  31.941  -3.403  -14.142 0.0000000000
74202  31.761  -0.581  -15.477 0.0000000000
75020  31.520  0.063  -16.294 0.0000000000
75019  32.202  -0.151  -15.538 0.0000000000
106750  28.763  5.889  -10.499 0.0000000000
118276  32.623  7.582  -12.242 0.0000000000
80527  32.313  6.879  -11.844 0.0000000000
79058  32.334  5.366  -13.215 0.0000000000
79073  32.658  5.210  -14.473 0.0000000000
62372  31.505  -13.864  -12.217 0.0000000000
62368  31.059  -14.279  -11.926 0.0000000000
62367  31.895  -14.235  -11.977 0.0000000000
56873  26.835  -19.401  -8.005 0.0000000000
57745  27.215  -19.069  -8.505 0.0000000000
58643  28.484  -18.029  -9.619 0.0000000000
59602  28.959  -17.479  -10.166 0.0000000000
73371  30.308  -1.575  -10.724 0.0000000000
73370  31.253  -2.035  -12.638 0.0000000000
74173  31.665  -0.816  -13.684 0.0000000000
74987  31.597  0.205  -13.511 0.0000000000
125418  30.970  0.738  -16.623 0.0000000000
75864  30.944  1.496  -16.573 0.0000000000
75863  31.457  2.014  -16.094 0.0000000000
117542  28.009  8.585  -10.977 0.0000000000
120706  29.697  9.121  -10.916 0.0000000000
63187  30.247  -12.382  -11.240 0.0000000000
63186  31.041  -12.987  -11.973 0.0000000000
64970  31.347  -11.138  -12.306 0.0000000000
111893  31.442  -12.112  -12.082 0.0000000000
63174  32.383  -13.663  -12.158 0.0000000000
62365  33.388  -13.352  -11.029 0.0000000000
67765  31.756  -7.756  -13.401 0.0000000000
110161  32.033  -8.353  -13.127 0.0000000000
67764  32.451  -7.822  -12.533 0.0000000000
122445  33.199  -8.051  -11.742 0.0000000000
67763  33.993  -7.867  -11.017 0.0000000000
122765  34.755  -6.246  -11.350 0.0000000000
67762  35.185  -7.725  -11.078 0.0000000000
66842  30.535  -8.986  -12.504 0.0000000000
108718  30.906  -8.328  -13.194 0.0000000000
67766  31.221  -7.666  -13.555 0.0000000000
69630  32.427  -5.673  -13.016 0.0000000000
117701  31.799  -5.044  -14.062 0.0000000000
70597  32.286  -5.022  -13.568 0.0000000000
70595  34.656  -3.781  -11.884 0.0000000000
72480  31.990  -2.740  -14.280 0.0000000000
72479  32.132  -2.570  -14.303 0.0000000000
129045  32.114  -2.164  -14.386 0.0000000000
116028  32.578  -2.841  -13.875 0.0000000000
72478  33.270  -2.486  -13.109 0.0000000000
76634  30.125  3.341  -10.081 0.0000000000
122745  30.438  8.403  -11.065 0.0000000000
127299  30.248  7.765  -10.728 0.0000000000
106609  30.398  6.956  -10.808 0.0000000000
121908  30.374  5.974  -10.721 0.0000000000
122031  30.365  4.076  -10.023 0.0000000000
76650  31.556  3.009  -13.681 0.0000000000
77472  31.863  3.752  -13.867 0.0000000000
76649  31.556  3.412  -15.014 0.0000000000
76659  31.736  3.146  -15.784 0.0000000000
59601  29.655  -16.335  -9.451 0.0000000000
61532  29.759  -14.945  -11.004 0.0000000000
61531  30.513  -14.649  -11.261 0.0000000000
61523  29.282  -15.771  -11.273 0.0000000000
60551  29.255  -16.089  -11.287 0.0000000000
65923  32.740  -9.588  -12.168 0.0000000000
108761  34.510  -10.794  -11.330 0.0000000000
64954  33.856  -11.100  -11.522 0.0000000000
64021  33.387  -11.608  -11.868 0.0000000000
69631  31.507  -6.296  -13.998 0.0000000000
76660  31.672  3.275  -15.656 0.0000000000
125585  31.441  2.393  -15.885 0.0000000000
128772  32.897  7.144  -12.815 0.0000000000
