#!ascii label  , from subject freesurfer vox2ras=TkReg
1133
87281  -53.379  20.362  36.420 0.0000000000
94707  -45.847  34.471  19.792 0.0000000000
91121  -43.979  27.875  26.449 0.0000000000
89489  -54.746  24.000  21.857 0.0000000000
92220  -49.548  30.305  15.035 0.0000000000
91184  -50.679  27.631  19.282 0.0000000000
90142  -51.044  24.083  14.008 0.0000000000
90043  -47.835  25.780  22.252 0.0000000000
113613  -46.754  15.098  34.858 0.0000000000
86679  -48.608  19.489  34.916 0.0000000000
97440  -39.937  40.635  20.383 0.0000000000
118188  -45.258  38.121  19.056 0.0000000000
94277  -46.278  33.492  13.748 0.0000000000
89379  -48.819  25.223  31.752 0.0000000000
92640  -44.736  30.897  23.227 0.0000000000
91136  -50.985  27.856  25.426 0.0000000000
124793  -52.053  22.591  29.713 0.0000000000
87947  -48.922  20.768  25.972 0.0000000000
113547  -43.851  20.933  26.087 0.0000000000
117810  -50.356  18.709  33.956 0.0000000000
91769  -48.083  28.274  9.892 0.0000000000
90753  -50.818  24.874  11.773 0.0000000000
90166  -48.388  23.881  11.605 0.0000000000
90710  -46.430  26.091  15.266 0.0000000000
85536  -47.062  17.872  35.060 0.0000000000
86703  -45.492  19.494  32.449 0.0000000000
98215  -36.832  41.942  21.872 0.0000000000
95194  -45.365  35.257  16.517 0.0000000000
88909  -46.195  24.234  31.468 0.0000000000
106177  -46.702  25.236  28.163 0.0000000000
116685  -42.054  34.806  20.650 0.0000000000
112624  -45.106  31.088  20.548 0.0000000000
108722  -54.496  25.496  19.531 0.0000000000
91695  -51.287  28.855  22.203 0.0000000000
90560  -53.606  26.486  24.216 0.0000000000
89980  -51.902  26.463  27.272 0.0000000000
88968  -53.554  23.505  26.274 0.0000000000
107115  -50.358  21.495  27.712 0.0000000000
88979  -51.515  22.854  24.767 0.0000000000
89455  -46.060  24.128  25.182 0.0000000000
93689  -50.082  34.083  18.179 0.0000000000
92199  -47.856  30.021  18.686 0.0000000000
91214  -50.879  28.739  15.671 0.0000000000
90714  -53.776  25.685  15.343 0.0000000000
90092  -53.455  24.905  18.092 0.0000000000
90046  -50.857  25.113  22.178 0.0000000000
90664  -49.508  26.054  18.376 0.0000000000
105680  -46.209  26.953  19.224 0.0000000000
113949  -49.483  14.503  36.059 0.0000000000
84939  -50.456  17.114  36.588 0.0000000000
87280  -51.683  20.808  36.637 0.0000000000
96557  -36.693  39.090  22.754 0.0000000000
96568  -39.422  38.359  21.474 0.0000000000
96092  -42.874  37.758  20.726 0.0000000000
95628  -48.535  37.306  20.131 0.0000000000
94212  -48.601  34.471  17.724 0.0000000000
93184  -47.154  31.322  14.305 0.0000000000
117129  -47.203  30.886  10.435 0.0000000000
93750  -46.887  31.247  10.686 0.0000000000
88399  -46.086  22.512  32.823 0.0000000000
88384  -48.293  23.463  33.575 0.0000000000
88858  -51.474  23.420  34.258 0.0000000000
92600  -45.448  31.080  25.456 0.0000000000
91705  -47.711  28.904  20.751 0.0000000000
92159  -48.619  30.526  23.910 0.0000000000
91133  -47.961  27.760  25.463 0.0000000000
90520  -50.036  26.722  27.676 0.0000000000
122753  -50.758  25.220  30.854 0.0000000000
87879  -52.250  22.365  32.647 0.0000000000
87877  -50.058  20.905  31.954 0.0000000000
87335  -47.632  20.160  30.305 0.0000000000
86162  -45.971  18.813  28.872 0.0000000000
88976  -48.669  23.352  24.538 0.0000000000
87945  -46.658  21.252  26.366 0.0000000000
86171  -44.297  18.233  27.280 0.0000000000
110987  -53.352  18.680  37.472 0.0000000000
117307  -52.609  18.892  36.066 0.0000000000
86682  -52.119  19.545  35.531 0.0000000000
91256  -47.173  27.391  10.343 0.0000000000
90181  -48.234  25.286  9.831 0.0000000000
90164  -45.927  24.402  11.020 0.0000000000
106442  -45.607  24.378  12.328 0.0000000000
90518  -45.033  26.221  26.865 0.0000000000
94695  -44.205  34.775  19.887 0.0000000000
90059  -55.224  24.871  20.516 0.0000000000
90612  -53.473  26.689  21.521 0.0000000000
90035  -55.407  25.029  23.487 0.0000000000
89998  -55.051  24.415  25.192 0.0000000000
88989  -54.942  23.394  23.992 0.0000000000
88967  -52.492  22.761  25.571 0.0000000000
88988  -52.836  23.789  23.786 0.0000000000
93716  -51.277  32.939  16.675 0.0000000000
92690  -51.017  31.013  16.822 0.0000000000
92222  -50.966  29.630  15.620 0.0000000000
122349  -51.518  23.977  12.536 0.0000000000
90143  -53.262  24.768  13.402 0.0000000000
105358  -52.930  24.264  14.581 0.0000000000
89518  -54.251  24.639  16.284 0.0000000000
114275  -51.833  25.089  16.864 0.0000000000
90090  -50.375  25.580  18.027 0.0000000000
90114  -50.173  25.375  16.017 0.0000000000
106614  -46.120  26.597  17.682 0.0000000000
86104  -48.099  18.728  35.039 0.0000000000
115860  -48.452  17.461  35.654 0.0000000000
86094  -49.439  18.666  35.882 0.0000000000
86095  -50.652  19.048  36.499 0.0000000000
86680  -49.376  20.005  35.339 0.0000000000
97856  -38.660  41.255  20.857 0.0000000000
97012  -38.234  39.632  21.471 0.0000000000
96576  -39.510  39.203  20.984 0.0000000000
96091  -40.951  38.039  21.045 0.0000000000
96578  -41.108  39.052  20.614 0.0000000000
97022  -45.672  39.847  20.005 0.0000000000
126778  -46.000  38.537  20.339 0.0000000000
95636  -47.663  37.823  19.941 0.0000000000
95175  -48.404  36.299  19.363 0.0000000000
95174  -46.992  36.025  18.605 0.0000000000
94771  -45.522  34.692  14.932 0.0000000000
93711  -46.130  33.297  15.343 0.0000000000
93727  -46.527  32.521  14.428 0.0000000000
122309  -47.238  30.715  12.359 0.0000000000
93193  -47.057  31.241  11.839 0.0000000000
92715  -46.642  30.774  11.055 0.0000000000
94278  -47.040  32.543  11.957 0.0000000000
89393  -41.248  23.749  30.363 0.0000000000
126938  -41.253  23.330  32.419 0.0000000000
88887  -42.492  23.599  32.892 0.0000000000
87872  -44.486  22.442  32.603 0.0000000000
88889  -43.956  24.160  32.669 0.0000000000
126493  -47.413  24.773  31.636 0.0000000000
89360  -46.938  24.875  33.317 0.0000000000
89369  -48.105  24.789  33.276 0.0000000000
88857  -49.673  23.708  33.671 0.0000000000
88876  -49.873  23.952  33.122 0.0000000000
93110  -43.526  31.400  23.457 0.0000000000
92609  -44.202  31.143  25.253 0.0000000000
92627  -45.176  31.291  24.402 0.0000000000
123346  -48.762  28.870  18.393 0.0000000000
92192  -47.573  29.557  19.490 0.0000000000
91717  -49.061  28.424  19.760 0.0000000000
91662  -51.970  30.045  24.123 0.0000000000
105823  -50.299  29.396  23.341 0.0000000000
91660  -49.791  29.349  24.271 0.0000000000
91649  -48.408  29.025  25.065 0.0000000000
91134  -48.964  28.038  25.471 0.0000000000
90530  -48.422  26.457  26.318 0.0000000000
91124  -50.538  27.463  26.460 0.0000000000
89422  -51.890  24.784  28.158 0.0000000000
89421  -51.208  26.218  28.817 0.0000000000
126550  -51.688  24.083  29.244 0.0000000000
88894  -51.975  23.417  31.559 0.0000000000
113990  -52.112  22.755  31.327 0.0000000000
87878  -51.256  21.625  32.286 0.0000000000
87897  -51.245  21.754  30.609 0.0000000000
87932  -49.828  21.113  26.729 0.0000000000
87905  -48.944  21.026  29.002 0.0000000000
87355  -48.156  20.482  28.423 0.0000000000
86731  -47.064  20.029  29.488 0.0000000000
87362  -47.616  19.822  27.396 0.0000000000
124161  -49.358  25.654  21.431 0.0000000000
112463  -49.364  24.322  23.531 0.0000000000
89477  -48.525  24.634  23.511 0.0000000000
127113  -44.936  22.576  26.537 0.0000000000
88953  -46.158  22.860  26.109 0.0000000000
87944  -45.783  20.914  26.650 0.0000000000
107385  -45.195  19.374  26.854 0.0000000000
86757  -44.511  19.271  26.600 0.0000000000
86170  -43.705  18.029  27.005 0.0000000000
112682  -54.498  15.977  37.300 0.0000000000
85550  -49.646  17.638  33.378 0.0000000000
91756  -48.812  28.714  13.071 0.0000000000
91246  -49.555  27.139  13.787 0.0000000000
90751  -49.009  26.630  10.970 0.0000000000
89568  -49.973  24.033  10.845 0.0000000000
89551  -49.759  23.753  12.650 0.0000000000
90126  -49.174  25.383  14.664 0.0000000000
90139  -47.877  25.146  13.398 0.0000000000
84355  -47.117  16.368  35.309 0.0000000000
85549  -45.738  17.537  34.542 0.0000000000
86692  -47.485  19.581  33.808 0.0000000000
98220  -39.049  42.157  20.869 0.0000000000
95184  -45.310  35.993  17.890 0.0000000000
95700  -45.599  36.154  14.230 0.0000000000
118860  -46.699  34.544  12.595 0.0000000000
88907  -44.382  23.803  31.301 0.0000000000
89412  -45.892  24.455  29.332 0.0000000000
89948  -48.086  25.311  29.457 0.0000000000
92659  -44.730  30.767  21.241 0.0000000000
90665  -53.075  26.845  18.696 0.0000000000
91174  -51.017  27.612  20.262 0.0000000000
91166  -52.391  27.801  21.048 0.0000000000
91154  -52.563  28.765  22.971 0.0000000000
91138  -52.203  28.195  25.339 0.0000000000
90546  -51.976  27.459  26.176 0.0000000000
89996  -53.095  25.870  26.062 0.0000000000
89437  -53.371  24.350  26.874 0.0000000000
124510  -53.110  23.535  27.646 0.0000000000
120941  -52.061  22.165  28.499 0.0000000000
88439  -52.320  22.411  27.306 0.0000000000
88453  -51.273  21.945  26.108 0.0000000000
87953  -49.880  21.541  25.509 0.0000000000
89475  -46.911  25.063  23.859 0.0000000000
116464  -43.345  29.323  26.245 0.0000000000
94198  -48.429  33.649  18.857 0.0000000000
93147  -47.390  31.866  18.593 0.0000000000
92682  -49.328  31.472  17.728 0.0000000000
92205  -50.167  29.710  16.826 0.0000000000
91202  -50.383  27.937  17.420 0.0000000000
91238  -51.081  27.319  14.851 0.0000000000
91215  -51.949  27.040  15.170 0.0000000000
90681  -52.523  26.611  17.250 0.0000000000
119162  -54.281  25.687  17.751 0.0000000000
90083  -54.693  24.953  18.756 0.0000000000
90070  -54.555  24.442  20.176 0.0000000000
89493  -53.140  24.508  21.456 0.0000000000
90068  -51.454  25.247  20.225 0.0000000000
90067  -50.373  25.720  19.981 0.0000000000
90629  -48.956  26.255  20.055 0.0000000000
116068  -48.343  26.401  16.930 0.0000000000
90662  -47.779  26.607  18.865 0.0000000000
84950  -48.679  16.591  35.704 0.0000000000
84951  -49.579  16.367  36.079 0.0000000000
84341  -51.588  15.533  36.921 0.0000000000
114099  -52.740  17.719  37.467 0.0000000000
86088  -52.687  18.998  37.461 0.0000000000
87274  -53.192  20.442  37.604 0.0000000000
96559  -38.104  37.713  22.567 0.0000000000
96567  -38.322  38.242  22.155 0.0000000000
95616  -39.122  36.938  21.929 0.0000000000
95618  -40.762  36.412  21.342 0.0000000000
95623  -42.404  36.515  20.742 0.0000000000
95159  -45.289  35.627  20.269 0.0000000000
97019  -41.660  40.379  20.395 0.0000000000
113328  -43.717  38.724  20.548 0.0000000000
115800  -44.932  37.484  20.572 0.0000000000
95167  -47.769  36.122  20.295 0.0000000000
94724  -48.422  35.576  19.216 0.0000000000
94213  -49.683  34.385  17.851 0.0000000000
93714  -49.403  32.678  16.224 0.0000000000
94755  -46.011  34.586  16.768 0.0000000000
93713  -47.790  32.448  15.755 0.0000000000
92710  -48.694  30.477  14.386 0.0000000000
92237  -47.632  29.884  12.191 0.0000000000
92248  -47.384  29.546  10.408 0.0000000000
91755  -45.690  28.560  12.476 0.0000000000
92714  -45.605  30.850  12.522 0.0000000000
94799  -47.466  34.420  11.368 0.0000000000
116511  -46.027  21.217  32.267 0.0000000000
87312  -47.345  20.907  32.822 0.0000000000
112633  -45.446  24.235  32.885 0.0000000000
88383  -47.310  23.568  33.658 0.0000000000
87863  -48.741  21.715  33.672 0.0000000000
87849  -50.288  22.028  34.991 0.0000000000
88360  -52.158  22.447  35.917 0.0000000000
88361  -52.774  22.339  35.742 0.0000000000
91644  -44.526  28.682  26.029 0.0000000000
123708  -46.455  30.821  19.768 0.0000000000
127234  -46.473  29.650  20.863 0.0000000000
92167  -46.076  29.764  22.392 0.0000000000
91694  -50.045  28.525  21.790 0.0000000000
92169  -47.846  29.180  22.380 0.0000000000
92157  -47.207  30.413  23.428 0.0000000000
92602  -47.220  31.244  25.059 0.0000000000
91647  -46.610  29.304  25.543 0.0000000000
120654  -45.645  27.609  26.058 0.0000000000
90528  -46.711  26.225  26.442 0.0000000000
89969  -48.145  25.710  27.398 0.0000000000
110732  -49.033  25.750  29.582 0.0000000000
90521  -50.998  27.166  28.261 0.0000000000
90501  -50.536  26.514  29.533 0.0000000000
89924  -50.178  25.973  31.308 0.0000000000
88893  -51.356  24.041  32.033 0.0000000000
88387  -52.463  22.842  34.026 0.0000000000
87303  -52.820  21.838  34.523 0.0000000000
87302  -51.092  20.374  33.443 0.0000000000
87301  -50.270  19.633  33.275 0.0000000000
86706  -48.871  19.769  32.273 0.0000000000
87907  -50.942  21.624  29.746 0.0000000000
87329  -48.845  20.514  31.138 0.0000000000
86720  -48.358  19.296  31.661 0.0000000000
86145  -47.276  18.369  30.672 0.0000000000
85588  -46.122  17.775  29.997 0.0000000000
89478  -51.617  24.107  23.401 0.0000000000
88978  -50.080  23.150  24.172 0.0000000000
121301  -48.816  22.138  25.235 0.0000000000
88974  -47.012  23.931  25.025 0.0000000000
88452  -47.429  21.499  25.988 0.0000000000
120958  -47.891  20.342  26.154 0.0000000000
86747  -46.568  19.365  27.248 0.0000000000
121599  -45.368  18.625  27.715 0.0000000000
86097  -53.452  19.185  37.225 0.0000000000
86096  -53.102  18.472  36.596 0.0000000000
86105  -51.799  18.242  35.426 0.0000000000
90750  -46.498  26.108  10.958 0.0000000000
90173  -46.046  24.775  10.768 0.0000000000
90163  -44.800  24.167  10.930 0.0000000000
90517  -44.169  26.286  27.147 0.0000000000
90526  -44.513  26.959  26.640 0.0000000000
94706  -44.699  34.093  19.722 0.0000000000
94187  -44.199  33.315  19.728 0.0000000000
116053  -45.328  33.490  19.597 0.0000000000
89496  -55.219  24.386  21.313 0.0000000000
90047  -55.282  25.124  21.622 0.0000000000
89490  -55.127  24.022  22.262 0.0000000000
88991  -55.357  23.938  23.916 0.0000000000
89481  -54.910  23.709  23.139 0.0000000000
89470  -54.174  23.605  23.859 0.0000000000
89480  -53.834  24.035  22.969 0.0000000000
125116  -50.581  31.461  15.593 0.0000000000
92702  -51.207  31.384  15.824 0.0000000000
92221  -50.251  29.922  15.184 0.0000000000
89536  -51.873  24.066  13.236 0.0000000000
89553  -52.440  24.186  12.937 0.0000000000
89524  -52.227  24.115  14.208 0.0000000000
90116  -52.597  24.630  15.691 0.0000000000
90128  -51.173  24.736  15.215 0.0000000000
90115  -51.164  25.198  16.193 0.0000000000
90127  -50.123  25.110  14.888 0.0000000000
84374  -47.300  15.359  35.113 0.0000000000
86093  -48.415  18.245  35.493 0.0000000000
86670  -48.839  19.020  35.477 0.0000000000
86671  -49.776  19.511  35.910 0.0000000000
97439  -39.127  40.550  20.642 0.0000000000
120620  -39.500  39.932  20.598 0.0000000000
97018  -40.341  39.752  20.525 0.0000000000
96590  -45.378  39.519  19.554 0.0000000000
127486  -45.654  39.961  19.982 0.0000000000
96111  -45.536  38.935  19.530 0.0000000000
119146  -46.092  38.577  20.203 0.0000000000
96112  -46.158  37.748  19.629 0.0000000000
95647  -46.318  36.726  19.194 0.0000000000
94784  -45.863  34.331  14.070 0.0000000000
94262  -46.093  33.319  14.560 0.0000000000
94263  -46.536  32.603  13.417 0.0000000000
93738  -46.690  31.857  12.873 0.0000000000
112599  -47.064  32.126  11.828 0.0000000000
94785  -46.481  33.836  12.989 0.0000000000
89408  -41.217  24.551  29.709 0.0000000000
89394  -42.135  23.927  30.053 0.0000000000
88904  -41.972  23.439  31.703 0.0000000000
88888  -43.112  23.870  32.624 0.0000000000
105249  -43.724  24.058  33.060 0.0000000000
89397  -47.961  24.962  31.229 0.0000000000
89378  -47.676  25.099  32.494 0.0000000000
108146  -48.297  25.029  32.690 0.0000000000
89370  -49.018  24.500  32.761 0.0000000000
89380  -49.485  25.196  31.908 0.0000000000
93120  -44.050  31.201  22.795 0.0000000000
93111  -44.291  31.256  23.880 0.0000000000
117134  -45.443  30.918  23.630 0.0000000000
91192  -50.015  28.034  18.504 0.0000000000
91726  -49.189  28.382  18.810 0.0000000000
91183  -49.751  28.124  19.271 0.0000000000
91147  -51.527  28.933  24.711 0.0000000000
91661  -50.933  29.408  24.103 0.0000000000
91651  -50.444  28.633  24.792 0.0000000000
91650  -49.401  28.810  24.930 0.0000000000
91135  -49.993  27.937  25.518 0.0000000000
90545  -49.574  27.439  25.976 0.0000000000
88921  -52.215  23.639  28.760 0.0000000000
88919  -51.917  23.388  29.691 0.0000000000
88411  -52.072  22.929  30.577 0.0000000000
110908  -51.801  22.274  30.865 0.0000000000
87931  -48.879  20.867  26.981 0.0000000000
87921  -48.866  20.904  27.974 0.0000000000
87363  -48.265  20.232  27.207 0.0000000000
87354  -47.295  20.106  28.542 0.0000000000
90055  -48.480  25.802  21.619 0.0000000000
90044  -48.769  25.412  22.215 0.0000000000
120462  -48.295  25.222  22.908 0.0000000000
115889  -44.123  21.765  26.223 0.0000000000
88450  -44.977  21.866  26.599 0.0000000000
87943  -44.799  20.975  26.544 0.0000000000
109819  -44.473  20.039  26.375 0.0000000000
114581  -43.980  19.551  26.239 0.0000000000
87370  -43.511  20.204  26.014 0.0000000000
84942  -54.272  17.015  37.598 0.0000000000
86116  -50.234  18.029  34.046 0.0000000000
86115  -49.785  18.479  33.422 0.0000000000
91763  -48.278  28.428  10.718 0.0000000000
91252  -48.800  27.675  11.510 0.0000000000
91258  -48.571  27.539  10.219 0.0000000000
89566  -48.216  24.211  10.681 0.0000000000
90175  -48.973  25.080  10.340 0.0000000000
89561  -48.698  23.755  11.101 0.0000000000
89550  -49.466  23.518  11.628 0.0000000000
90155  -48.670  24.114  12.522 0.0000000000
90154  -47.535  24.490  12.129 0.0000000000
90137  -45.103  25.048  13.507 0.0000000000
85548  -44.961  17.475  34.270 0.0000000000
86114  -47.095  18.875  34.093 0.0000000000
86704  -46.341  19.586  32.861 0.0000000000
98217  -38.486  42.672  21.302 0.0000000000
95683  -45.235  36.595  14.990 0.0000000000
95714  -46.085  36.595  13.641 0.0000000000
117526  -45.747  38.080  14.596 0.0000000000
89958  -45.600  25.289  27.997 0.0000000000
119867  -46.061  24.847  28.595 0.0000000000
89420  -46.917  24.891  29.134 0.0000000000
89959  -47.550  25.291  28.692 0.0000000000
95154  -41.227  34.814  20.956 0.0000000000
93137  -44.284  31.461  20.796 0.0000000000
122997  -53.057  27.084  19.495 0.0000000000
91175  -52.155  27.474  20.248 0.0000000000
91176  -53.357  26.886  20.109 0.0000000000
90576  -53.860  26.416  23.196 0.0000000000
90592  -53.140  27.195  22.612 0.0000000000
90575  -52.849  27.789  23.811 0.0000000000
121343  -52.435  29.404  23.827 0.0000000000
90559  -52.752  27.512  24.904 0.0000000000
90547  -52.576  27.033  25.785 0.0000000000
90548  -53.389  26.171  25.173 0.0000000000
89456  -55.089  23.950  25.658 0.0000000000
89982  -53.543  24.838  26.325 0.0000000000
89425  -53.029  24.097  27.645 0.0000000000
88954  -53.290  23.524  27.198 0.0000000000
88425  -53.013  22.982  27.589 0.0000000000
88455  -52.746  22.741  26.683 0.0000000000
111967  -52.571  23.229  24.654 0.0000000000
118872  -51.983  22.301  26.063 0.0000000000
88461  -51.203  22.316  25.379 0.0000000000
87954  -50.587  21.786  25.594 0.0000000000
88460  -50.193  22.013  25.000 0.0000000000
93682  -49.220  34.008  18.505 0.0000000000
93681  -48.300  32.921  18.628 0.0000000000
118141  -50.080  33.429  18.062 0.0000000000
92212  -51.104  30.238  16.274 0.0000000000
91738  -50.814  29.290  16.224 0.0000000000
91731  -50.050  28.777  17.072 0.0000000000
91732  -50.561  28.462  16.459 0.0000000000
90742  -49.896  26.086  13.136 0.0000000000
91237  -50.021  27.562  14.662 0.0000000000
90743  -50.964  25.658  13.180 0.0000000000
90731  -53.490  25.349  14.396 0.0000000000
90713  -52.847  26.463  14.886 0.0000000000
90695  -53.068  26.559  15.653 0.0000000000
91204  -51.936  26.868  16.251 0.0000000000
112382  -53.237  26.519  16.502 0.0000000000
114199  -53.514  26.467  17.863 0.0000000000
90682  -54.025  26.046  17.105 0.0000000000
90105  -53.959  24.794  17.355 0.0000000000
90093  -54.468  25.108  18.008 0.0000000000
90082  -54.170  24.872  18.807 0.0000000000
107092  -54.845  24.786  19.530 0.0000000000
90069  -53.244  24.834  19.912 0.0000000000
106862  -52.617  25.085  19.431 0.0000000000
90079  -50.253  25.770  19.029 0.0000000000
120376  -49.672  26.062  19.778 0.0000000000
90711  -47.489  26.029  15.401 0.0000000000
90712  -48.414  25.823  15.500 0.0000000000
90693  -47.893  26.316  16.198 0.0000000000
90661  -46.498  26.767  18.445 0.0000000000
106613  -46.961  26.664  17.718 0.0000000000
84948  -47.012  17.198  35.303 0.0000000000
84356  -48.052  15.748  35.597 0.0000000000
84949  -47.771  16.873  35.548 0.0000000000
85526  -49.357  17.286  36.023 0.0000000000
84340  -50.539  15.999  36.518 0.0000000000
84940  -51.623  16.891  37.173 0.0000000000
86672  -51.170  19.901  36.680 0.0000000000
86664  -52.066  19.459  37.339 0.0000000000
86665  -53.139  19.786  37.808 0.0000000000
87273  -52.595  20.292  37.537 0.0000000000
96993  -36.044  39.600  23.175 0.0000000000
96552  -36.108  38.678  23.445 0.0000000000
126363  -36.786  38.382  23.026 0.0000000000
96076  -37.283  37.766  23.035 0.0000000000
98212  -36.251  42.244  22.382 0.0000000000
97848  -36.320  41.473  22.316 0.0000000000
107992  -38.828  39.013  21.393 0.0000000000
96566  -38.179  38.862  21.860 0.0000000000
123865  -38.736  38.422  21.764 0.0000000000
96080  -38.847  37.731  21.980 0.0000000000
96081  -39.595  37.450  21.572 0.0000000000
96082  -40.382  37.236  21.317 0.0000000000
113763  -41.875  37.817  20.887 0.0000000000
116640  -42.063  37.137  20.926 0.0000000000
125525  -42.627  37.122  20.729 0.0000000000
95624  -43.800  36.272  20.399 0.0000000000
115254  -43.366  37.084  20.621 0.0000000000
113369  -43.274  39.524  20.326 0.0000000000
96094  -46.504  37.978  20.301 0.0000000000
118763  -45.989  38.039  20.549 0.0000000000
95625  -46.238  37.630  20.520 0.0000000000
95160  -46.636  36.656  20.480 0.0000000000
94709  -48.445  35.882  19.760 0.0000000000
95168  -48.684  36.827  20.099 0.0000000000
94742  -48.137  34.898  18.019 0.0000000000
94743  -48.929  34.625  18.417 0.0000000000
93702  -50.583  33.849  16.851 0.0000000000
93701  -49.089  33.471  16.716 0.0000000000
95193  -44.824  35.922  16.917 0.0000000000
124635  -45.225  35.557  17.178 0.0000000000
93173  -46.907  31.977  14.873 0.0000000000
93712  -46.673  32.739  15.500 0.0000000000
118355  -47.499  31.630  15.073 0.0000000000
114652  -48.591  31.779  15.413 0.0000000000
93174  -48.047  31.105  14.714 0.0000000000
92717  -48.239  30.117  13.400 0.0000000000
92709  -47.583  30.694  13.650 0.0000000000
92243  -47.097  30.679  10.440 0.0000000000
92244  -47.366  30.035  10.556 0.0000000000
91761  -47.044  28.882  10.457 0.0000000000
117505  -46.846  29.988  10.477 0.0000000000
118189  -46.206  29.594  11.617 0.0000000000
106445  -47.081  31.966  10.355 0.0000000000
116858  -45.921  30.490  12.191 0.0000000000
93192  -46.367  31.134  11.475 0.0000000000
94291  -46.902  31.976  10.318 0.0000000000
87885  -43.456  21.720  32.373 0.0000000000
88398  -45.074  23.066  33.106 0.0000000000
87873  -45.281  21.876  32.446 0.0000000000
87874  -46.850  21.559  32.519 0.0000000000
88908  -45.296  23.982  31.053 0.0000000000
88890  -44.819  24.024  32.276 0.0000000000
126235  -45.581  24.120  32.109 0.0000000000
88855  -47.552  24.146  33.660 0.0000000000
88854  -46.928  24.317  33.666 0.0000000000
87876  -48.053  22.408  33.323 0.0000000000
118539  -48.871  22.602  33.604 0.0000000000
87848  -49.299  21.285  34.280 0.0000000000
87864  -49.544  22.262  34.038 0.0000000000
88386  -50.652  23.339  34.337 0.0000000000
88368  -51.251  22.928  35.204 0.0000000000
88846  -51.534  23.232  34.793 0.0000000000
88369  -52.100  22.915  35.271 0.0000000000
92599  -44.594  30.933  25.551 0.0000000000
92132  -44.152  29.682  25.953 0.0000000000
92675  -47.730  31.021  18.519 0.0000000000
93142  -46.619  31.786  19.079 0.0000000000
92668  -47.145  30.317  19.200 0.0000000000
91715  -47.425  29.260  20.190 0.0000000000
92191  -46.812  29.779  20.072 0.0000000000
92186  -47.010  29.285  20.804 0.0000000000
92178  -45.949  29.830  21.325 0.0000000000
92180  -47.328  29.053  21.552 0.0000000000
91165  -51.558  27.993  21.186 0.0000000000
91708  -50.500  28.148  21.072 0.0000000000
92160  -49.219  29.753  23.736 0.0000000000
126872  -49.269  29.435  23.141 0.0000000000
92170  -48.545  29.877  23.377 0.0000000000
115191  -47.767  29.886  23.117 0.0000000000
92630  -47.881  31.207  24.042 0.0000000000
92613  -47.598  31.244  24.547 0.0000000000
92146  -48.229  31.015  24.200 0.0000000000
117786  -47.345  28.453  25.391 0.0000000000
91648  -47.699  29.972  25.234 0.0000000000
91131  -46.384  27.994  25.691 0.0000000000
91132  -47.093  27.339  25.577 0.0000000000
91123  -46.248  26.876  25.964 0.0000000000
90542  -47.033  26.646  25.911 0.0000000000
90519  -48.927  26.209  27.047 0.0000000000
89970  -49.281  26.167  28.004 0.0000000000
112676  -48.623  25.758  28.259 0.0000000000
89961  -49.484  26.204  29.054 0.0000000000
90533  -51.674  27.230  27.078 0.0000000000
90522  -51.307  27.135  27.922 0.0000000000
89415  -50.970  26.077  29.643 0.0000000000
89962  -50.838  26.642  29.266 0.0000000000
89950  -50.766  26.310  29.942 0.0000000000
90488  -50.390  26.420  30.272 0.0000000000
89933  -50.508  26.182  30.623 0.0000000000
89381  -50.473  24.869  31.649 0.0000000000
88404  -52.265  22.901  32.132 0.0000000000
88878  -52.113  23.431  32.552 0.0000000000
87865  -52.530  22.315  33.632 0.0000000000
120307  -52.741  22.332  34.458 0.0000000000
121414  -52.280  20.678  34.793 0.0000000000
119450  -52.045  21.500  33.376 0.0000000000
87888  -50.728  21.576  31.398 0.0000000000
87314  -50.805  20.966  32.699 0.0000000000
87313  -49.919  20.186  32.592 0.0000000000
106199  -49.132  20.339  31.939 0.0000000000
87923  -51.169  21.846  28.164 0.0000000000
109862  -50.408  21.557  28.661 0.0000000000
87346  -48.439  20.690  29.518 0.0000000000
87337  -49.186  20.891  30.146 0.0000000000
121505  -48.179  20.199  30.918 0.0000000000
87328  -48.470  20.066  31.588 0.0000000000
86719  -47.864  19.634  30.917 0.0000000000
86139  -47.836  18.769  31.102 0.0000000000
116620  -47.377  19.062  30.626 0.0000000000
113330  -46.553  19.345  29.398 0.0000000000
86153  -46.264  18.550  29.730 0.0000000000
85587  -45.444  17.365  29.710 0.0000000000
86152  -45.653  18.134  29.363 0.0000000000
90057  -51.936  24.727  21.388 0.0000000000
122163  -52.031  24.423  22.301 0.0000000000
89487  -51.058  24.828  23.033 0.0000000000
89468  -48.961  23.833  24.008 0.0000000000
89469  -49.572  23.662  23.983 0.0000000000
88977  -49.369  23.120  24.338 0.0000000000
88459  -49.082  22.571  24.762 0.0000000000
89466  -46.511  24.591  24.553 0.0000000000
119032  -46.613  22.106  26.270 0.0000000000
88457  -47.068  22.525  25.820 0.0000000000
116729  -47.530  20.555  26.172 0.0000000000
87372  -46.965  19.535  26.781 0.0000000000
86745  -44.876  18.728  27.134 0.0000000000
86746  -45.742  19.069  27.276 0.0000000000
86160  -44.750  18.081  28.025 0.0000000000
85598  -44.387  17.278  28.599 0.0000000000
85527  -54.004  18.155  37.437 0.0000000000
85538  -51.923  17.692  35.341 0.0000000000
91265  -48.011  26.992  9.507 0.0000000000
90761  -48.279  26.145  9.627 0.0000000000
90756  -47.838  25.703  9.650 0.0000000000
115444  -47.070  24.818  10.492 0.0000000000
90165  -47.485  24.214  10.926 0.0000000000
90153  -46.276  24.375  11.455 0.0000000000
90152  -45.081  23.814  11.334 0.0000000000
89966  -44.805  25.718  27.519 0.0000000000
89976  -45.655  25.755  27.240 0.0000000000
112894  -42.719  34.775  20.367 0.0000000000
94705  -43.872  33.913  19.746 0.0000000000
93662  -44.815  31.851  20.174 0.0000000000
90631  -55.127  25.066  19.936 0.0000000000
90630  -53.958  26.159  20.465 0.0000000000
90613  -54.568  25.517  20.940 0.0000000000
90034  -55.130  25.425  22.706 0.0000000000
117305  -54.479  25.699  23.581 0.0000000000
90017  -54.499  25.311  24.510 0.0000000000
90018  -55.227  24.627  24.427 0.0000000000
89457  -55.279  24.058  25.047 0.0000000000
88969  -54.705  23.726  25.622 0.0000000000
121335  -53.420  23.347  25.370 0.0000000000
88980  -53.718  23.479  24.684 0.0000000000
88987  -51.667  23.431  24.157 0.0000000000
93691  -51.279  33.414  17.262 0.0000000000
93156  -51.280  32.347  17.178 0.0000000000
93164  -51.327  31.807  16.708 0.0000000000
92691  -51.354  30.922  16.178 0.0000000000
92213  -51.210  30.023  15.868 0.0000000000
90156  -51.584  24.457  12.432 0.0000000000
90744  -52.377  25.166  13.139 0.0000000000
90157  -52.610  24.354  12.899 0.0000000000
89554  -53.296  24.241  13.539 0.0000000000
120724  -54.082  24.600  14.715 0.0000000000
90117  -54.699  24.894  15.943 0.0000000000
89525  -53.796  24.382  15.147 0.0000000000
90104  -53.119  24.733  16.835 0.0000000000
109621  -52.610  24.957  17.580 0.0000000000
90091  -51.664  25.312  18.382 0.0000000000
90103  -51.286  25.293  17.618 0.0000000000
90102  -50.443  25.439  17.055 0.0000000000
90680  -49.662  25.828  17.606 0.0000000000
90692  -47.025  26.381  16.207 0.0000000000
109395  -48.716  14.704  35.785 0.0000000000
122623  -47.686  18.189  35.175 0.0000000000
85525  -47.684  17.654  35.394 0.0000000000
107539  -49.116  17.968  35.857 0.0000000000
85518  -50.254  18.114  36.418 0.0000000000
87279  -50.355  20.423  36.000 0.0000000000
124182  -35.981  40.391  22.947 0.0000000000
97852  -37.447  41.679  21.545 0.0000000000
97434  -37.063  41.088  21.850 0.0000000000
97436  -38.388  40.406  21.091 0.0000000000
97017  -38.888  39.746  20.913 0.0000000000
96569  -40.117  37.966  21.307 0.0000000000
96577  -40.214  38.681  21.011 0.0000000000
121887  -41.678  38.515  20.725 0.0000000000
97445  -45.272  41.104  20.130 0.0000000000
96580  -45.012  39.051  20.504 0.0000000000
96581  -45.753  39.191  20.209 0.0000000000
96095  -47.813  37.742  20.188 0.0000000000
95649  -48.716  37.147  19.912 0.0000000000
95648  -48.143  37.190  19.595 0.0000000000
95186  -47.650  35.387  18.312 0.0000000000
107626  -45.359  35.287  15.591 0.0000000000
94763  -45.618  34.598  15.829 0.0000000000
113940  -45.731  33.901  15.243 0.0000000000
93183  -46.802  31.666  13.713 0.0000000000
92721  -47.165  30.983  11.143 0.0000000000
92242  -46.696  30.526  10.749 0.0000000000
93751  -47.155  31.305  11.193 0.0000000000
123325  -40.811  24.248  30.008 0.0000000000
89392  -40.486  23.840  30.390 0.0000000000
88903  -40.909  23.210  31.240 0.0000000000
87871  -43.705  22.734  32.814 0.0000000000
88396  -43.218  23.625  33.072 0.0000000000
88397  -44.151  23.701  33.182 0.0000000000
88380  -44.883  23.773  33.115 0.0000000000
89396  -47.006  24.417  30.891 0.0000000000
88891  -46.235  24.567  32.675 0.0000000000
89377  -46.903  24.699  32.065 0.0000000000
89368  -47.412  25.058  33.171 0.0000000000
88856  -48.439  24.170  33.474 0.0000000000
88385  -49.499  23.345  33.744 0.0000000000
121305  -48.894  24.140  33.318 0.0000000000
106231  -50.828  23.646  33.744 0.0000000000
93097  -43.809  31.303  24.465 0.0000000000
92610  -45.039  31.287  25.224 0.0000000000
92200  -48.537  29.684  18.125 0.0000000000
92193  -48.210  29.269  18.960 0.0000000000
91716  -48.148  28.910  19.861 0.0000000000
91706  -48.536  28.604  20.653 0.0000000000
91672  -52.009  30.219  23.496 0.0000000000
91680  -51.572  29.974  23.041 0.0000000000
91671  -51.409  29.883  23.590 0.0000000000
91670  -50.079  29.456  23.805 0.0000000000
92147  -48.920  30.095  24.089 0.0000000000
92138  -48.410  30.452  24.650 0.0000000000
91659  -48.980  29.666  24.525 0.0000000000
90543  -47.745  26.883  25.760 0.0000000000
90544  -48.678  27.207  25.873 0.0000000000
90531  -49.580  26.906  26.655 0.0000000000
107651  -50.648  27.264  27.405 0.0000000000
89424  -52.233  25.207  27.332 0.0000000000
108865  -51.609  26.411  28.082 0.0000000000
111765  -51.327  24.836  28.958 0.0000000000
89399  -51.134  24.741  29.808 0.0000000000
88910  -51.224  24.250  31.346 0.0000000000
88911  -51.536  23.894  30.668 0.0000000000
87889  -51.844  22.254  31.625 0.0000000000
126631  -51.485  21.911  31.097 0.0000000000
124926  -49.495  21.253  28.567 0.0000000000
87922  -49.607  21.224  27.754 0.0000000000
87345  -47.745  20.409  29.501 0.0000000000
86722  -47.144  19.597  30.212 0.0000000000
124821  -46.761  19.738  28.668 0.0000000000
86739  -46.958  19.593  27.672 0.0000000000
110453  -50.202  25.410  21.582 0.0000000000
89486  -50.066  24.729  22.994 0.0000000000
90045  -49.691  25.235  22.216 0.0000000000
89485  -49.099  24.924  22.885 0.0000000000
89467  -48.225  24.177  24.218 0.0000000000
88952  -45.235  23.071  26.384 0.0000000000
88451  -45.751  22.143  26.493 0.0000000000
109529  -46.341  19.855  26.686 0.0000000000
87371  -45.437  20.015  26.681 0.0000000000
86179  -44.036  18.792  26.570 0.0000000000
86178  -43.386  18.581  26.301 0.0000000000
121306  -53.661  14.953  37.052 0.0000000000
92230  -49.171  29.934  14.273 0.0000000000
92231  -49.393  29.129  14.391 0.0000000000
91245  -49.019  27.830  12.906 0.0000000000
90741  -49.285  26.880  12.416 0.0000000000
90752  -49.631  25.688  11.908 0.0000000000
90757  -48.800  26.402  9.990 0.0000000000
90758  -49.413  25.428  10.766 0.0000000000
90167  -50.228  24.711  11.165 0.0000000000
106132  -51.018  23.679  11.744 0.0000000000
89552  -50.821  23.737  12.742 0.0000000000
90141  -49.998  24.408  13.768 0.0000000000
90140  -48.968  24.916  13.588 0.0000000000
90125  -48.146  25.474  14.584 0.0000000000
90727  -47.131  25.513  14.393 0.0000000000
90138  -46.796  25.090  12.966 0.0000000000
90726  -46.113  25.418  13.933 0.0000000000
84373  -46.304  15.947  35.202 0.0000000000
84970  -45.617  16.477  35.126 0.0000000000
84971  -46.348  16.760  35.181 0.0000000000
85535  -46.389  17.445  34.934 0.0000000000
109492  -45.628  18.191  33.839 0.0000000000
86102  -46.511  18.165  34.440 0.0000000000
86103  -47.369  18.467  34.725 0.0000000000
86678  -47.789  19.160  34.477 0.0000000000
98213  -36.937  42.709  22.071 0.0000000000
98216  -37.553  42.328  21.599 0.0000000000
97857  -39.690  41.572  20.562 0.0000000000
95646  -45.133  37.024  18.489 0.0000000000
95206  -45.080  36.054  15.849 0.0000000000
95220  -45.325  35.666  14.943 0.0000000000
118788  -45.646  35.208  14.203 0.0000000000
126801  -46.115  34.746  13.530 0.0000000000
95230  -46.142  35.631  13.377 0.0000000000
89395  -46.063  24.231  30.371 0.0000000000
89413  -46.686  24.509  29.915 0.0000000000
89414  -47.595  24.857  30.152 0.0000000000
89398  -48.988  25.597  30.592 0.0000000000
93130  -44.038  31.300  21.709 0.0000000000
92651  -44.632  30.685  22.180 0.0000000000
109515  -51.579  27.095  18.774 0.0000000000
91185  -51.805  27.212  19.502 0.0000000000
91696  -52.067  28.877  21.931 0.0000000000
91167  -52.961  27.392  21.038 0.0000000000
91159  -52.651  27.963  22.001 0.0000000000
91682  -52.178  29.241  22.408 0.0000000000
91673  -52.173  30.033  23.270 0.0000000000
91663  -52.134  30.040  24.056 0.0000000000
91137  -51.901  28.185  25.462 0.0000000000
90534  -52.302  26.690  26.590 0.0000000000
89981  -52.706  25.567  26.743 0.0000000000
88922  -52.852  23.581  28.032 0.0000000000
88414  -52.229  22.684  29.028 0.0000000000
88424  -52.571  22.708  28.211 0.0000000000
88423  -51.817  22.058  27.737 0.0000000000
88454  -51.946  22.245  26.602 0.0000000000
87933  -50.834  21.653  27.232 0.0000000000
87949  -50.491  21.475  26.248 0.0000000000
87948  -49.624  21.117  25.941 0.0000000000
90033  -47.508  25.399  23.182 0.0000000000
90032  -46.687  25.604  23.347 0.0000000000
90016  -46.068  25.204  24.102 0.0000000000
89465  -45.627  24.823  24.800 0.0000000000
89454  -45.141  24.432  25.498 0.0000000000
119137  -44.449  23.029  26.322 0.0000000000
121045  -44.415  22.419  26.363 0.0000000000
94189  -47.720  33.803  19.232 0.0000000000
118766  -46.258  33.276  19.359 0.0000000000
93680  -47.370  32.688  18.860 0.0000000000
93148  -48.274  32.063  18.308 0.0000000000
92676  -48.503  30.630  18.103 0.0000000000
92683  -50.438  31.563  17.376 0.0000000000
92204  -49.444  30.385  17.420 0.0000000000
91725  -49.238  29.229  17.561 0.0000000000
111513  -49.465  28.487  17.950 0.0000000000
91193  -50.931  27.448  18.276 0.0000000000
91752  -50.072  28.453  14.947 0.0000000000
91226  -50.821  28.037  15.243 0.0000000000
91227  -51.217  27.719  15.376 0.0000000000
90729  -51.681  26.350  14.120 0.0000000000
91228  -51.964  26.948  14.848 0.0000000000
121042  -51.273  27.635  15.425 0.0000000000
119391  -51.073  27.754  16.310 0.0000000000
91203  -51.404  27.066  17.319 0.0000000000
91194  -51.912  26.665  18.028 0.0000000000
90648  -54.084  26.197  19.064 0.0000000000
90683  -54.425  25.249  17.363 0.0000000000
90094  -54.523  25.053  17.888 0.0000000000
112095  -54.970  24.818  19.609 0.0000000000
89501  -54.866  24.291  20.400 0.0000000000
89494  -54.336  24.249  20.778 0.0000000000
89488  -53.458  24.260  22.138 0.0000000000
90058  -53.125  24.645  20.743 0.0000000000
120016  -52.018  24.813  20.677 0.0000000000
90056  -51.059  25.272  21.203 0.0000000000
90080  -51.400  25.379  19.335 0.0000000000
105798  -50.298  25.637  20.855 0.0000000000
109689  -49.558  25.987  20.526 0.0000000000
90611  -48.725  26.140  20.894 0.0000000000
90610  -47.785  26.257  21.241 0.0000000000
90113  -49.273  25.628  15.725 0.0000000000
90694  -49.317  25.857  16.774 0.0000000000
90679  -48.924  26.275  17.689 0.0000000000
112526  -47.440  26.534  16.977 0.0000000000
90678  -47.902  26.591  17.872 0.0000000000
90663  -48.646  26.405  18.602 0.0000000000
84357  -49.040  15.598  35.746 0.0000000000
119838  -49.767  15.435  36.147 0.0000000000
84342  -52.533  15.193  37.161 0.0000000000
84343  -53.467  15.716  37.370 0.0000000000
84941  -52.965  16.712  37.529 0.0000000000
85519  -51.756  18.036  37.280 0.0000000000
85520  -53.272  18.588  37.522 0.0000000000
86089  -53.350  19.235  37.444 0.0000000000
86666  -53.449  19.831  37.355 0.0000000000
123504  -53.436  20.488  37.072 0.0000000000
97003  -36.600  39.940  22.575 0.0000000000
97429  -37.034  40.316  22.092 0.0000000000
97004  -37.391  39.511  22.084 0.0000000000
96558  -37.533  38.509  22.497 0.0000000000
95617  -39.730  36.405  21.560 0.0000000000
113408  -41.066  35.681  21.172 0.0000000000
95156  -41.804  35.660  20.847 0.0000000000
96083  -41.294  37.169  21.215 0.0000000000
95619  -41.557  36.457  21.094 0.0000000000
95157  -42.710  35.656  20.497 0.0000000000
95158  -43.434  35.220  20.176 0.0000000000
95165  -45.217  34.854  19.967 0.0000000000
97441  -40.795  40.757  20.393 0.0000000000
117274  -42.135  39.366  20.467 0.0000000000
96579  -42.537  38.552  20.624 0.0000000000
112832  -44.256  38.088  20.646 0.0000000000
110992  -45.188  36.549  20.488 0.0000000000
95166  -46.326  35.413  20.206 0.0000000000
94708  -47.295  35.046  19.968 0.0000000000
116250  -47.856  34.779  19.514 0.0000000000
94190  -48.421  35.004  19.250 0.0000000000
94199  -48.848  34.511  18.682 0.0000000000
94200  -49.656  34.236  18.161 0.0000000000
94214  -50.367  34.102  17.790 0.0000000000
116580  -51.200  33.711  16.923 0.0000000000
93715  -50.672  32.912  16.416 0.0000000000
118714  -50.005  32.004  15.685 0.0000000000
95185  -46.025  35.249  17.538 0.0000000000
94756  -46.956  34.211  17.023 0.0000000000
94231  -45.985  33.921  16.038 0.0000000000
94232  -46.625  33.493  16.146 0.0000000000
119389  -47.603  33.855  16.916 0.0000000000
92238  -48.545  29.499  13.202 0.0000000000
92245  -47.977  29.103  11.766 0.0000000000
92716  -47.510  30.369  12.627 0.0000000000
91768  -47.869  28.623  10.068 0.0000000000
91767  -47.544  28.634  10.117 0.0000000000
91251  -46.439  27.309  11.297 0.0000000000
92236  -45.604  29.641  12.534 0.0000000000
94798  -47.356  33.164  11.282 0.0000000000
94292  -47.077  32.335  10.140 0.0000000000
125451  -45.424  20.111  32.057 0.0000000000
87886  -44.078  21.828  32.304 0.0000000000
87310  -45.297  20.733  31.998 0.0000000000
114082  -45.884  20.263  32.218 0.0000000000
87311  -46.605  20.565  32.518 0.0000000000
87299  -47.774  20.388  33.513 0.0000000000
106921  -44.492  24.186  32.986 0.0000000000
88381  -45.674  23.623  33.225 0.0000000000
88875  -46.370  24.628  33.144 0.0000000000
107025  -46.296  24.205  33.374 0.0000000000
88382  -46.540  23.590  33.529 0.0000000000
87875  -47.552  21.718  32.861 0.0000000000
87862  -48.039  21.284  33.281 0.0000000000
87288  -48.952  20.355  34.559 0.0000000000
87289  -49.798  20.893  35.119 0.0000000000
118600  -50.878  21.416  35.897 0.0000000000
88367  -50.313  22.910  34.503 0.0000000000
126508  -51.355  22.244  35.782 0.0000000000
87841  -52.079  21.815  36.507 0.0000000000
87837  -52.758  21.125  37.233 0.0000000000
87838  -53.226  21.162  37.056 0.0000000000
87282  -53.348  20.963  36.518 0.0000000000
123376  -43.853  28.808  26.227 0.0000000000
93673  -46.445  32.597  19.202 0.0000000000
93138  -45.804  31.638  19.820 0.0000000000
116878  -45.823  30.812  20.335 0.0000000000
92660  -45.441  30.411  20.909 0.0000000000
92652  -45.307  30.235  21.750 0.0000000000
92641  -45.307  30.396  22.715 0.0000000000
91173  -50.036  28.125  20.033 0.0000000000
91707  -49.496  28.408  20.734 0.0000000000
91693  -49.006  28.577  21.551 0.0000000000
91679  -49.577  28.845  22.483 0.0000000000
91678  -48.656  28.951  22.415 0.0000000000
91692  -48.108  28.751  21.523 0.0000000000
92168  -47.040  29.429  22.393 0.0000000000
92156  -46.139  30.582  23.440 0.0000000000
92628  -46.165  31.324  24.337 0.0000000000
92612  -46.795  31.402  24.780 0.0000000000
92601  -46.411  31.181  25.294 0.0000000000
92137  -47.832  31.069  24.921 0.0000000000
92136  -47.003  30.670  25.353 0.0000000000
117427  -45.825  30.237  25.632 0.0000000000
91645  -45.507  28.692  25.828 0.0000000000
91122  -44.902  27.742  26.234 0.0000000000
111422  -45.349  26.896  26.413 0.0000000000
90527  -45.879  26.248  26.645 0.0000000000
89977  -46.467  25.773  26.988 0.0000000000
90529  -47.555  26.267  26.288 0.0000000000
89978  -47.338  25.793  26.805 0.0000000000
108174  -47.719  25.489  28.107 0.0000000000
89960  -48.430  25.577  28.819 0.0000000000
91125  -51.438  27.511  26.355 0.0000000000
90532  -51.124  27.395  27.440 0.0000000000
89971  -51.053  27.012  28.659 0.0000000000
90511  -50.991  26.901  28.965 0.0000000000
90510  -50.373  26.660  28.651 0.0000000000
89949  -49.828  26.406  30.160 0.0000000000
89932  -50.094  26.278  30.885 0.0000000000
89923  -49.738  25.835  31.361 0.0000000000
88892  -50.177  24.330  32.388 0.0000000000
88877  -51.103  23.808  32.865 0.0000000000
88859  -51.991  23.423  33.612 0.0000000000
88370  -52.619  22.706  34.930 0.0000000000
87290  -53.177  21.378  35.688 0.0000000000
86695  -50.877  19.460  34.247 0.0000000000
86694  -50.093  19.085  33.530 0.0000000000
86707  -49.523  19.208  32.887 0.0000000000
87908  -51.710  21.944  29.148 0.0000000000
87896  -50.186  21.455  30.450 0.0000000000
87906  -49.825  21.360  29.442 0.0000000000
125322  -49.416  20.618  31.540 0.0000000000
86140  -48.275  18.362  31.684 0.0000000000
85572  -47.746  17.911  31.159 0.0000000000
86144  -46.818  18.874  30.203 0.0000000000
113166  -46.693  18.112  30.307 0.0000000000
89479  -52.697  24.267  22.952 0.0000000000
111546  -50.705  24.401  23.478 0.0000000000
88986  -50.788  23.802  23.970 0.0000000000
110605  -50.855  23.226  24.414 0.0000000000
88464  -49.779  22.470  24.585 0.0000000000
116595  -49.454  21.960  25.070 0.0000000000
87952  -49.011  21.371  25.513 0.0000000000
89476  -47.759  24.799  23.743 0.0000000000
88964  -46.567  23.380  25.546 0.0000000000
88965  -47.519  23.110  25.365 0.0000000000
88966  -48.386  22.822  25.098 0.0000000000
88458  -48.084  22.064  25.559 0.0000000000
87946  -48.190  20.794  25.792 0.0000000000
87374  -48.234  20.384  26.306 0.0000000000
87373  -47.649  19.882  26.604 0.0000000000
86748  -47.235  19.470  26.969 0.0000000000
86737  -45.916  18.924  27.874 0.0000000000
86758  -46.157  19.463  26.941 0.0000000000
86161  -45.419  18.382  28.490 0.0000000000
85551  -50.176  17.161  34.004 0.0000000000
86087  -51.475  18.712  37.089 0.0000000000
86673  -53.419  19.550  36.751 0.0000000000
86693  -48.209  19.908  34.145 0.0000000000
86705  -47.114  20.010  33.100 0.0000000000
86738  -46.379  19.291  28.197 0.0000000000
87300  -48.487  20.788  33.893 0.0000000000
87309  -44.986  19.981  31.912 0.0000000000
87327  -44.661  21.352  32.112 0.0000000000
87336  -48.299  20.495  30.318 0.0000000000
87842  -52.769  21.762  36.559 0.0000000000
87843  -53.193  21.688  36.191 0.0000000000
87850  -53.055  22.122  35.274 0.0000000000
87887  -49.708  20.957  31.109 0.0000000000
87898  -51.757  22.116  30.084 0.0000000000
88400  -47.100  22.582  33.137 0.0000000000
88401  -52.423  22.918  33.057 0.0000000000
88438  -51.413  21.973  26.864 0.0000000000
88465  -50.531  22.633  24.668 0.0000000000
88847  -52.074  23.187  34.547 0.0000000000
88873  -44.412  24.130  33.048 0.0000000000
88874  -45.342  24.154  32.949 0.0000000000
88963  -45.611  23.631  25.789 0.0000000000
88970  -55.127  23.604  25.120 0.0000000000
88971  -55.268  23.716  24.461 0.0000000000
88981  -54.873  23.400  24.678 0.0000000000
88982  -55.060  23.417  24.429 0.0000000000
88985  -50.047  24.016  23.752 0.0000000000
88990  -55.121  23.546  23.827 0.0000000000
89361  -47.445  24.674  33.448 0.0000000000
89367  -46.877  25.130  33.070 0.0000000000
89407  -40.357  24.685  29.780 0.0000000000
89438  -54.237  24.037  26.078 0.0000000000
89471  -55.352  24.212  24.360 0.0000000000
89482  -55.349  24.117  23.193 0.0000000000
89495  -54.799  24.114  20.878 0.0000000000
89502  -55.030  24.396  20.473 0.0000000000
89526  -54.305  24.628  15.274 0.0000000000
89537  -52.982  23.943  13.588 0.0000000000
89538  -53.685  24.381  14.299 0.0000000000
89562  -50.373  23.644  11.236 0.0000000000
89563  -51.538  24.103  12.408 0.0000000000
89567  -49.006  24.143  10.701 0.0000000000
89571  -48.426  24.667  10.281 0.0000000000
89967  -46.264  25.503  27.549 0.0000000000
89968  -47.065  25.528  27.438 0.0000000000
89979  -48.091  25.945  26.679 0.0000000000
89997  -54.103  24.833  25.576 0.0000000000
90036  -55.407  24.485  23.883 0.0000000000
90048  -55.487  24.816  22.387 0.0000000000
90071  -55.073  24.673  20.000 0.0000000000
90081  -52.713  25.096  18.797 0.0000000000
90129  -54.548  24.851  15.349 0.0000000000
90144  -53.734  24.685  14.194 0.0000000000
90168  -50.840  24.063  11.321 0.0000000000
90174  -47.814  24.745  10.162 0.0000000000
90176  -49.937  24.548  10.884 0.0000000000
90593  -54.172  25.969  22.101 0.0000000000
90666  -54.273  25.768  18.311 0.0000000000
90696  -54.110  25.814  16.221 0.0000000000
90697  -54.582  25.134  16.595 0.0000000000
90715  -54.675  25.073  15.743 0.0000000000
90728  -50.315  26.717  14.077 0.0000000000
90730  -52.574  25.859  14.135 0.0000000000
90732  -54.355  24.968  14.932 0.0000000000
90755  -47.097  25.775  10.303 0.0000000000
91148  -52.097  29.288  24.646 0.0000000000
91149  -52.330  28.989  24.576 0.0000000000
91236  -49.323  28.037  14.160 0.0000000000
91257  -47.645  26.747  9.723 0.0000000000
91264  -47.786  27.833  9.774 0.0000000000
91266  -48.243  27.288  9.675 0.0000000000
91681  -51.999  29.917  22.799 0.0000000000
91697  -52.279  28.349  21.670 0.0000000000
91744  -50.813  28.714  15.536 0.0000000000
91762  -47.697  29.074  10.348 0.0000000000
92158  -48.236  30.852  23.824 0.0000000000
92179  -46.603  29.408  21.574 0.0000000000
92611  -45.911  31.447  25.050 0.0000000000
92629  -47.117  31.260  24.115 0.0000000000
92661  -46.150  30.205  20.528 0.0000000000
92674  -46.955  31.126  18.923 0.0000000000
92681  -48.528  31.449  18.130 0.0000000000
92692  -51.318  31.642  16.269 0.0000000000
92701  -50.554  30.735  15.406 0.0000000000
92708  -47.160  30.944  13.121 0.0000000000
92722  -47.262  30.702  10.796 0.0000000000
93154  -49.185  32.333  17.949 0.0000000000
93155  -50.668  32.795  17.746 0.0000000000
93157  -51.450  32.766  16.964 0.0000000000
93165  -51.335  32.122  16.597 0.0000000000
93175  -49.346  31.032  15.227 0.0000000000
93176  -51.018  32.179  15.927 0.0000000000
93177  -51.248  32.171  16.357 0.0000000000
93202  -47.170  31.256  10.782 0.0000000000
93688  -49.133  33.186  18.262 0.0000000000
93690  -50.763  33.885  17.764 0.0000000000
93700  -47.588  33.256  16.392 0.0000000000
93703  -51.348  33.560  17.011 0.0000000000
94188  -46.661  34.066  19.552 0.0000000000
94215  -51.043  33.973  17.210 0.0000000000
94233  -48.809  33.991  17.240 0.0000000000
94234  -50.195  34.193  17.348 0.0000000000
94694  -43.181  34.204  20.035 0.0000000000
95161  -47.846  37.075  20.419 0.0000000000
95176  -48.708  36.749  19.933 0.0000000000
95626  -47.427  37.676  20.358 0.0000000000
95627  -48.203  37.538  20.249 0.0000000000
95637  -48.493  37.441  19.959 0.0000000000
95638  -48.724  37.214  20.061 0.0000000000
96093  -45.702  38.455  20.463 0.0000000000
96096  -48.456  37.389  20.166 0.0000000000
96104  -46.165  38.704  19.957 0.0000000000
96105  -46.709  37.944  20.223 0.0000000000
96587  -45.879  39.391  20.013 0.0000000000
97024  -45.402  40.332  19.804 0.0000000000
97435  -37.668  40.330  21.616 0.0000000000
97446  -45.491  40.462  20.065 0.0000000000
97853  -38.132  41.862  21.207 0.0000000000
105648  -46.887  20.164  26.444 0.0000000000
108913  -46.891  19.342  33.512 0.0000000000
109216  -49.122  19.469  35.414 0.0000000000
111638  -37.874  41.086  21.311 0.0000000000
111678  -46.619  26.512  16.969 0.0000000000
112986  -50.582  29.041  22.660 0.0000000000
113128  -48.635  28.721  19.166 0.0000000000
113316  -54.325  24.144  21.332 0.0000000000
113368  -44.528  39.772  20.428 0.0000000000
114179  -51.174  30.455  15.729 0.0000000000
115329  -48.572  28.372  12.020 0.0000000000
116307  -50.401  29.275  15.195 0.0000000000
116526  -45.773  33.942  14.586 0.0000000000
117805  -44.334  35.676  20.211 0.0000000000
118333  -49.610  23.598  10.997 0.0000000000
118378  -50.377  23.486  11.873 0.0000000000
120356  -48.666  26.121  16.217 0.0000000000
120669  -53.647  24.376  14.197 0.0000000000
121562  -48.044  27.895  9.723 0.0000000000
121845  -50.862  25.996  30.273 0.0000000000
122429  -47.219  26.700  18.404 0.0000000000
122631  -48.495  35.401  18.779 0.0000000000
123687  -46.844  34.805  17.491 0.0000000000
124220  -46.695  24.556  33.415 0.0000000000
124615  -54.424  25.004  17.139 0.0000000000
124702  -44.539  31.309  24.692 0.0000000000
125702  -54.577  24.939  16.472 0.0000000000
125812  -48.021  25.031  23.335 0.0000000000
125971  -43.017  36.381  20.510 0.0000000000
127048  -46.447  25.362  23.713 0.0000000000
