#!ascii label  , from subject freesurfer vox2ras=TkReg
1633
46803  -38.611  -29.740  58.892 0.0000000000
61879  -53.414  -12.280  42.629 0.0000000000
60004  -39.826  -14.980  49.979 0.0000000000
38637  -10.743  -38.759  51.108 0.0000000000
125420  -26.556  -40.119  57.357 0.0000000000
46834  -7.327  -29.969  56.305 0.0000000000
44928  -10.457  -31.460  58.662 0.0000000000
58260  -47.372  -16.126  46.887 0.0000000000
50389  -6.855  -25.029  49.056 0.0000000000
39488  -10.131  -38.156  61.135 0.0000000000
48632  -36.665  -27.793  52.289 0.0000000000
43128  -34.295  -32.219  57.413 0.0000000000
43090  -32.027  -33.108  60.922 0.0000000000
64553  -56.084  -9.851  40.176 0.0000000000
59119  -44.382  -16.113  48.634 0.0000000000
37702  -22.625  -40.169  53.979 0.0000000000
52929  -9.048  -22.574  55.211 0.0000000000
113232  -7.307  -34.659  53.100 0.0000000000
44090  -5.632  -32.674  51.037 0.0000000000
39636  -7.631  -38.033  48.538 0.0000000000
40451  -18.321  -36.268  63.213 0.0000000000
41371  -15.873  -35.389  60.379 0.0000000000
56420  -38.558  -18.827  52.497 0.0000000000
42186  -29.861  -34.897  63.149 0.0000000000
40538  -27.544  -36.931  55.045 0.0000000000
43973  -7.056  -31.848  58.536 0.0000000000
42287  -11.112  -34.109  53.144 0.0000000000
60088  -49.738  -14.829  44.987 0.0000000000
122736  -19.190  -39.780  61.599 0.0000000000
36760  -20.342  -41.127  57.731 0.0000000000
47727  -9.062  -28.199  52.713 0.0000000000
46019  -5.916  -30.369  48.620 0.0000000000
106773  -15.102  -31.381  56.676 0.0000000000
125056  -15.204  -35.799  55.404 0.0000000000
38596  -10.817  -38.955  55.930 0.0000000000
117764  -39.464  -27.168  58.764 0.0000000000
116223  -37.897  -29.724  56.985 0.0000000000
47685  -38.831  -28.754  56.105 0.0000000000
44935  -36.092  -31.037  58.580 0.0000000000
44982  -34.942  -31.366  55.961 0.0000000000
114601  -34.884  -32.361  60.374 0.0000000000
119800  -54.240  -11.825  41.366 0.0000000000
60114  -50.647  -15.078  40.148 0.0000000000
61011  -52.627  -13.712  39.288 0.0000000000
62766  -53.835  -12.035  38.761 0.0000000000
59094  -42.024  -15.288  48.949 0.0000000000
125481  -37.584  -18.741  48.630 0.0000000000
57321  -38.886  -17.258  47.062 0.0000000000
58263  -40.978  -16.391  46.380 0.0000000000
40562  -9.794  -36.302  50.878 0.0000000000
41472  -7.582  -35.916  50.683 0.0000000000
39621  -9.336  -37.758  49.558 0.0000000000
36890  -8.000  -40.446  48.289 0.0000000000
36023  -9.036  -41.044  50.395 0.0000000000
37606  -16.868  -39.196  63.076 0.0000000000
39451  -14.390  -37.350  64.448 0.0000000000
55568  -39.157  -20.430  53.529 0.0000000000
51210  -37.055  -24.109  54.958 0.0000000000
110656  -35.442  -26.093  51.795 0.0000000000
110394  -37.891  -21.936  53.276 0.0000000000
120494  -38.324  -21.174  51.821 0.0000000000
42174  -32.241  -34.533  65.790 0.0000000000
44004  -29.294  -32.215  57.195 0.0000000000
119278  -28.538  -33.794  58.754 0.0000000000
66302  -54.811  -7.566  37.277 0.0000000000
68045  -55.571  -5.618  36.471 0.0000000000
44941  -8.387  -31.777  58.320 0.0000000000
44038  -8.362  -32.302  56.118 0.0000000000
44040  -11.494  -31.918  55.429 0.0000000000
59154  -48.710  -16.553  46.024 0.0000000000
57344  -44.877  -17.748  44.663 0.0000000000
55627  -46.471  -18.871  43.559 0.0000000000
57358  -48.488  -17.973  42.240 0.0000000000
40475  -19.996  -36.799  59.219 0.0000000000
38562  -20.561  -38.581  59.137 0.0000000000
48574  -9.297  -27.912  57.154 0.0000000000
49472  -10.378  -26.767  55.393 0.0000000000
46851  -8.439  -29.397  54.783 0.0000000000
42330  -5.754  -34.248  48.922 0.0000000000
107005  -5.441  -30.604  49.436 0.0000000000
43247  -6.913  -32.953  48.139 0.0000000000
110209  -16.876  -31.401  57.203 0.0000000000
39491  -13.214  -37.229  61.034 0.0000000000
40484  -15.269  -36.506  58.593 0.0000000000
39504  -12.457  -37.479  58.521 0.0000000000
40515  -12.974  -37.343  55.802 0.0000000000
38567  -10.475  -38.559  58.653 0.0000000000
50330  -38.275  -26.183  55.903 0.0000000000
43066  -34.027  -33.755  63.649 0.0000000000
43082  -34.658  -32.862  61.722 0.0000000000
43967  -33.263  -32.551  59.405 0.0000000000
65410  -57.474  -8.663  39.884 0.0000000000
64573  -54.248  -9.417  38.171 0.0000000000
58249  -45.579  -15.908  47.635 0.0000000000
58284  -42.846  -16.659  45.312 0.0000000000
123825  -25.596  -39.792  54.203 0.0000000000
120659  -24.636  -40.584  55.481 0.0000000000
51224  -8.609  -24.204  51.881 0.0000000000
44059  -5.570  -32.864  55.080 0.0000000000
45004  -6.365  -31.217  53.894 0.0000000000
123656  -6.031  -34.541  52.361 0.0000000000
41470  -5.973  -35.439  49.946 0.0000000000
40602  -6.268  -36.553  47.685 0.0000000000
43085  -17.954  -33.362  60.003 0.0000000000
112411  -16.958  -32.881  59.320 0.0000000000
41360  -16.367  -35.499  61.966 0.0000000000
40449  -13.751  -37.090  63.361 0.0000000000
58224  -38.504  -16.859  50.674 0.0000000000
54765  -37.604  -20.623  49.907 0.0000000000
39496  -28.358  -37.590  60.035 0.0000000000
42205  -30.298  -34.111  61.971 0.0000000000
120141  -27.971  -35.726  59.671 0.0000000000
38586  -27.687  -38.344  56.726 0.0000000000
121730  -7.792  -27.960  58.635 0.0000000000
47631  -6.734  -29.390  60.320 0.0000000000
45948  -6.222  -31.059  57.976 0.0000000000
43149  -7.005  -33.117  55.738 0.0000000000
42285  -9.130  -34.170  53.409 0.0000000000
118874  -11.490  -36.884  51.734 0.0000000000
60998  -51.592  -13.233  43.399 0.0000000000
59184  -49.487  -16.098  41.413 0.0000000000
41373  -19.680  -34.949  60.116 0.0000000000
39474  -19.416  -37.784  62.637 0.0000000000
36701  -17.062  -39.682  61.407 0.0000000000
35952  -23.625  -41.446  56.704 0.0000000000
35145  -22.890  -42.216  59.040 0.0000000000
36749  -22.305  -40.459  58.997 0.0000000000
35905  -20.178  -41.258  60.364 0.0000000000
36747  -18.007  -40.264  59.294 0.0000000000
52034  -10.583  -23.751  55.985 0.0000000000
51215  -10.108  -24.884  53.484 0.0000000000
48647  -8.095  -26.780  50.639 0.0000000000
46866  -6.861  -29.895  52.118 0.0000000000
47732  -6.360  -28.576  50.655 0.0000000000
48652  -5.845  -27.890  48.829 0.0000000000
44931  -13.107  -31.103  57.780 0.0000000000
42236  -16.767  -34.114  57.619 0.0000000000
43156  -15.487  -33.397  55.607 0.0000000000
44041  -13.152  -32.478  55.464 0.0000000000
42289  -13.608  -34.584  53.807 0.0000000000
39574  -12.202  -36.920  53.598 0.0000000000
37715  -10.973  -38.892  53.092 0.0000000000
37634  -7.710  -39.320  60.338 0.0000000000
37662  -7.644  -40.140  57.781 0.0000000000
36848  -8.661  -40.639  53.033 0.0000000000
113773  -39.270  -28.958  58.721 0.0000000000
47641  -39.373  -28.319  60.768 0.0000000000
45954  -38.089  -29.791  57.941 0.0000000000
46817  -38.725  -29.394  57.658 0.0000000000
45935  -37.976  -30.216  59.200 0.0000000000
45953  -37.362  -30.184  57.464 0.0000000000
45924  -38.230  -29.976  60.586 0.0000000000
119433  -37.493  -30.756  59.907 0.0000000000
61884  -54.020  -12.076  42.149 0.0000000000
61877  -51.929  -13.024  41.697 0.0000000000
60115  -51.381  -14.503  39.921 0.0000000000
126481  -53.110  -12.494  41.102 0.0000000000
61887  -53.604  -12.467  40.065 0.0000000000
59093  -41.121  -15.242  49.070 0.0000000000
60894  -41.972  -13.933  50.820 0.0000000000
60893  -40.965  -13.847  50.958 0.0000000000
57316  -38.527  -17.312  47.908 0.0000000000
59115  -39.740  -16.159  48.399 0.0000000000
58244  -40.627  -16.036  47.821 0.0000000000
39608  -10.772  -37.449  50.941 0.0000000000
40576  -9.419  -36.752  50.392 0.0000000000
113047  -10.325  -38.844  50.340 0.0000000000
37766  -9.676  -39.761  49.643 0.0000000000
37767  -10.270  -39.555  50.567 0.0000000000
37626  -15.518  -39.049  61.764 0.0000000000
37615  -14.744  -38.620  62.493 0.0000000000
52943  -38.129  -22.504  54.948 0.0000000000
52054  -36.648  -23.728  54.202 0.0000000000
52944  -38.593  -21.739  54.446 0.0000000000
53866  -38.696  -21.055  53.389 0.0000000000
67181  -56.707  -6.763  38.449 0.0000000000
67193  -55.600  -6.641  37.358 0.0000000000
68860  -57.152  -5.056  37.123 0.0000000000
44927  -9.166  -31.580  58.908 0.0000000000
44958  -10.040  -31.586  56.903 0.0000000000
44959  -11.459  -31.565  57.028 0.0000000000
58271  -48.142  -16.538  46.526 0.0000000000
59137  -49.639  -15.650  47.622 0.0000000000
57336  -46.110  -16.818  45.255 0.0000000000
56464  -45.368  -18.076  44.372 0.0000000000
57337  -46.908  -16.807  45.290 0.0000000000
58285  -47.655  -16.950  45.096 0.0000000000
39517  -21.064  -37.174  57.555 0.0000000000
123402  -21.837  -38.098  57.620 0.0000000000
109833  -27.382  -39.450  59.235 0.0000000000
36762  -26.302  -40.504  57.775 0.0000000000
51249  -7.808  -24.372  50.055 0.0000000000
47661  -8.242  -28.803  57.350 0.0000000000
47690  -9.273  -28.510  56.039 0.0000000000
46850  -7.696  -30.007  55.421 0.0000000000
41487  -6.382  -35.206  47.938 0.0000000000
43246  -6.316  -33.074  48.394 0.0000000000
42340  -7.673  -34.686  47.462 0.0000000000
46824  -16.765  -29.731  56.166 0.0000000000
44964  -17.253  -31.046  56.871 0.0000000000
106744  -11.571  -37.613  60.778 0.0000000000
40462  -13.023  -37.053  59.828 0.0000000000
39498  -11.590  -37.722  59.800 0.0000000000
119913  -11.775  -37.894  58.858 0.0000000000
38553  -10.360  -38.320  60.319 0.0000000000
49459  -39.166  -26.359  57.117 0.0000000000
48602  -38.140  -27.707  55.413 0.0000000000
108309  -38.763  -25.962  56.531 0.0000000000
51198  -38.394  -24.479  56.659 0.0000000000
43985  -34.514  -32.133  58.400 0.0000000000
126420  -34.141  -32.497  59.313 0.0000000000
44008  -33.713  -32.441  58.012 0.0000000000
44006  -31.923  -32.460  57.449 0.0000000000
64566  -56.908  -9.338  39.867 0.0000000000
120117  -54.911  -10.649  39.367 0.0000000000
63695  -53.473  -10.760  37.984 0.0000000000
64564  -55.123  -10.026  39.218 0.0000000000
64575  -55.418  -9.305  39.069 0.0000000000
58248  -44.956  -16.130  47.940 0.0000000000
59077  -46.051  -15.576  49.783 0.0000000000
59075  -44.784  -15.659  50.232 0.0000000000
58256  -42.900  -16.027  46.755 0.0000000000
58275  -42.063  -16.592  45.631 0.0000000000
58266  -43.669  -16.404  46.487 0.0000000000
113080  -44.379  -16.558  46.308 0.0000000000
105573  -8.127  -22.377  55.035 0.0000000000
52058  -7.803  -23.316  53.383 0.0000000000
52059  -8.713  -23.594  53.609 0.0000000000
42282  -6.329  -34.082  53.910 0.0000000000
43187  -5.736  -33.644  53.612 0.0000000000
42295  -6.635  -34.532  52.865 0.0000000000
40585  -7.646  -36.654  49.519 0.0000000000
41471  -6.715  -35.752  50.403 0.0000000000
107734  -7.066  -36.717  49.073 0.0000000000
40584  -6.335  -36.343  48.900 0.0000000000
39618  -6.505  -36.962  48.339 0.0000000000
38660  -6.842  -38.357  47.825 0.0000000000
41361  -18.135  -35.090  61.922 0.0000000000
42200  -17.108  -34.508  61.348 0.0000000000
41353  -17.010  -35.642  62.828 0.0000000000
38522  -13.890  -38.004  64.742 0.0000000000
40439  -14.314  -36.765  63.992 0.0000000000
40426  -13.180  -37.145  64.140 0.0000000000
39472  -12.433  -37.441  63.077 0.0000000000
58218  -38.424  -16.786  51.476 0.0000000000
106292  -38.619  -20.686  52.156 0.0000000000
53891  -38.128  -21.045  51.072 0.0000000000
56426  -38.289  -18.987  51.515 0.0000000000
122872  -38.026  -18.700  50.719 0.0000000000
41344  -29.191  -35.656  64.387 0.0000000000
40455  -28.388  -36.935  62.392 0.0000000000
41364  -28.527  -36.235  61.871 0.0000000000
111909  -32.575  -33.481  61.960 0.0000000000
42198  -32.524  -33.945  63.320 0.0000000000
43078  -31.062  -33.534  61.463 0.0000000000
42251  -27.690  -35.099  56.983 0.0000000000
42229  -28.186  -34.673  59.110 0.0000000000
40505  -27.612  -36.691  57.545 0.0000000000
40506  -27.775  -37.245  58.419 0.0000000000
39550  -27.678  -37.686  56.210 0.0000000000
37704  -27.067  -39.386  54.225 0.0000000000
44915  -6.120  -31.107  59.918 0.0000000000
45925  -5.974  -31.037  59.712 0.0000000000
46792  -6.290  -30.470  59.216 0.0000000000
125027  -6.222  -31.201  58.501 0.0000000000
44013  -6.531  -32.269  57.265 0.0000000000
44014  -6.982  -32.359  57.516 0.0000000000
124408  -9.796  -33.089  54.384 0.0000000000
43174  -9.175  -33.214  54.560 0.0000000000
42286  -10.033  -33.951  53.179 0.0000000000
41443  -10.142  -35.125  52.092 0.0000000000
41445  -11.813  -35.723  52.414 0.0000000000
60098  -50.410  -14.113  43.924 0.0000000000
114447  -52.096  -13.591  45.431 0.0000000000
60080  -51.136  -14.243  45.786 0.0000000000
59166  -48.951  -16.360  44.195 0.0000000000
58293  -48.872  -17.430  41.557 0.0000000000
59171  -49.324  -15.680  42.464 0.0000000000
60104  -50.315  -14.235  42.532 0.0000000000
42216  -20.108  -34.306  59.001 0.0000000000
38554  -19.578  -38.725  61.245 0.0000000000
39485  -19.445  -37.727  61.694 0.0000000000
38547  -19.370  -39.208  62.011 0.0000000000
37618  -18.197  -39.731  62.719 0.0000000000
126796  -18.095  -39.914  61.516 0.0000000000
36814  -23.109  -40.541  54.591 0.0000000000
35966  -24.055  -40.926  55.893 0.0000000000
36795  -22.805  -40.719  55.347 0.0000000000
36771  -20.779  -40.613  56.909 0.0000000000
35950  -21.930  -41.446  57.034 0.0000000000
35926  -21.699  -42.119  58.717 0.0000000000
35914  -22.476  -41.983  59.298 0.0000000000
35913  -21.604  -41.715  59.300 0.0000000000
35906  -20.892  -41.246  60.253 0.0000000000
35935  -20.174  -41.335  58.621 0.0000000000
108820  -17.664  -40.052  58.538 0.0000000000
124514  -10.496  -24.638  56.966 0.0000000000
48616  -10.100  -27.956  54.330 0.0000000000
49481  -10.476  -26.589  54.535 0.0000000000
49500  -10.079  -26.639  52.740 0.0000000000
50350  -9.753  -25.764  52.056 0.0000000000
48637  -9.218  -27.230  51.763 0.0000000000
45014  -5.884  -31.731  52.391 0.0000000000
45997  -6.627  -30.529  52.980 0.0000000000
45026  -6.125  -30.932  51.566 0.0000000000
117312  -5.377  -30.512  48.982 0.0000000000
46006  -5.587  -30.005  50.002 0.0000000000
46887  -5.351  -29.320  49.003 0.0000000000
47738  -5.857  -28.151  49.895 0.0000000000
47748  -5.559  -28.673  48.918 0.0000000000
47749  -6.024  -28.640  48.549 0.0000000000
44946  -13.604  -31.283  57.217 0.0000000000
41372  -16.164  -34.486  60.112 0.0000000000
43108  -16.968  -33.033  58.237 0.0000000000
117276  -16.360  -34.421  59.249 0.0000000000
40518  -15.523  -36.194  56.927 0.0000000000
41404  -16.270  -35.146  56.577 0.0000000000
42259  -15.853  -34.767  55.475 0.0000000000
43155  -14.649  -33.368  55.257 0.0000000000
43179  -14.446  -33.965  54.670 0.0000000000
43178  -13.721  -33.866  54.221 0.0000000000
40537  -14.209  -35.951  54.702 0.0000000000
39533  -12.035  -38.185  56.814 0.0000000000
121935  -12.303  -37.226  55.135 0.0000000000
123494  -11.449  -38.245  54.795 0.0000000000
39561  -11.835  -37.711  53.946 0.0000000000
38605  -10.777  -38.870  54.773 0.0000000000
36723  -6.578  -40.324  59.659 0.0000000000
37645  -7.796  -39.728  59.433 0.0000000000
49449  -39.346  -26.451  58.048 0.0000000000
126063  -36.801  -30.554  55.132 0.0000000000
45988  -38.103  -29.840  54.679 0.0000000000
46831  -38.604  -29.264  56.800 0.0000000000
48573  -39.378  -28.203  57.279 0.0000000000
126479  -34.567  -32.037  57.807 0.0000000000
44969  -35.135  -31.351  56.801 0.0000000000
126793  -36.601  -30.691  56.036 0.0000000000
44934  -35.174  -31.437  58.978 0.0000000000
63673  -55.667  -10.730  41.501 0.0000000000
60132  -50.946  -14.445  38.883 0.0000000000
61031  -52.144  -13.702  38.085 0.0000000000
61901  -52.550  -12.211  37.741 0.0000000000
61894  -53.340  -12.733  38.682 0.0000000000
61891  -54.033  -12.003  39.576 0.0000000000
59095  -42.906  -15.500  49.064 0.0000000000
59993  -44.174  -15.321  50.928 0.0000000000
59992  -43.437  -14.849  50.588 0.0000000000
60881  -43.177  -13.900  51.890 0.0000000000
110976  -37.258  -20.648  48.461 0.0000000000
55604  -37.421  -20.106  47.828 0.0000000000
56453  -37.984  -18.578  46.950 0.0000000000
56455  -38.406  -18.494  45.914 0.0000000000
56456  -39.083  -18.103  45.210 0.0000000000
58253  -39.892  -16.654  46.805 0.0000000000
58245  -41.418  -15.947  47.315 0.0000000000
41441  -8.175  -35.209  52.232 0.0000000000
41440  -7.304  -35.140  52.327 0.0000000000
40561  -8.910  -36.242  50.949 0.0000000000
39605  -8.919  -37.052  49.789 0.0000000000
39620  -8.460  -37.607  49.112 0.0000000000
38661  -7.858  -38.741  48.309 0.0000000000
38662  -8.735  -38.984  48.649 0.0000000000
36879  -8.597  -40.905  48.823 0.0000000000
38526  -17.158  -38.198  64.220 0.0000000000
40431  -16.637  -36.818  64.541 0.0000000000
110913  -15.974  -38.148  64.112 0.0000000000
55567  -38.933  -19.691  53.006 0.0000000000
49496  -36.394  -26.322  53.610 0.0000000000
49516  -36.221  -27.575  52.036 0.0000000000
50346  -36.157  -25.468  53.768 0.0000000000
52063  -35.840  -24.099  52.932 0.0000000000
52960  -36.283  -23.307  52.566 0.0000000000
52961  -37.897  -21.757  52.518 0.0000000000
54743  -38.653  -20.917  52.873 0.0000000000
42181  -30.807  -34.787  64.478 0.0000000000
43114  -30.907  -32.998  58.947 0.0000000000
43099  -30.553  -33.271  59.662 0.0000000000
43111  -28.583  -33.276  58.145 0.0000000000
43139  -27.814  -34.234  56.297 0.0000000000
66314  -54.325  -7.315  36.785 0.0000000000
67223  -54.136  -6.229  35.883 0.0000000000
68062  -54.479  -5.553  35.489 0.0000000000
68892  -54.892  -4.777  35.041 0.0000000000
43974  -7.425  -31.853  58.478 0.0000000000
106195  -7.405  -32.276  57.561 0.0000000000
44015  -8.977  -31.731  56.341 0.0000000000
44039  -10.361  -32.121  55.119 0.0000000000
121999  -11.112  -32.877  54.149 0.0000000000
59155  -49.430  -15.817  45.466 0.0000000000
59147  -50.064  -15.536  46.872 0.0000000000
54816  -44.888  -20.602  42.941 0.0000000000
54834  -46.363  -20.345  42.599 0.0000000000
55643  -47.195  -19.742  42.030 0.0000000000
56475  -47.262  -18.606  43.346 0.0000000000
58286  -48.379  -16.816  44.718 0.0000000000
126994  -20.321  -35.644  58.055 0.0000000000
107754  -20.491  -36.270  57.811 0.0000000000
39500  -20.353  -37.558  58.920 0.0000000000
110124  -20.046  -39.661  60.829 0.0000000000
37672  -20.185  -39.892  56.408 0.0000000000
127034  -19.653  -40.982  58.036 0.0000000000
49451  -10.134  -26.216  57.926 0.0000000000
114894  -10.379  -26.253  57.023 0.0000000000
48575  -9.909  -27.522  56.556 0.0000000000
48604  -9.782  -28.185  55.318 0.0000000000
47714  -8.854  -28.719  53.193 0.0000000000
43236  -5.544  -33.191  49.197 0.0000000000
110296  -5.601  -31.821  50.380 0.0000000000
44109  -5.381  -32.121  49.036 0.0000000000
118006  -5.641  -31.798  48.708 0.0000000000
45058  -6.342  -31.395  48.459 0.0000000000
47677  -15.799  -28.092  56.441 0.0000000000
46823  -15.410  -29.010  56.616 0.0000000000
44963  -15.969  -31.258  56.753 0.0000000000
40464  -14.713  -36.563  60.681 0.0000000000
119192  -15.529  -36.262  59.089 0.0000000000
40472  -14.742  -36.574  59.496 0.0000000000
40483  -14.468  -36.719  58.415 0.0000000000
40498  -13.800  -36.841  57.140 0.0000000000
40516  -13.783  -36.905  56.214 0.0000000000
39516  -12.589  -37.589  57.789 0.0000000000
39515  -12.158  -38.130  57.879 0.0000000000
38575  -10.746  -38.635  57.971 0.0000000000
126575  -37.144  -28.152  52.571 0.0000000000
47712  -38.360  -29.059  54.449 0.0000000000
47711  -37.547  -28.289  54.056 0.0000000000
49486  -37.149  -26.875  54.557 0.0000000000
50337  -37.046  -25.132  55.156 0.0000000000
52933  -38.401  -22.862  55.782 0.0000000000
107050  -33.488  -32.928  61.197 0.0000000000
43961  -34.795  -32.630  61.050 0.0000000000
43092  -33.505  -32.719  60.583 0.0000000000
43101  -32.833  -32.669  60.173 0.0000000000
108968  -31.170  -32.710  58.099 0.0000000000
63694  -53.004  -10.127  37.420 0.0000000000
65431  -54.493  -8.635  37.870 0.0000000000
65421  -56.318  -8.247  38.891 0.0000000000
59134  -46.063  -15.813  47.317 0.0000000000
59122  -46.889  -15.558  48.406 0.0000000000
59099  -46.313  -15.563  49.109 0.0000000000
57339  -39.841  -17.649  44.692 0.0000000000
57343  -43.519  -17.052  44.861 0.0000000000
58277  -44.797  -16.726  45.790 0.0000000000
36798  -25.877  -39.953  55.287 0.0000000000
105625  -25.859  -40.173  56.007 0.0000000000
36817  -25.448  -40.006  54.767 0.0000000000
36836  -23.783  -40.153  53.839 0.0000000000
52079  -7.537  -23.544  51.428 0.0000000000
109182  -8.437  -24.984  50.416 0.0000000000
111169  -6.013  -31.691  55.756 0.0000000000
45982  -6.640  -31.230  54.981 0.0000000000
111301  -5.829  -31.757  54.762 0.0000000000
44073  -5.619  -32.728  53.130 0.0000000000
44082  -5.600  -33.224  52.097 0.0000000000
42307  -6.379  -35.046  51.978 0.0000000000
42306  -5.771  -34.637  51.679 0.0000000000
42317  -5.606  -34.429  50.733 0.0000000000
111711  -5.673  -34.984  49.430 0.0000000000
43976  -17.896  -32.197  58.579 0.0000000000
43095  -17.324  -32.930  59.547 0.0000000000
42206  -16.695  -34.063  60.457 0.0000000000
41366  -16.239  -35.125  61.011 0.0000000000
41345  -15.955  -36.168  63.526 0.0000000000
40458  -15.032  -36.228  62.588 0.0000000000
115978  -14.696  -36.624  61.641 0.0000000000
40456  -13.499  -37.256  61.939 0.0000000000
39483  -12.366  -37.461  62.279 0.0000000000
39480  -9.612  -37.639  61.933 0.0000000000
120834  -39.288  -15.277  50.588 0.0000000000
59975  -40.110  -14.108  51.200 0.0000000000
59974  -39.410  -14.489  51.555 0.0000000000
48648  -35.753  -27.412  50.576 0.0000000000
53909  -37.377  -21.472  48.745 0.0000000000
110527  -38.361  -17.379  50.165 0.0000000000
38558  -28.419  -38.054  60.190 0.0000000000
37652  -28.104  -38.594  58.821 0.0000000000
111910  -33.113  -34.404  64.805 0.0000000000
42188  -32.280  -34.355  64.134 0.0000000000
42195  -29.639  -34.791  62.346 0.0000000000
42219  -29.153  -33.919  59.984 0.0000000000
42204  -29.381  -34.599  61.532 0.0000000000
41365  -28.941  -35.400  61.804 0.0000000000
40477  -28.003  -36.937  59.731 0.0000000000
38573  -28.241  -38.067  58.501 0.0000000000
37666  -27.556  -38.837  57.098 0.0000000000
37703  -26.475  -39.654  55.001 0.0000000000
69738  -55.803  -3.840  34.095 0.0000000000
106133  -55.935  -3.624  33.249 0.0000000000
69757  -56.546  -3.310  32.877 0.0000000000
120397  -8.112  -27.865  58.267 0.0000000000
46807  -7.392  -29.449  57.454 0.0000000000
47643  -7.195  -28.495  59.711 0.0000000000
46806  -6.866  -29.736  57.888 0.0000000000
45959  -6.442  -30.708  57.191 0.0000000000
44956  -6.103  -31.817  56.890 0.0000000000
43148  -6.472  -32.871  55.908 0.0000000000
42270  -7.063  -34.115  54.293 0.0000000000
43150  -7.784  -32.781  55.796 0.0000000000
43188  -8.749  -33.835  54.142 0.0000000000
42284  -8.346  -34.359  53.606 0.0000000000
41442  -9.112  -35.091  52.060 0.0000000000
40563  -10.495  -36.266  51.222 0.0000000000
39595  -11.268  -37.501  51.628 0.0000000000
61873  -52.435  -12.634  43.572 0.0000000000
56509  -47.467  -18.391  41.229 0.0000000000
57381  -48.252  -17.704  41.039 0.0000000000
58325  -49.345  -16.896  40.321 0.0000000000
59185  -49.855  -15.703  40.962 0.0000000000
61002  -51.191  -13.500  42.315 0.0000000000
42208  -19.200  -34.359  60.320 0.0000000000
41362  -18.752  -35.276  61.623 0.0000000000
40474  -19.796  -35.862  59.694 0.0000000000
114150  -19.339  -36.967  62.270 0.0000000000
40444  -18.797  -36.962  63.549 0.0000000000
37627  -16.602  -39.296  62.071 0.0000000000
36761  -25.919  -40.726  57.347 0.0000000000
106562  -25.426  -41.120  57.738 0.0000000000
35928  -24.429  -41.671  58.292 0.0000000000
36773  -22.412  -40.990  56.185 0.0000000000
35158  -23.020  -42.555  57.970 0.0000000000
35916  -24.090  -41.400  58.876 0.0000000000
36734  -23.725  -41.155  59.130 0.0000000000
37658  -22.660  -39.571  58.604 0.0000000000
37665  -22.392  -38.749  58.190 0.0000000000
37647  -21.600  -40.297  59.415 0.0000000000
111963  -20.578  -40.615  60.731 0.0000000000
36716  -19.429  -40.703  60.612 0.0000000000
36748  -19.360  -40.930  58.757 0.0000000000
36731  -18.937  -40.637  59.552 0.0000000000
107968  -18.820  -40.409  60.320 0.0000000000
36729  -17.403  -40.103  59.842 0.0000000000
52930  -10.099  -22.941  55.611 0.0000000000
108914  -10.573  -25.170  55.736 0.0000000000
118385  -10.538  -24.835  55.069 0.0000000000
51204  -9.673  -24.082  53.894 0.0000000000
51226  -9.799  -24.918  52.663 0.0000000000
119354  -9.090  -25.155  51.168 0.0000000000
49521  -7.487  -26.216  49.959 0.0000000000
45992  -7.026  -30.606  54.144 0.0000000000
122357  -7.865  -29.478  53.278 0.0000000000
46867  -7.472  -29.364  52.451 0.0000000000
46007  -5.920  -30.173  50.900 0.0000000000
46871  -6.239  -29.771  51.177 0.0000000000
47733  -7.016  -28.226  51.298 0.0000000000
48635  -7.465  -27.565  50.953 0.0000000000
48646  -6.986  -27.063  50.212 0.0000000000
49531  -6.222  -26.512  49.064 0.0000000000
113173  -6.201  -27.016  48.574 0.0000000000
44947  -17.290  -31.844  57.696 0.0000000000
44022  -16.728  -32.340  57.225 0.0000000000
125625  -16.341  -32.610  56.617 0.0000000000
41393  -16.534  -34.858  57.215 0.0000000000
42247  -16.507  -34.268  56.650 0.0000000000
44020  -14.707  -32.021  56.377 0.0000000000
44019  -14.036  -32.034  56.145 0.0000000000
44961  -13.446  -31.559  56.671 0.0000000000
44960  -12.601  -31.538  56.967 0.0000000000
117838  -12.372  -31.957  55.670 0.0000000000
43177  -11.939  -32.992  54.320 0.0000000000
117800  -12.968  -34.744  53.298 0.0000000000
40536  -13.469  -36.056  54.255 0.0000000000
40545  -12.917  -35.862  53.700 0.0000000000
41446  -12.285  -35.816  52.828 0.0000000000
121693  -12.098  -36.880  52.952 0.0000000000
38627  -11.414  -37.838  52.350 0.0000000000
37733  -10.744  -39.217  52.316 0.0000000000
38546  -9.297  -38.145  61.503 0.0000000000
38550  -7.512  -38.947  61.347 0.0000000000
38551  -8.738  -38.768  60.798 0.0000000000
38559  -8.673  -39.253  59.745 0.0000000000
37655  -8.929  -39.543  58.106 0.0000000000
38583  -9.673  -39.394  57.065 0.0000000000
37668  -8.295  -40.092  56.623 0.0000000000
37682  -9.365  -39.875  55.656 0.0000000000
37714  -9.741  -39.566  54.000 0.0000000000
36831  -10.239  -39.605  53.071 0.0000000000
36850  -10.302  -39.923  52.053 0.0000000000
36011  -8.983  -40.985  51.317 0.0000000000
119193  -7.465  -42.121  50.674 0.0000000000
46791  -38.951  -29.502  59.267 0.0000000000
47650  -39.356  -28.700  59.700 0.0000000000
47640  -39.072  -29.164  60.378 0.0000000000
46804  -38.828  -29.511  58.417 0.0000000000
45944  -38.341  -29.819  58.655 0.0000000000
113713  -37.742  -30.144  58.415 0.0000000000
46790  -38.663  -29.694  59.852 0.0000000000
62756  -54.608  -11.846  42.897 0.0000000000
61880  -54.151  -12.026  43.253 0.0000000000
61878  -52.653  -12.551  42.111 0.0000000000
61005  -51.934  -13.240  40.887 0.0000000000
114319  -53.218  -12.364  41.695 0.0000000000
60005  -40.753  -14.705  49.741 0.0000000000
59990  -41.286  -14.272  50.262 0.0000000000
59989  -40.397  -14.380  50.475 0.0000000000
59092  -39.586  -15.737  49.301 0.0000000000
107367  -38.924  -16.493  48.990 0.0000000000
118360  -40.470  -15.661  48.646 0.0000000000
38645  -10.496  -38.109  50.491 0.0000000000
37625  -14.212  -39.162  61.579 0.0000000000
44942  -9.616  -31.661  58.076 0.0000000000
44943  -10.926  -31.476  57.833 0.0000000000
58270  -47.341  -16.622  46.180 0.0000000000
127185  -48.124  -16.030  47.135 0.0000000000
58269  -46.581  -16.433  46.139 0.0000000000
105523  -47.004  -16.669  45.779 0.0000000000
58280  -47.498  -16.823  45.711 0.0000000000
40502  -22.908  -36.824  57.065 0.0000000000
39518  -21.846  -37.612  57.278 0.0000000000
39519  -22.578  -37.565  57.349 0.0000000000
37661  -27.274  -39.424  58.380 0.0000000000
36752  -26.681  -40.347  58.868 0.0000000000
51266  -7.090  -24.294  49.307 0.0000000000
46821  -7.843  -29.455  56.764 0.0000000000
46835  -8.218  -29.446  55.846 0.0000000000
42339  -6.910  -34.510  47.735 0.0000000000
112392  -17.994  -31.509  56.936 0.0000000000
39489  -10.870  -37.977  60.470 0.0000000000
39497  -11.018  -38.069  59.653 0.0000000000
51190  -38.893  -25.237  57.059 0.0000000000
52032  -38.867  -24.237  57.272 0.0000000000
43129  -34.488  -32.107  57.923 0.0000000000
43115  -34.062  -32.436  58.155 0.0000000000
44031  -33.497  -32.328  57.132 0.0000000000
63688  -55.484  -10.317  39.719 0.0000000000
64565  -55.892  -9.602  39.572 0.0000000000
110141  -45.053  -15.968  48.765 0.0000000000
59097  -44.607  -15.875  49.402 0.0000000000
58246  -43.167  -15.933  47.525 0.0000000000
58247  -44.073  -16.215  47.790 0.0000000000
53830  -8.650  -21.975  55.617 0.0000000000
52939  -8.484  -22.851  54.581 0.0000000000
52048  -8.022  -23.146  54.058 0.0000000000
52049  -9.081  -23.371  54.234 0.0000000000
126183  -6.953  -34.428  53.609 0.0000000000
39619  -7.503  -37.186  48.894 0.0000000000
39635  -6.701  -37.686  48.166 0.0000000000
126768  -6.573  -37.862  47.583 0.0000000000
41354  -17.784  -35.654  62.668 0.0000000000
42193  -17.333  -35.081  62.064 0.0000000000
41347  -17.447  -36.067  63.456 0.0000000000
121965  -13.318  -37.329  64.432 0.0000000000
57292  -38.392  -17.873  52.007 0.0000000000
108566  -38.368  -16.976  52.356 0.0000000000
48641  -36.874  -27.968  52.035 0.0000000000
55580  -38.476  -20.100  51.423 0.0000000000
42180  -29.980  -34.997  64.040 0.0000000000
41350  -29.304  -35.602  63.426 0.0000000000
41357  -28.800  -36.284  62.897 0.0000000000
41358  -29.160  -35.552  62.572 0.0000000000
110292  -32.574  -33.271  61.475 0.0000000000
43079  -31.957  -33.483  61.758 0.0000000000
41418  -27.512  -35.954  56.094 0.0000000000
41397  -27.634  -35.831  57.515 0.0000000000
40522  -27.559  -36.526  56.685 0.0000000000
120548  -27.613  -37.179  56.916 0.0000000000
125450  -27.599  -37.296  55.604 0.0000000000
39563  -27.644  -37.875  55.075 0.0000000000
44925  -6.586  -31.488  58.913 0.0000000000
44924  -6.171  -31.164  59.292 0.0000000000
107767  -6.361  -31.368  58.705 0.0000000000
43972  -6.624  -31.727  58.370 0.0000000000
43993  -6.584  -32.039  57.880 0.0000000000
43994  -7.029  -32.111  58.082 0.0000000000
43190  -10.489  -33.250  53.750 0.0000000000
42299  -10.609  -34.667  52.675 0.0000000000
42300  -11.618  -34.886  52.672 0.0000000000
60089  -50.352  -14.294  44.607 0.0000000000
60976  -51.072  -14.046  45.059 0.0000000000
59162  -49.345  -15.544  44.593 0.0000000000
59167  -49.262  -15.516  43.570 0.0000000000
60097  -49.734  -14.654  44.031 0.0000000000
37637  -19.576  -39.623  61.393 0.0000000000
36703  -18.469  -39.855  61.770 0.0000000000
36796  -23.536  -40.738  55.203 0.0000000000
36813  -22.262  -40.256  54.769 0.0000000000
35949  -21.178  -41.329  57.471 0.0000000000
35936  -20.994  -41.637  58.338 0.0000000000
35925  -20.884  -41.676  59.156 0.0000000000
51183  -10.574  -24.523  57.719 0.0000000000
47715  -9.542  -28.239  53.543 0.0000000000
49490  -10.130  -27.433  53.484 0.0000000000
48626  -9.577  -27.529  52.556 0.0000000000
48625  -8.860  -27.884  51.991 0.0000000000
119088  -5.718  -32.401  51.989 0.0000000000
45025  -5.833  -31.712  51.300 0.0000000000
46018  -5.475  -30.040  48.919 0.0000000000
46888  -5.607  -29.418  48.802 0.0000000000
46889  -6.698  -29.699  48.657 0.0000000000
46020  -6.754  -30.652  48.539 0.0000000000
45960  -14.815  -30.710  56.870 0.0000000000
44962  -14.311  -31.375  56.799 0.0000000000
41381  -15.929  -35.406  59.331 0.0000000000
40528  -15.132  -36.235  55.910 0.0000000000
41415  -15.829  -35.576  55.910 0.0000000000
121124  -15.378  -35.145  55.121 0.0000000000
42273  -14.727  -34.751  54.683 0.0000000000
40527  -14.621  -36.153  55.301 0.0000000000
38585  -11.321  -38.586  56.650 0.0000000000
39548  -11.604  -38.331  55.802 0.0000000000
125594  -11.158  -38.588  55.291 0.0000000000
36721  -5.692  -40.917  60.309 0.0000000000
36722  -5.968  -40.658  60.241 0.0000000000
36739  -5.842  -40.845  59.654 0.0000000000
45978  -37.565  -30.113  55.503 0.0000000000
45979  -38.211  -29.589  55.628 0.0000000000
118079  -38.283  -29.458  56.528 0.0000000000
48559  -39.476  -28.163  58.188 0.0000000000
47670  -39.071  -28.859  57.055 0.0000000000
116772  -39.382  -27.289  57.650 0.0000000000
44952  -35.196  -31.343  58.019 0.0000000000
44009  -34.769  -31.737  57.443 0.0000000000
44953  -35.434  -31.216  57.298 0.0000000000
45966  -36.695  -30.529  56.806 0.0000000000
45967  -37.392  -30.114  56.509 0.0000000000
44923  -36.357  -31.234  59.731 0.0000000000
43986  -34.771  -31.751  58.212 0.0000000000
62760  -54.896  -11.317  40.983 0.0000000000
62761  -55.302  -11.388  42.028 0.0000000000
59196  -50.105  -15.813  40.245 0.0000000000
124288  -50.021  -16.131  39.040 0.0000000000
59210  -50.261  -15.694  39.507 0.0000000000
61008  -52.041  -14.038  39.589 0.0000000000
60119  -51.637  -14.385  39.213 0.0000000000
60133  -51.981  -14.208  38.625 0.0000000000
61017  -51.441  -13.858  38.313 0.0000000000
61018  -52.479  -13.801  38.640 0.0000000000
61893  -52.734  -13.057  38.238 0.0000000000
61019  -53.107  -13.328  38.916 0.0000000000
61888  -54.110  -11.855  40.518 0.0000000000
62763  -54.511  -11.485  40.007 0.0000000000
60008  -43.200  -15.134  49.807 0.0000000000
60007  -42.433  -14.812  49.623 0.0000000000
123822  -42.471  -13.768  51.523 0.0000000000
60865  -42.484  -13.373  52.377 0.0000000000
56444  -37.490  -19.351  48.835 0.0000000000
56449  -37.483  -19.495  48.184 0.0000000000
57320  -38.136  -17.959  47.485 0.0000000000
55607  -37.909  -19.110  46.440 0.0000000000
57324  -38.537  -17.885  46.573 0.0000000000
57325  -39.317  -17.248  46.290 0.0000000000
59116  -41.493  -15.660  48.147 0.0000000000
59117  -42.538  -15.660  48.186 0.0000000000
41456  -8.626  -35.661  51.493 0.0000000000
38653  -9.110  -38.339  49.038 0.0000000000
38652  -8.406  -38.335  48.677 0.0000000000
36880  -9.209  -40.523  49.482 0.0000000000
36891  -8.994  -39.913  48.737 0.0000000000
36032  -8.705  -41.227  49.570 0.0000000000
36031  -8.079  -41.656  49.168 0.0000000000
38532  -17.263  -38.922  63.616 0.0000000000
38525  -16.556  -38.350  64.090 0.0000000000
38539  -15.970  -38.478  63.582 0.0000000000
51209  -36.474  -24.806  54.448 0.0000000000
52065  -37.140  -22.713  53.781 0.0000000000
52064  -36.451  -23.445  53.348 0.0000000000
52949  -37.169  -22.585  52.787 0.0000000000
127142  -36.752  -22.733  52.162 0.0000000000
54744  -38.867  -20.876  53.486 0.0000000000
42173  -31.058  -34.686  65.484 0.0000000000
42182  -31.726  -34.612  64.713 0.0000000000
43981  -30.172  -32.898  58.431 0.0000000000
44003  -28.577  -32.801  57.409 0.0000000000
66301  -54.181  -8.126  37.183 0.0000000000
66313  -53.577  -7.696  36.547 0.0000000000
67207  -55.240  -6.282  36.764 0.0000000000
67206  -54.548  -6.598  36.483 0.0000000000
68044  -54.831  -5.898  36.183 0.0000000000
68063  -55.208  -5.252  35.796 0.0000000000
68046  -56.340  -5.335  36.791 0.0000000000
43995  -7.734  -32.077  57.853 0.0000000000
43996  -8.748  -31.770  57.403 0.0000000000
105335  -9.844  -31.615  55.820 0.0000000000
43176  -10.388  -32.768  54.555 0.0000000000
44060  -11.227  -32.456  54.765 0.0000000000
124477  -50.033  -15.415  46.315 0.0000000000
59146  -49.527  -15.902  46.305 0.0000000000
115843  -44.291  -19.391  43.662 0.0000000000
56465  -46.002  -17.883  44.177 0.0000000000
55625  -45.119  -19.714  43.496 0.0000000000
55626  -45.998  -19.650  43.466 0.0000000000
54818  -46.618  -20.042  43.162 0.0000000000
55628  -47.054  -19.560  43.135 0.0000000000
58281  -48.099  -16.882  45.621 0.0000000000
57348  -48.113  -17.368  44.258 0.0000000000
59161  -48.809  -16.351  45.138 0.0000000000
40500  -21.050  -36.288  57.066 0.0000000000
39505  -20.786  -37.845  58.286 0.0000000000
38555  -20.019  -38.707  60.223 0.0000000000
37671  -19.395  -39.700  56.614 0.0000000000
49450  -9.780  -27.189  57.514 0.0000000000
47689  -9.072  -28.877  55.285 0.0000000000
47705  -9.548  -28.484  54.515 0.0000000000
47704  -9.067  -28.886  54.147 0.0000000000
43245  -5.857  -33.381  48.715 0.0000000000
44119  -6.251  -32.226  48.396 0.0000000000
127285  -5.925  -31.623  48.497 0.0000000000
44120  -7.090  -32.231  48.306 0.0000000000
44137  -7.661  -32.967  47.871 0.0000000000
45962  -16.513  -30.493  56.659 0.0000000000
108670  -16.053  -29.580  56.402 0.0000000000
45961  -15.611  -30.545  56.728 0.0000000000
40463  -13.818  -36.772  60.275 0.0000000000
40470  -12.948  -37.021  58.862 0.0000000000
40471  -13.688  -36.776  59.231 0.0000000000
40482  -13.541  -36.862  58.471 0.0000000000
109867  -13.880  -36.809  57.860 0.0000000000
40481  -13.092  -37.044  57.950 0.0000000000
39503  -11.042  -38.163  59.054 0.0000000000
39514  -11.376  -38.267  58.413 0.0000000000
38576  -11.475  -38.428  57.554 0.0000000000
46873  -37.544  -28.921  52.366 0.0000000000
47720  -37.545  -28.681  52.812 0.0000000000
46857  -38.438  -29.381  54.978 0.0000000000
46862  -38.211  -29.511  54.111 0.0000000000
47701  -38.692  -29.007  55.243 0.0000000000
49477  -38.406  -27.064  55.818 0.0000000000
49476  -37.697  -26.972  55.350 0.0000000000
48622  -37.017  -27.623  53.746 0.0000000000
50338  -37.421  -26.069  55.249 0.0000000000
52039  -37.944  -23.836  56.146 0.0000000000
44054  -34.247  -31.636  55.543 0.0000000000
43074  -34.608  -33.220  62.421 0.0000000000
43081  -33.934  -33.093  61.722 0.0000000000
43962  -35.664  -32.308  61.097 0.0000000000
43103  -34.023  -32.646  60.004 0.0000000000
43102  -33.662  -32.603  59.800 0.0000000000
43966  -32.519  -32.600  59.245 0.0000000000
43982  -31.715  -32.726  58.873 0.0000000000
106865  -32.234  -32.569  58.342 0.0000000000
106535  -30.271  -31.907  56.883 0.0000000000
66279  -57.595  -7.508  39.831 0.0000000000
61902  -53.248  -12.244  38.231 0.0000000000
62776  -53.041  -11.519  37.827 0.0000000000
122256  -54.067  -10.242  38.424 0.0000000000
108062  -53.647  -9.830  37.792 0.0000000000
106759  -53.905  -9.026  37.441 0.0000000000
65409  -56.483  -8.899  39.314 0.0000000000
65420  -55.661  -8.609  38.745 0.0000000000
66278  -56.992  -8.072  39.253 0.0000000000
66292  -56.464  -7.553  38.697 0.0000000000
106493  -45.972  -16.055  46.750 0.0000000000
59121  -45.990  -15.641  48.223 0.0000000000
115744  -46.158  -15.516  50.634 0.0000000000
59978  -44.444  -14.988  51.737 0.0000000000
57330  -39.599  -17.363  45.521 0.0000000000
57331  -40.455  -16.933  45.182 0.0000000000
57333  -42.182  -16.858  45.031 0.0000000000
57342  -42.658  -17.216  44.580 0.0000000000
58258  -45.338  -16.207  46.984 0.0000000000
58268  -45.877  -16.325  46.207 0.0000000000
36838  -25.156  -39.936  54.311 0.0000000000
36837  -24.586  -39.975  53.986 0.0000000000
52946  -7.410  -22.822  53.736 0.0000000000
52071  -8.512  -23.829  52.873 0.0000000000
52070  -7.631  -23.448  52.465 0.0000000000
51234  -8.245  -24.360  50.870 0.0000000000
44987  -5.648  -32.107  55.474 0.0000000000
42281  -6.002  -34.134  52.978 0.0000000000
43200  -5.684  -33.578  52.802 0.0000000000
116593  -5.660  -34.056  52.242 0.0000000000
41455  -7.871  -35.628  51.518 0.0000000000
41454  -7.015  -35.517  51.327 0.0000000000
41453  -6.056  -35.204  50.955 0.0000000000
124098  -5.650  -34.918  50.160 0.0000000000
42322  -5.641  -34.191  49.744 0.0000000000
124956  -6.162  -36.470  48.245 0.0000000000
40594  -5.924  -35.870  48.299 0.0000000000
37789  -8.078  -39.536  48.270 0.0000000000
37788  -7.159  -39.183  47.721 0.0000000000
110143  -7.326  -39.964  47.816 0.0000000000
43964  -17.627  -32.509  59.063 0.0000000000
42192  -16.787  -35.217  62.061 0.0000000000
42207  -16.998  -33.899  60.596 0.0000000000
42199  -16.738  -34.658  61.220 0.0000000000
40441  -16.241  -36.441  64.147 0.0000000000
111829  -15.452  -36.427  64.106 0.0000000000
126336  -14.817  -36.302  63.557 0.0000000000
40450  -14.246  -36.718  63.048 0.0000000000
40457  -14.192  -36.930  62.188 0.0000000000
124637  -13.757  -37.173  62.609 0.0000000000
105532  -10.860  -37.219  63.600 0.0000000000
39471  -11.622  -37.514  62.640 0.0000000000
126715  -11.062  -37.578  62.041 0.0000000000
59073  -38.757  -15.960  50.770 0.0000000000
59059  -39.035  -15.198  51.201 0.0000000000
49505  -35.840  -26.910  52.419 0.0000000000
48639  -36.048  -27.550  51.428 0.0000000000
49515  -35.575  -27.050  51.626 0.0000000000
54759  -37.912  -20.674  50.608 0.0000000000
53896  -37.659  -21.173  50.370 0.0000000000
125606  -37.666  -20.916  50.328 0.0000000000
113314  -38.255  -17.825  51.009 0.0000000000
57306  -38.057  -18.164  50.290 0.0000000000
58235  -38.821  -16.416  49.921 0.0000000000
40461  -28.237  -37.013  61.407 0.0000000000
118530  -28.163  -37.610  61.138 0.0000000000
119086  -28.314  -37.705  60.484 0.0000000000
38564  -28.212  -38.475  59.702 0.0000000000
115941  -28.444  -37.941  59.771 0.0000000000
43070  -31.260  -33.825  62.311 0.0000000000
42197  -31.640  -34.100  63.175 0.0000000000
42196  -30.570  -34.345  62.823 0.0000000000
43098  -29.686  -33.498  59.506 0.0000000000
43088  -29.909  -33.655  60.262 0.0000000000
43097  -28.810  -33.853  59.396 0.0000000000
41384  -27.896  -35.649  59.043 0.0000000000
42218  -28.439  -34.611  59.917 0.0000000000
42211  -28.214  -35.390  60.378 0.0000000000
41370  -28.601  -35.269  61.092 0.0000000000
121950  -28.011  -36.311  60.113 0.0000000000
41369  -28.166  -36.114  60.661 0.0000000000
39536  -27.754  -37.820  57.140 0.0000000000
38578  -28.062  -37.777  58.323 0.0000000000
108491  -28.011  -38.103  57.667 0.0000000000
37673  -27.370  -39.111  56.193 0.0000000000
124181  -26.821  -39.540  55.804 0.0000000000
37689  -27.175  -39.272  55.257 0.0000000000
37724  -26.585  -39.460  53.355 0.0000000000
68906  -55.633  -4.200  34.888 0.0000000000
69758  -57.408  -3.046  33.169 0.0000000000
48548  -7.973  -27.446  58.866 0.0000000000
125954  -8.107  -28.287  57.883 0.0000000000
47660  -7.604  -28.738  58.125 0.0000000000
46770  -6.924  -29.369  61.086 0.0000000000
47632  -7.240  -28.571  60.558 0.0000000000
46805  -6.399  -30.472  58.351 0.0000000000
46793  -6.811  -29.574  58.600 0.0000000000
46819  -6.550  -30.330  57.615 0.0000000000
113013  -6.231  -31.518  56.530 0.0000000000
44957  -6.270  -31.454  57.323 0.0000000000
43134  -6.965  -32.661  56.649 0.0000000000
44037  -6.423  -32.473  56.599 0.0000000000
43171  -6.455  -33.498  54.980 0.0000000000
43172  -7.470  -33.370  54.970 0.0000000000
43135  -7.549  -32.444  56.898 0.0000000000
43151  -8.777  -32.703  55.210 0.0000000000
43189  -9.536  -33.546  53.880 0.0000000000
42271  -7.966  -33.981  54.302 0.0000000000
42297  -8.696  -34.642  52.790 0.0000000000
42298  -9.614  -34.562  52.668 0.0000000000
41459  -11.313  -35.913  51.954 0.0000000000
41458  -10.692  -35.745  51.707 0.0000000000
40564  -11.216  -36.382  51.620 0.0000000000
40578  -11.054  -36.880  51.251 0.0000000000
61861  -52.902  -12.596  44.433 0.0000000000
60999  -52.018  -13.111  44.269 0.0000000000
60879  -40.529  -13.678  51.574 0.0000000000
56484  -47.987  -18.481  42.271 0.0000000000
56491  -47.678  -18.778  41.813 0.0000000000
56492  -48.244  -18.214  41.829 0.0000000000
58294  -49.105  -16.660  41.979 0.0000000000
58302  -48.980  -17.370  40.904 0.0000000000
58324  -48.886  -17.122  40.480 0.0000000000
59195  -49.655  -16.503  40.455 0.0000000000
60997  -50.805  -13.828  43.305 0.0000000000
42226  -19.684  -33.585  58.955 0.0000000000
41367  -19.235  -35.064  60.988 0.0000000000
105493  -20.121  -35.906  58.651 0.0000000000
40466  -19.803  -36.776  60.244 0.0000000000
110258  -19.603  -36.809  61.261 0.0000000000
116433  -19.283  -37.150  63.098 0.0000000000
39464  -19.220  -37.758  63.345 0.0000000000
39463  -18.558  -37.690  63.783 0.0000000000
37609  -18.764  -38.604  63.440 0.0000000000
36694  -17.860  -39.823  62.231 0.0000000000
37617  -17.370  -39.618  62.298 0.0000000000
37636  -16.150  -39.454  61.160 0.0000000000
36797  -25.328  -40.332  55.550 0.0000000000
36775  -25.624  -40.546  56.466 0.0000000000
36774  -24.875  -40.752  56.173 0.0000000000
35953  -24.359  -41.270  56.777 0.0000000000
35940  -24.546  -41.581  57.591 0.0000000000
126227  -24.950  -41.415  57.982 0.0000000000
107700  -23.917  -41.817  57.340 0.0000000000
36794  -21.918  -40.514  55.604 0.0000000000
36772  -21.582  -40.798  56.418 0.0000000000
35150  -22.342  -42.421  58.320 0.0000000000
35938  -22.497  -42.171  57.587 0.0000000000
35927  -23.534  -42.149  58.678 0.0000000000
35915  -23.201  -41.860  59.148 0.0000000000
36733  -22.797  -41.447  59.278 0.0000000000
37657  -21.840  -39.375  58.579 0.0000000000
37638  -21.212  -40.802  60.225 0.0000000000
36717  -20.171  -40.917  60.902 0.0000000000
115045  -19.490  -40.995  60.119 0.0000000000
36759  -19.004  -40.534  58.001 0.0000000000
115680  -18.530  -40.464  58.692 0.0000000000
36730  -18.149  -40.224  60.060 0.0000000000
36715  -18.151  -40.022  60.841 0.0000000000
52025  -10.739  -23.883  56.819 0.0000000000
52035  -10.778  -23.038  56.365 0.0000000000
116409  -10.354  -22.285  56.186 0.0000000000
50325  -10.466  -26.183  56.032 0.0000000000
50321  -10.484  -25.308  56.558 0.0000000000
50342  -10.515  -25.725  53.973 0.0000000000
50333  -10.564  -25.731  54.998 0.0000000000
51205  -10.368  -24.862  54.331 0.0000000000
52050  -10.106  -23.989  54.703 0.0000000000
123909  -9.114  -26.434  51.259 0.0000000000
50360  -8.448  -25.797  50.495 0.0000000000
45983  -7.201  -30.662  55.138 0.0000000000
46002  -6.364  -30.432  51.817 0.0000000000
110428  -7.271  -29.952  53.202 0.0000000000
45036  -5.439  -31.502  49.565 0.0000000000
45037  -5.796  -30.921  50.419 0.0000000000
46877  -5.798  -29.556  50.410 0.0000000000
123702  -6.140  -29.240  50.711 0.0000000000
46872  -6.792  -29.093  51.506 0.0000000000
47743  -5.715  -27.888  49.240 0.0000000000
48645  -6.156  -27.341  49.542 0.0000000000
49520  -6.647  -26.605  49.600 0.0000000000
48653  -5.949  -27.177  48.967 0.0000000000
49543  -6.297  -26.429  48.671 0.0000000000
44930  -12.592  -31.152  57.998 0.0000000000
43975  -17.338  -32.365  58.785 0.0000000000
43998  -17.741  -31.952  58.085 0.0000000000
43122  -16.790  -33.278  57.314 0.0000000000
44021  -16.247  -32.019  56.732 0.0000000000
111726  -15.863  -36.041  58.163 0.0000000000
42260  -16.173  -34.810  56.008 0.0000000000
43157  -16.099  -34.042  55.790 0.0000000000
122593  -16.010  -33.384  55.962 0.0000000000
110995  -13.917  -31.618  56.575 0.0000000000
44043  -14.726  -32.706  55.850 0.0000000000
44042  -13.982  -32.666  55.646 0.0000000000
119065  -13.593  -31.985  55.997 0.0000000000
44018  -12.933  -31.749  56.164 0.0000000000
44017  -11.985  -31.651  56.209 0.0000000000
43153  -12.953  -33.219  54.453 0.0000000000
43192  -13.096  -33.976  53.614 0.0000000000
124178  -12.443  -33.550  53.729 0.0000000000
40526  -13.791  -36.607  55.227 0.0000000000
39562  -12.240  -36.995  54.453 0.0000000000
40535  -12.680  -36.463  53.993 0.0000000000
41432  -12.720  -35.470  53.238 0.0000000000
40544  -12.417  -36.261  53.247 0.0000000000
38615  -11.225  -38.509  53.901 0.0000000000
38616  -11.446  -38.180  53.081 0.0000000000
37734  -11.093  -38.536  52.397 0.0000000000
38545  -8.381  -38.392  61.818 0.0000000000
37633  -6.822  -39.596  60.889 0.0000000000
38560  -9.628  -38.694  60.055 0.0000000000
37653  -7.711  -40.018  58.616 0.0000000000
37654  -8.459  -39.590  58.829 0.0000000000
37664  -9.156  -39.569  57.401 0.0000000000
37663  -8.384  -39.875  57.358 0.0000000000
37681  -8.591  -40.177  55.957 0.0000000000
36788  -8.888  -40.230  55.146 0.0000000000
37696  -9.553  -39.773  54.808 0.0000000000
36830  -9.281  -40.066  53.490 0.0000000000
36849  -9.539  -40.265  52.589 0.0000000000
36861  -9.655  -40.478  51.708 0.0000000000
123429  -39.510  -28.153  59.052 0.0000000000
117621  -39.536  -27.582  59.963 0.0000000000
46830  -38.382  -29.520  57.427 0.0000000000
46816  -38.510  -29.632  58.191 0.0000000000
45943  -37.191  -30.673  59.014 0.0000000000
45942  -36.803  -30.567  58.115 0.0000000000
45923  -37.705  -30.548  60.881 0.0000000000
123565  -38.040  -30.312  59.944 0.0000000000
46778  -38.541  -29.414  61.032 0.0000000000
119273  -54.752  -11.724  42.088 0.0000000000
60111  -51.011  -14.411  40.677 0.0000000000
107684  -51.685  -13.836  40.386 0.0000000000
61009  -52.467  -13.368  40.193 0.0000000000
61012  -53.128  -13.117  39.659 0.0000000000
61886  -53.105  -12.757  40.517 0.0000000000
61883  -53.575  -12.194  41.067 0.0000000000
60006  -41.632  -14.703  49.606 0.0000000000
122968  -42.034  -14.355  50.087 0.0000000000
123605  -41.838  -13.539  51.606 0.0000000000
57315  -37.869  -18.072  48.486 0.0000000000
58242  -38.337  -17.194  48.741 0.0000000000
58243  -39.071  -16.707  48.185 0.0000000000
106440  -39.249  -16.822  47.497 0.0000000000
105399  -39.884  -16.414  47.604 0.0000000000
40577  -10.334  -36.796  50.757 0.0000000000
39607  -10.169  -37.357  50.328 0.0000000000
39622  -9.949  -37.804  49.967 0.0000000000
38654  -9.839  -38.444  49.751 0.0000000000
37777  -9.459  -39.099  49.166 0.0000000000
37778  -9.945  -39.158  49.887 0.0000000000
36872  -9.720  -40.295  50.380 0.0000000000
37616  -15.939  -38.781  62.690 0.0000000000
52047  -37.689  -23.442  55.390 0.0000000000
52055  -37.395  -23.069  54.612 0.0000000000
107187  -37.917  -22.132  54.148 0.0000000000
52950  -38.369  -21.519  53.668 0.0000000000
53867  -38.989  -20.920  53.872 0.0000000000
42170  -33.192  -34.152  66.321 0.0000000000
44026  -28.591  -32.415  56.450 0.0000000000
67180  -55.889  -7.141  38.015 0.0000000000
106482  -55.307  -7.208  37.461 0.0000000000
67194  -56.331  -6.370  37.765 0.0000000000
68034  -57.575  -5.408  37.821 0.0000000000
44016  -10.842  -31.581  55.987 0.0000000000
123092  -47.918  -16.896  46.051 0.0000000000
124591  -48.903  -16.314  46.614 0.0000000000
59136  -48.788  -16.076  47.103 0.0000000000
59123  -48.628  -15.560  47.992 0.0000000000
57335  -45.289  -17.049  45.297 0.0000000000
119011  -44.885  -18.678  44.022 0.0000000000
57345  -45.687  -17.375  44.793 0.0000000000
57346  -46.426  -17.182  44.721 0.0000000000
57347  -47.222  -17.270  44.567 0.0000000000
40501  -21.698  -36.801  56.820 0.0000000000
39506  -21.441  -38.028  57.777 0.0000000000
38568  -21.203  -38.688  58.329 0.0000000000
38557  -27.842  -38.724  60.496 0.0000000000
52096  -7.426  -23.579  50.476 0.0000000000
52095  -6.980  -22.924  50.150 0.0000000000
51248  -7.144  -23.554  49.674 0.0000000000
47675  -8.978  -28.406  56.838 0.0000000000
47674  -8.683  -28.950  56.396 0.0000000000
126804  -6.499  -34.429  48.067 0.0000000000
42331  -6.251  -33.938  48.441 0.0000000000
43256  -6.725  -33.719  48.025 0.0000000000
43257  -7.337  -33.717  47.722 0.0000000000
110667  -12.477  -37.412  61.337 0.0000000000
39490  -12.378  -37.392  60.314 0.0000000000
39499  -12.315  -37.426  59.319 0.0000000000
38561  -10.401  -38.433  59.505 0.0000000000
48589  -38.901  -27.785  56.010 0.0000000000
106580  -38.620  -28.392  55.508 0.0000000000
49467  -38.825  -26.782  56.349 0.0000000000
119076  -38.366  -25.297  56.337 0.0000000000
124489  -35.404  -31.227  55.114 0.0000000000
43969  -34.634  -32.175  59.243 0.0000000000
113543  -34.367  -32.362  59.238 0.0000000000
43984  -33.884  -32.519  58.875 0.0000000000
43983  -33.124  -32.470  58.646 0.0000000000
44007  -32.861  -32.381  57.762 0.0000000000
62767  -54.406  -11.279  39.269 0.0000000000
62769  -54.018  -11.116  38.599 0.0000000000
63690  -54.498  -10.514  38.940 0.0000000000
64574  -54.657  -9.750  38.790 0.0000000000
65419  -54.870  -8.979  38.545 0.0000000000
59120  -45.468  -15.811  48.503 0.0000000000
59098  -45.404  -15.735  49.386 0.0000000000
59061  -45.717  -15.481  51.319 0.0000000000
58274  -41.159  -16.536  45.728 0.0000000000
58264  -41.791  -16.351  46.112 0.0000000000
58265  -42.714  -16.312  46.065 0.0000000000
58276  -43.760  -16.677  45.736 0.0000000000
120990  -44.499  -16.352  47.003 0.0000000000
37721  -24.991  -39.489  53.209 0.0000000000
43170  -5.819  -33.469  54.584 0.0000000000
40574  -7.958  -36.380  50.230 0.0000000000
40573  -7.076  -36.325  49.825 0.0000000000
41480  -6.323  -35.954  49.642 0.0000000000
41479  -5.885  -35.691  49.146 0.0000000000
39634  -6.475  -37.372  47.475 0.0000000000
38668  -6.552  -38.155  47.020 0.0000000000
115405  -18.540  -33.904  60.420 0.0000000000
43076  -17.690  -33.938  60.756 0.0000000000
42201  -17.755  -34.579  61.453 0.0000000000
41352  -16.434  -35.833  62.815 0.0000000000
39450  -13.984  -37.563  64.685 0.0000000000
40429  -14.803  -36.841  64.423 0.0000000000
40428  -14.056  -37.277  64.579 0.0000000000
40438  -13.683  -37.000  64.026 0.0000000000
39462  -13.103  -37.242  63.650 0.0000000000
39473  -13.188  -37.337  62.650 0.0000000000
39461  -12.425  -37.291  63.816 0.0000000000
39460  -11.312  -37.004  64.086 0.0000000000
59058  -38.490  -15.738  51.524 0.0000000000
114472  -38.246  -16.243  51.952 0.0000000000
126066  -35.292  -25.167  51.949 0.0000000000
115238  -38.504  -20.989  51.984 0.0000000000
107309  -38.337  -20.755  51.355 0.0000000000
55586  -38.197  -20.313  50.827 0.0000000000
55593  -37.878  -20.028  50.117 0.0000000000
115674  -28.203  -36.614  60.948 0.0000000000
43072  -32.886  -33.615  62.559 0.0000000000
43065  -33.257  -33.811  63.434 0.0000000000
43071  -32.152  -33.727  62.504 0.0000000000
42240  -28.102  -34.203  58.189 0.0000000000
42239  -27.763  -35.134  57.809 0.0000000000
106087  -27.869  -35.166  58.543 0.0000000000
41398  -27.726  -36.219  58.433 0.0000000000
107441  -27.843  -36.406  59.250 0.0000000000
38597  -27.586  -38.561  55.724 0.0000000000
38606  -27.448  -38.822  54.859 0.0000000000
124217  -27.469  -38.561  54.109 0.0000000000
67236  -53.087  -6.198  34.905 0.0000000000
46779  -6.263  -30.400  60.058 0.0000000000
45937  -6.006  -31.000  58.964 0.0000000000
44940  -6.343  -31.662  58.102 0.0000000000
43992  -6.212  -31.981  57.464 0.0000000000
43175  -9.637  -32.761  54.863 0.0000000000
41444  -11.065  -35.335  52.244 0.0000000000
60991  -51.153  -13.749  44.226 0.0000000000
60992  -51.740  -13.632  44.911 0.0000000000
60977  -51.602  -13.862  45.447 0.0000000000
58289  -48.695  -17.225  42.596 0.0000000000
58290  -48.965  -16.433  43.097 0.0000000000
60103  -49.624  -14.776  42.957 0.0000000000
119353  -50.162  -14.304  43.367 0.0000000000
39493  -20.148  -37.667  59.768 0.0000000000
39492  -19.809  -37.689  60.746 0.0000000000
117917  -19.364  -38.450  62.096 0.0000000000
38540  -19.332  -38.733  62.861 0.0000000000
37619  -18.770  -39.323  63.072 0.0000000000
37628  -18.915  -39.509  62.399 0.0000000000
36702  -17.695  -39.832  61.583 0.0000000000
105646  -24.152  -40.618  55.136 0.0000000000
35965  -23.237  -41.112  55.973 0.0000000000
120429  -21.363  -41.051  56.935 0.0000000000
35937  -21.734  -42.099  57.955 0.0000000000
35144  -22.341  -42.275  58.964 0.0000000000
36732  -21.805  -41.321  59.501 0.0000000000
35912  -20.724  -41.487  59.836 0.0000000000
35924  -19.955  -41.307  59.584 0.0000000000
36758  -18.127  -40.053  57.921 0.0000000000
105972  -16.765  -39.912  58.340 0.0000000000
36746  -17.209  -39.998  59.106 0.0000000000
48605  -10.281  -27.428  54.945 0.0000000000
48617  -10.358  -27.241  54.198 0.0000000000
49491  -10.412  -26.580  53.644 0.0000000000
50351  -10.247  -25.745  53.045 0.0000000000
49510  -9.646  -26.731  52.003 0.0000000000
48636  -8.524  -27.377  51.320 0.0000000000
45003  -5.792  -31.799  53.582 0.0000000000
45015  -6.129  -31.056  52.720 0.0000000000
45047  -5.390  -31.237  48.980 0.0000000000
46013  -5.354  -29.910  49.211 0.0000000000
46876  -5.489  -29.361  49.638 0.0000000000
107900  -5.763  -28.916  50.113 0.0000000000
46882  -5.508  -28.624  49.337 0.0000000000
124957  -5.570  -28.243  49.019 0.0000000000
42214  -16.669  -33.676  59.756 0.0000000000
42225  -16.724  -33.825  58.700 0.0000000000
120386  -15.260  -36.530  57.898 0.0000000000
41392  -16.202  -35.519  57.261 0.0000000000
41403  -16.031  -35.637  56.638 0.0000000000
42274  -15.331  -34.206  55.120 0.0000000000
43154  -13.830  -33.277  54.960 0.0000000000
42272  -14.139  -34.459  54.284 0.0000000000
41424  -14.089  -35.220  54.255 0.0000000000
39549  -12.306  -37.748  55.837 0.0000000000
110009  -11.958  -37.532  55.031 0.0000000000
108897  -10.510  -39.096  53.885 0.0000000000
37643  -6.362  -40.239  60.543 0.0000000000
37644  -7.018  -39.868  59.987 0.0000000000
114431  -7.198  -40.208  59.187 0.0000000000
36808  -8.313  -40.559  54.720 0.0000000000
45987  -37.354  -30.358  54.474 0.0000000000
44998  -36.897  -30.661  53.674 0.0000000000
46846  -38.495  -29.231  55.860 0.0000000000
48590  -39.177  -28.255  56.561 0.0000000000
49468  -39.220  -27.445  56.753 0.0000000000
43130  -34.559  -31.973  57.388 0.0000000000
43142  -34.483  -31.931  56.875 0.0000000000
44033  -34.668  -31.758  56.911 0.0000000000
45952  -36.318  -30.737  57.349 0.0000000000
44970  -35.909  -30.981  56.738 0.0000000000
44983  -35.692  -31.097  56.251 0.0000000000
117162  -36.148  -31.692  60.663 0.0000000000
44914  -36.991  -31.248  60.748 0.0000000000
44922  -35.313  -31.773  60.047 0.0000000000
63681  -55.563  -10.537  40.522 0.0000000000
63682  -56.152  -10.015  41.032 0.0000000000
63674  -56.384  -10.241  41.945 0.0000000000
60118  -50.786  -14.843  39.479 0.0000000000
61015  -49.670  -14.134  38.399 0.0000000000
61016  -50.478  -13.924  38.461 0.0000000000
61900  -52.059  -12.936  37.658 0.0000000000
61890  -53.574  -12.698  39.208 0.0000000000
63680  -55.027  -10.977  39.913 0.0000000000
59118  -43.496  -15.918  48.416 0.0000000000
59096  -43.758  -15.838  49.296 0.0000000000
59074  -43.972  -15.639  50.110 0.0000000000
59977  -43.686  -14.596  51.436 0.0000000000
59976  -42.928  -14.184  51.061 0.0000000000
56445  -37.614  -18.750  47.996 0.0000000000
56452  -37.679  -19.298  47.389 0.0000000000
55609  -38.166  -19.173  45.537 0.0000000000
57329  -38.971  -17.853  45.906 0.0000000000
59133  -42.238  -15.805  47.313 0.0000000000
52919  -9.531  -22.248  55.726 0.0000000000
42296  -7.887  -34.750  52.966 0.0000000000
41473  -8.257  -36.121  50.901 0.0000000000
40575  -8.547  -36.507  50.388 0.0000000000
40586  -8.210  -36.836  49.640 0.0000000000
36042  -7.684  -41.361  48.388 0.0000000000
124164  -18.248  -37.046  64.087 0.0000000000
40442  -17.078  -36.372  64.118 0.0000000000
39454  -16.973  -37.417  64.547 0.0000000000
118957  -15.873  -37.839  64.289 0.0000000000
38524  -15.042  -37.627  64.164 0.0000000000
38538  -15.056  -38.180  63.363 0.0000000000
38530  -15.103  -37.824  64.004 0.0000000000
38523  -14.318  -37.676  64.390 0.0000000000
107952  -14.008  -37.879  64.698 0.0000000000
57287  -38.468  -17.799  52.897 0.0000000000
56412  -38.713  -18.643  53.368 0.0000000000
49497  -36.755  -26.941  53.656 0.0000000000
49506  -36.359  -27.443  52.505 0.0000000000
121665  -36.358  -26.863  53.136 0.0000000000
49495  -35.892  -26.145  53.138 0.0000000000
50355  -35.547  -25.650  52.482 0.0000000000
51220  -36.102  -24.426  53.686 0.0000000000
51219  -35.703  -25.054  53.129 0.0000000000
51231  -35.493  -24.651  52.407 0.0000000000
52075  -35.612  -23.817  52.167 0.0000000000
52976  -36.093  -23.061  51.835 0.0000000000
106766  -37.426  -22.138  52.000 0.0000000000
53879  -38.001  -21.516  51.828 0.0000000000
52962  -38.385  -21.330  52.948 0.0000000000
53880  -38.510  -21.092  52.601 0.0000000000
43100  -31.659  -32.865  59.810 0.0000000000
43113  -30.137  -33.178  59.053 0.0000000000
43112  -29.286  -33.250  58.795 0.0000000000
43140  -28.146  -33.368  56.803 0.0000000000
43127  -28.242  -33.540  57.554 0.0000000000
42252  -27.926  -34.271  57.241 0.0000000000
42264  -27.605  -35.167  56.257 0.0000000000
106242  -27.426  -36.071  55.272 0.0000000000
66312  -53.111  -7.242  35.932 0.0000000000
67192  -54.994  -6.966  36.977 0.0000000000
67205  -53.821  -6.910  36.249 0.0000000000
67222  -53.425  -6.536  35.597 0.0000000000
68061  -53.780  -5.890  35.201 0.0000000000
68077  -54.146  -5.255  34.782 0.0000000000
68893  -55.603  -4.707  35.453 0.0000000000
43963  -7.053  -31.647  59.014 0.0000000000
113927  -8.058  -32.204  57.099 0.0000000000
43152  -9.288  -32.160  55.448 0.0000000000
43191  -11.603  -33.450  53.616 0.0000000000
60079  -50.391  -14.536  45.400 0.0000000000
60078  -49.929  -15.181  45.769 0.0000000000
114371  -44.386  -20.202  43.342 0.0000000000
124564  -46.741  -20.224  42.140 0.0000000000
56483  -47.511  -19.089  42.593 0.0000000000
56476  -47.970  -18.369  42.910 0.0000000000
57352  -47.618  -17.838  43.762 0.0000000000
57353  -48.316  -17.693  43.260 0.0000000000
41394  -20.551  -35.482  57.433 0.0000000000
40485  -20.350  -36.958  58.341 0.0000000000
37701  -21.563  -39.676  54.060 0.0000000000
37687  -21.329  -39.895  55.079 0.0000000000
36793  -21.051  -40.200  55.994 0.0000000000
123893  -19.722  -40.286  57.301 0.0000000000
36770  -18.696  -39.755  57.146 0.0000000000
50315  -10.287  -25.285  58.319 0.0000000000
120978  -10.364  -25.310  57.441 0.0000000000
49460  -10.237  -26.919  56.612 0.0000000000
113775  -10.247  -27.035  56.055 0.0000000000
48594  -9.571  -28.045  56.283 0.0000000000
48595  -10.082  -27.549  55.766 0.0000000000
43223  -5.601  -33.443  50.308 0.0000000000
44098  -5.502  -32.454  49.797 0.0000000000
116181  -5.706  -32.604  48.709 0.0000000000
45057  -5.657  -31.004  48.739 0.0000000000
118831  -14.847  -28.881  57.021 0.0000000000
116558  -15.308  -29.928  56.716 0.0000000000
40473  -15.424  -36.180  60.016 0.0000000000
40499  -14.632  -36.677  57.425 0.0000000000
40517  -14.592  -36.584  56.527 0.0000000000
108142  -14.422  -36.521  55.814 0.0000000000
40497  -13.052  -37.217  56.967 0.0000000000
39534  -12.540  -37.731  56.845 0.0000000000
125361  -12.270  -37.833  58.318 0.0000000000
38584  -10.563  -38.967  57.089 0.0000000000
47736  -37.213  -28.466  51.864 0.0000000000
48633  -36.874  -27.895  52.472 0.0000000000
45993  -37.678  -30.110  53.594 0.0000000000
46861  -37.921  -29.386  53.353 0.0000000000
48612  -38.137  -28.430  54.907 0.0000000000
47721  -37.886  -28.860  53.557 0.0000000000
109671  -37.165  -28.077  53.028 0.0000000000
121400  -36.750  -27.630  52.876 0.0000000000
49485  -36.698  -25.968  54.404 0.0000000000
51197  -37.988  -24.679  56.128 0.0000000000
51202  -37.520  -24.435  55.630 0.0000000000
43080  -33.167  -33.284  61.737 0.0000000000
43091  -32.949  -32.936  61.060 0.0000000000
43968  -34.363  -32.537  60.140 0.0000000000
43093  -34.056  -32.787  60.919 0.0000000000
44005  -30.187  -32.441  57.676 0.0000000000
106594  -31.125  -32.304  57.215 0.0000000000
109982  -52.863  -10.847  37.497 0.0000000000
63699  -52.306  -10.391  36.993 0.0000000000
108768  -54.776  -8.061  37.624 0.0000000000
65432  -55.123  -8.305  38.167 0.0000000000
66291  -55.783  -7.928  38.388 0.0000000000
66293  -57.123  -7.113  39.155 0.0000000000
58259  -46.626  -16.113  46.690 0.0000000000
105440  -47.569  -15.675  47.730 0.0000000000
59135  -46.669  -15.722  47.488 0.0000000000
59100  -47.219  -15.517  49.343 0.0000000000
109071  -45.787  -15.661  49.002 0.0000000000
59060  -44.932  -15.475  51.145 0.0000000000
113916  -44.056  -17.565  44.564 0.0000000000
57334  -44.397  -17.099  45.167 0.0000000000
58278  -45.659  -16.610  45.750 0.0000000000
37688  -26.275  -39.863  55.927 0.0000000000
36776  -26.216  -40.292  56.784 0.0000000000
36816  -24.750  -40.314  54.794 0.0000000000
36815  -23.868  -40.450  54.492 0.0000000000
36835  -23.311  -40.358  54.020 0.0000000000
115853  -21.339  -39.502  53.232 0.0000000000
52057  -7.179  -22.809  52.830 0.0000000000
50371  -7.728  -25.184  49.747 0.0000000000
45973  -6.882  -30.532  56.055 0.0000000000
45972  -6.569  -31.141  55.928 0.0000000000
115455  -5.485  -33.112  54.222 0.0000000000
116056  -5.522  -32.398  54.440 0.0000000000
43209  -5.573  -33.780  51.369 0.0000000000
116383  -5.816  -35.170  48.847 0.0000000000
115696  -6.112  -34.822  48.424 0.0000000000
43094  -17.173  -32.686  59.380 0.0000000000
43084  -17.211  -33.374  60.129 0.0000000000
43083  -16.956  -33.173  59.928 0.0000000000
40465  -15.551  -36.136  61.215 0.0000000000
41346  -16.671  -36.067  63.561 0.0000000000
40440  -14.930  -36.366  64.001 0.0000000000
125898  -15.283  -36.145  63.526 0.0000000000
41351  -15.800  -35.989  62.737 0.0000000000
41359  -15.861  -35.877  61.921 0.0000000000
107670  -14.014  -37.043  61.304 0.0000000000
39484  -13.126  -37.346  61.860 0.0000000000
39482  -11.609  -37.538  61.722 0.0000000000
39481  -10.606  -37.744  61.435 0.0000000000
59988  -39.663  -14.700  50.826 0.0000000000
59973  -38.644  -14.896  51.807 0.0000000000
48640  -36.530  -27.788  51.884 0.0000000000
48649  -36.365  -27.746  51.264 0.0000000000
114739  -35.562  -27.172  51.025 0.0000000000
54774  -37.338  -21.011  48.783 0.0000000000
55592  -37.584  -20.102  49.400 0.0000000000
107984  -37.601  -18.756  49.180 0.0000000000
115905  -37.751  -18.952  50.027 0.0000000000
110617  -37.974  -17.916  49.490 0.0000000000
58234  -38.419  -17.040  49.460 0.0000000000
40448  -28.295  -36.916  63.427 0.0000000000
39478  -28.155  -37.586  62.061 0.0000000000
38549  -27.953  -38.270  61.024 0.0000000000
115659  -27.132  -39.483  57.544 0.0000000000
42183  -32.591  -34.539  65.083 0.0000000000
42189  -32.973  -34.190  64.022 0.0000000000
42187  -31.006  -34.591  63.756 0.0000000000
43089  -30.880  -33.332  60.548 0.0000000000
42213  -30.070  -33.847  61.112 0.0000000000
42212  -29.028  -34.387  60.665 0.0000000000
121137  -28.433  -35.936  61.267 0.0000000000
40469  -28.117  -36.903  60.280 0.0000000000
40487  -27.873  -37.137  59.125 0.0000000000
39508  -28.133  -37.641  58.953 0.0000000000
39502  -28.240  -37.630  59.529 0.0000000000
38572  -27.809  -38.632  57.964 0.0000000000
36777  -26.838  -39.647  56.654 0.0000000000
36818  -25.958  -39.785  54.499 0.0000000000
112474  -26.404  -39.635  54.131 0.0000000000
122218  -54.458  -4.699  34.380 0.0000000000
68918  -55.042  -4.250  34.280 0.0000000000
70626  -57.024  -2.839  32.417 0.0000000000
48549  -8.382  -27.346  58.603 0.0000000000
48560  -8.799  -27.682  57.947 0.0000000000
47662  -8.575  -28.141  57.624 0.0000000000
46820  -6.882  -29.989  57.034 0.0000000000
48547  -7.671  -27.777  59.190 0.0000000000
47642  -6.743  -29.445  59.473 0.0000000000
47651  -7.335  -28.583  58.901 0.0000000000
126010  -6.692  -30.430  56.654 0.0000000000
116846  -6.477  -30.978  56.643 0.0000000000
44973  -5.882  -31.906  56.252 0.0000000000
44012  -6.078  -32.166  56.785 0.0000000000
44036  -5.922  -32.500  55.980 0.0000000000
43147  -5.925  -33.141  55.350 0.0000000000
42283  -7.607  -34.443  53.692 0.0000000000
43173  -8.359  -33.252  54.820 0.0000000000
41457  -9.686  -35.709  51.414 0.0000000000
38646  -10.903  -38.032  51.225 0.0000000000
111381  -52.800  -12.453  42.924 0.0000000000
61874  -53.438  -12.256  43.693 0.0000000000
105862  -47.891  -15.554  48.711 0.0000000000
60880  -41.133  -13.494  51.625 0.0000000000
56508  -46.618  -18.646  40.879 0.0000000000
57364  -48.592  -17.797  41.469 0.0000000000
57380  -47.193  -17.854  40.729 0.0000000000
58323  -47.810  -17.187  40.477 0.0000000000
58344  -48.411  -16.726  39.967 0.0000000000
58345  -49.316  -16.682  39.825 0.0000000000
60110  -50.331  -15.041  40.909 0.0000000000
60109  -49.805  -15.009  41.816 0.0000000000
61001  -50.592  -14.221  41.558 0.0000000000
61004  -51.318  -13.601  41.217 0.0000000000
61872  -52.050  -12.790  42.657 0.0000000000
42202  -18.563  -34.506  61.125 0.0000000000
41355  -18.579  -35.788  62.372 0.0000000000
41383  -20.288  -34.912  58.386 0.0000000000
41374  -20.087  -34.902  59.311 0.0000000000
116022  -19.526  -35.883  60.679 0.0000000000
40459  -19.191  -36.028  61.744 0.0000000000
40452  -18.995  -36.539  62.807 0.0000000000
38533  -17.965  -38.462  63.848 0.0000000000
37608  -18.077  -39.353  63.368 0.0000000000
37607  -17.613  -39.644  62.973 0.0000000000
35954  -25.179  -41.025  56.985 0.0000000000
35917  -25.231  -40.958  58.895 0.0000000000
35951  -22.848  -41.520  56.800 0.0000000000
35939  -23.303  -42.113  57.404 0.0000000000
35152  -23.710  -42.355  57.982 0.0000000000
36735  -24.837  -40.701  59.403 0.0000000000
37649  -24.617  -39.847  59.773 0.0000000000
37648  -23.957  -40.239  59.225 0.0000000000
36750  -23.143  -40.429  58.957 0.0000000000
120693  -22.970  -38.903  58.409 0.0000000000
116739  -22.227  -38.161  57.645 0.0000000000
38569  -21.798  -38.516  57.953 0.0000000000
37656  -21.180  -39.389  58.987 0.0000000000
37646  -20.883  -39.836  60.141 0.0000000000
36705  -19.872  -40.279  61.174 0.0000000000
36704  -19.237  -40.244  61.109 0.0000000000
105191  -18.671  -40.092  60.955 0.0000000000
36714  -17.537  -39.951  60.697 0.0000000000
120936  -16.788  -39.952  59.586 0.0000000000
36713  -16.694  -39.831  60.384 0.0000000000
52041  -9.521  -23.190  54.904 0.0000000000
51192  -10.571  -24.522  56.265 0.0000000000
51199  -10.502  -24.352  55.533 0.0000000000
52042  -10.231  -23.644  55.336 0.0000000000
51214  -9.363  -24.200  53.167 0.0000000000
124342  -9.183  -24.361  52.519 0.0000000000
51225  -9.402  -24.860  52.014 0.0000000000
46859  -7.746  -29.881  54.274 0.0000000000
46860  -8.439  -29.244  53.723 0.0000000000
46868  -8.211  -29.031  52.799 0.0000000000
47726  -8.446  -28.445  52.374 0.0000000000
47725  -7.664  -28.697  52.004 0.0000000000
47734  -7.982  -28.059  51.648 0.0000000000
47739  -6.560  -27.814  50.452 0.0000000000
49532  -6.785  -25.819  49.319 0.0000000000
48678  -6.534  -26.893  47.950 0.0000000000
48664  -6.539  -27.709  48.204 0.0000000000
44929  -11.637  -31.242  58.358 0.0000000000
44948  -17.537  -31.666  57.496 0.0000000000
43997  -17.156  -32.278  57.949 0.0000000000
127066  -15.529  -31.921  56.557 0.0000000000
41382  -16.456  -34.974  58.162 0.0000000000
43136  -16.424  -33.302  56.503 0.0000000000
44044  -15.689  -32.676  56.236 0.0000000000
44945  -13.023  -31.319  57.442 0.0000000000
44944  -12.148  -31.376  57.696 0.0000000000
44061  -12.190  -32.463  55.050 0.0000000000
42288  -12.276  -34.243  53.157 0.0000000000
40525  -12.893  -36.829  54.765 0.0000000000
41433  -13.364  -35.291  53.673 0.0000000000
42301  -12.339  -35.116  52.863 0.0000000000
40553  -11.665  -36.422  52.077 0.0000000000
39573  -11.864  -37.457  52.976 0.0000000000
39586  -11.780  -37.096  52.294 0.0000000000
38638  -11.041  -38.246  51.764 0.0000000000
122766  -10.879  -38.844  51.813 0.0000000000
37622  -6.745  -39.524  61.878 0.0000000000
38544  -7.540  -38.801  62.326 0.0000000000
38552  -9.737  -38.454  60.821 0.0000000000
38566  -9.490  -38.993  58.959 0.0000000000
38574  -9.837  -39.042  57.900 0.0000000000
37670  -9.974  -39.502  56.302 0.0000000000
36754  -7.124  -40.484  57.379 0.0000000000
37669  -9.037  -39.811  56.610 0.0000000000
37683  -10.126  -39.462  55.315 0.0000000000
37697  -10.139  -39.339  54.514 0.0000000000
36809  -9.055  -40.113  54.342 0.0000000000
37751  -10.599  -39.423  51.510 0.0000000000
36862  -10.201  -40.129  51.186 0.0000000000
108375  -9.609  -40.624  50.981 0.0000000000
36022  -8.205  -41.713  50.073 0.0000000000
35151  -22.965  -42.457  58.514 0.0000000000
36763  -26.627  -40.202  58.083 0.0000000000
37651  -27.376  -39.489  60.051 0.0000000000
38531  -16.616  -38.636  63.758 0.0000000000
38565  -28.353  -38.027  59.221 0.0000000000
39444  -13.778  -37.463  64.631 0.0000000000
39449  -12.420  -37.326  64.304 0.0000000000
39453  -16.176  -37.273  64.657 0.0000000000
39455  -17.789  -37.585  64.226 0.0000000000
39487  -28.199  -37.248  60.600 0.0000000000
39521  -27.765  -37.539  57.727 0.0000000000
39606  -9.588  -37.348  49.975 0.0000000000
40427  -13.892  -37.370  64.582 0.0000000000
40432  -17.512  -36.864  64.373 0.0000000000
40443  -17.953  -36.545  63.889 0.0000000000
40529  -27.556  -36.791  55.996 0.0000000000
40554  -12.041  -36.402  52.616 0.0000000000
41408  -27.577  -35.880  56.871 0.0000000000
41425  -14.740  -35.514  54.878 0.0000000000
42175  -33.154  -34.475  65.850 0.0000000000
43116  -34.364  -32.281  58.622 0.0000000000
43980  -29.238  -32.675  58.017 0.0000000000
44916  -6.564  -31.369  59.464 0.0000000000
44997  -36.500  -30.805  54.347 0.0000000000
45936  -38.392  -29.941  59.425 0.0000000000
45968  -37.890  -29.740  56.191 0.0000000000
47659  -39.221  -28.872  57.861 0.0000000000
47728  -37.156  -28.212  52.396 0.0000000000
48611  -37.467  -27.683  54.733 0.0000000000
49428  -8.195  -26.985  59.189 0.0000000000
50329  -37.764  -25.290  55.755 0.0000000000
54819  -47.012  -20.037  42.751 0.0000000000
55600  -37.466  -20.071  48.727 0.0000000000
56430  -38.132  -19.572  50.733 0.0000000000
56466  -46.771  -17.798  43.988 0.0000000000
56474  -45.594  -18.743  43.814 0.0000000000
56490  -46.969  -19.209  41.381 0.0000000000
57351  -42.245  -18.022  43.846 0.0000000000
57363  -48.100  -18.147  41.485 0.0000000000
58257  -43.681  -16.230  47.107 0.0000000000
58267  -45.121  -16.463  46.345 0.0000000000
58279  -46.416  -16.591  45.715 0.0000000000
58303  -49.261  -16.979  40.949 0.0000000000
59076  -45.518  -15.601  50.404 0.0000000000
59138  -50.406  -15.431  47.552 0.0000000000
59991  -42.705  -14.438  50.279 0.0000000000
60120  -52.212  -14.195  38.942 0.0000000000
61030  -51.655  -13.290  37.854 0.0000000000
61882  -52.611  -12.775  41.143 0.0000000000
66303  -55.273  -7.696  37.806 0.0000000000
106734  -11.733  -37.356  63.661 0.0000000000
107723  -48.630  -17.048  43.726 0.0000000000
111337  -8.189  -39.806  58.120 0.0000000000
113070  -38.745  -22.101  55.080 0.0000000000
115511  -39.256  -15.649  50.102 0.0000000000
117540  -35.930  -31.002  57.810 0.0000000000
121043  -53.545  -11.559  38.278 0.0000000000
121183  -40.329  -15.240  49.325 0.0000000000
121932  -49.381  -15.960  46.932 0.0000000000
126104  -6.857  -29.883  57.470 0.0000000000
126197  -16.509  -37.887  64.376 0.0000000000
126349  -41.465  -13.707  51.217 0.0000000000
127011  -38.328  -21.300  52.333 0.0000000000
