#!ascii label  , from subject freesurfer vox2ras=TkReg
864
25540  -26.186  -53.794  60.647 0.0000000000
39529  -44.647  -36.626  57.550 0.0000000000
47713  -46.203  -27.450  54.319 0.0000000000
52983  -52.419  -22.368  51.195 0.0000000000
38632  -42.722  -38.562  52.565 0.0000000000
52979  -46.704  -22.742  51.871 0.0000000000
116431  -55.711  -20.654  44.994 0.0000000000
57349  -58.361  -17.581  44.093 0.0000000000
37679  -49.171  -39.299  56.690 0.0000000000
43145  -48.260  -33.752  56.617 0.0000000000
44954  -46.363  -31.748  57.665 0.0000000000
29187  -27.073  -49.500  64.063 0.0000000000
30999  -31.081  -47.732  62.302 0.0000000000
30154  -35.332  -48.123  59.180 0.0000000000
28355  -38.264  -50.783  56.684 0.0000000000
27459  -38.222  -50.906  50.847 0.0000000000
31991  -42.205  -47.055  51.744 0.0000000000
34414  -46.241  -43.239  53.833 0.0000000000
46870  -48.433  -28.962  53.135 0.0000000000
56481  -59.778  -17.362  43.710 0.0000000000
38592  -47.017  -37.628  57.101 0.0000000000
41390  -47.280  -34.949  58.433 0.0000000000
42222  -44.905  -34.724  59.542 0.0000000000
31818  -27.214  -46.634  64.015 0.0000000000
30095  -29.351  -48.249  63.861 0.0000000000
31998  -38.364  -46.439  51.054 0.0000000000
29298  -40.706  -49.240  50.856 0.0000000000
32896  -40.675  -45.434  50.673 0.0000000000
39557  -43.671  -37.221  55.345 0.0000000000
36006  -44.901  -41.165  52.094 0.0000000000
37710  -46.326  -39.235  54.544 0.0000000000
35970  -48.219  -41.664  55.982 0.0000000000
108026  -48.511  -29.421  57.373 0.0000000000
122051  -48.060  -30.965  54.955 0.0000000000
48603  -48.592  -27.035  55.795 0.0000000000
53004  -49.071  -22.277  50.223 0.0000000000
51257  -47.762  -24.680  51.255 0.0000000000
51275  -49.611  -24.464  50.038 0.0000000000
49537  -52.327  -25.518  49.554 0.0000000000
117326  -57.773  -22.293  46.592 0.0000000000
52168  -57.110  -22.982  48.106 0.0000000000
36843  -41.161  -40.648  52.725 0.0000000000
52161  -49.487  -23.260  47.875 0.0000000000
55615  -56.574  -19.197  44.938 0.0000000000
53934  -58.078  -22.170  45.152 0.0000000000
54848  -59.225  -19.977  41.629 0.0000000000
37713  -49.955  -39.994  54.967 0.0000000000
41414  -48.509  -35.905  57.074 0.0000000000
107989  -47.660  -31.754  58.474 0.0000000000
27344  -26.902  -52.604  63.047 0.0000000000
31041  -31.558  -47.561  59.156 0.0000000000
105720  -33.408  -47.408  61.076 0.0000000000
31088  -34.116  -48.045  57.805 0.0000000000
29243  -35.791  -49.568  56.570 0.0000000000
27396  -37.160  -51.758  56.732 0.0000000000
26471  -38.448  -53.353  56.013 0.0000000000
28379  -37.777  -50.684  54.905 0.0000000000
26520  -40.550  -52.701  50.777 0.0000000000
111022  -42.773  -42.744  51.392 0.0000000000
32861  -44.392  -45.661  52.921 0.0000000000
31963  -46.030  -47.166  54.067 0.0000000000
32813  -47.544  -45.627  54.341 0.0000000000
34416  -49.838  -43.439  54.163 0.0000000000
109899  -47.586  -24.866  53.877 0.0000000000
52145  -54.847  -23.715  49.345 0.0000000000
51245  -53.580  -23.316  51.590 0.0000000000
27352  -25.651  -52.154  62.150 0.0000000000
108083  -46.167  -37.205  56.765 0.0000000000
118705  -45.826  -36.205  58.520 0.0000000000
40480  -44.786  -35.643  59.428 0.0000000000
33642  -38.863  -44.843  51.784 0.0000000000
31999  -38.973  -46.059  50.637 0.0000000000
34452  -39.845  -43.782  51.297 0.0000000000
39544  -44.214  -36.871  56.484 0.0000000000
38613  -45.605  -38.031  54.400 0.0000000000
119856  -45.759  -37.306  55.786 0.0000000000
120319  -46.538  -38.404  55.538 0.0000000000
47673  -48.443  -28.205  57.131 0.0000000000
49469  -47.412  -26.627  56.006 0.0000000000
120340  -50.300  -22.340  50.393 0.0000000000
52104  -49.444  -23.004  50.914 0.0000000000
51260  -50.918  -23.363  50.731 0.0000000000
108631  -50.873  -24.942  49.622 0.0000000000
51261  -52.057  -23.978  50.888 0.0000000000
117817  -58.924  -22.946  46.753 0.0000000000
52170  -58.969  -23.686  48.119 0.0000000000
49583  -58.845  -25.993  47.551 0.0000000000
55636  -56.320  -19.103  42.846 0.0000000000
56467  -56.976  -18.677  44.588 0.0000000000
54805  -57.282  -19.700  45.194 0.0000000000
55617  -57.681  -19.136  44.611 0.0000000000
53941  -57.838  -21.458  44.550 0.0000000000
55631  -58.182  -19.373  44.210 0.0000000000
56495  -60.251  -18.373  42.887 0.0000000000
38604  -49.707  -39.489  55.990 0.0000000000
39560  -48.992  -37.886  56.235 0.0000000000
39547  -48.972  -37.585  56.938 0.0000000000
43106  -46.347  -33.253  59.410 0.0000000000
43120  -47.721  -33.345  58.462 0.0000000000
43989  -46.940  -31.871  58.781 0.0000000000
120680  -46.883  -30.455  58.102 0.0000000000
45955  -46.484  -30.878  57.425 0.0000000000
28289  -27.954  -51.654  62.877 0.0000000000
28281  -27.806  -50.415  62.955 0.0000000000
30096  -30.187  -47.885  63.636 0.0000000000
31019  -34.857  -47.455  61.364 0.0000000000
31018  -34.065  -47.661  60.615 0.0000000000
31043  -33.666  -47.704  59.425 0.0000000000
31067  -34.355  -47.934  58.785 0.0000000000
30164  -34.856  -48.365  57.235 0.0000000000
30165  -35.787  -48.594  57.701 0.0000000000
28354  -37.983  -51.016  56.881 0.0000000000
25571  -38.158  -53.274  56.361 0.0000000000
27407  -38.394  -51.882  56.335 0.0000000000
29281  -37.321  -49.724  52.091 0.0000000000
127153  -37.408  -49.221  53.523 0.0000000000
27435  -37.658  -51.283  52.213 0.0000000000
26491  -37.967  -52.792  52.708 0.0000000000
27448  -38.186  -52.172  51.239 0.0000000000
25650  -39.112  -53.136  51.022 0.0000000000
27461  -39.210  -51.726  50.522 0.0000000000
30213  -41.505  -48.606  51.287 0.0000000000
29318  -41.076  -50.019  50.868 0.0000000000
122499  -42.243  -49.079  51.737 0.0000000000
31140  -43.347  -47.815  52.629 0.0000000000
35218  -42.288  -41.931  51.472 0.0000000000
36868  -43.383  -40.669  51.647 0.0000000000
35190  -45.536  -42.796  53.179 0.0000000000
116165  -44.977  -43.293  52.792 0.0000000000
34413  -45.611  -43.887  53.496 0.0000000000
32835  -45.085  -45.695  53.614 0.0000000000
33625  -46.126  -45.003  54.116 0.0000000000
33614  -46.924  -44.814  54.587 0.0000000000
36804  -48.890  -40.834  56.335 0.0000000000
35175  -49.608  -42.592  55.631 0.0000000000
36805  -50.000  -41.010  56.216 0.0000000000
36827  -50.645  -41.255  54.891 0.0000000000
123127  -25.537  -47.766  64.633 0.0000000000
114323  -25.442  -49.129  64.783 0.0000000000
28278  -25.506  -50.589  63.861 0.0000000000
41422  -47.881  -35.516  56.035 0.0000000000
115837  -47.727  -33.972  55.645 0.0000000000
115628  -48.302  -29.697  54.374 0.0000000000
52076  -45.789  -23.492  52.526 0.0000000000
52056  -47.064  -23.980  54.199 0.0000000000
114251  -47.144  -23.502  53.275 0.0000000000
50392  -47.988  -25.844  50.161 0.0000000000
123776  -47.775  -26.177  51.514 0.0000000000
51283  -57.076  -24.462  49.140 0.0000000000
107590  -56.135  -23.753  48.322 0.0000000000
124130  -56.024  -24.133  49.948 0.0000000000
107882  -54.422  -23.229  50.508 0.0000000000
50369  -55.488  -24.576  51.354 0.0000000000
49528  -54.734  -25.817  51.074 0.0000000000
56494  -58.359  -17.589  41.891 0.0000000000
119938  -58.867  -17.193  44.029 0.0000000000
57366  -59.505  -16.621  42.117 0.0000000000
58327  -60.592  -15.845  41.793 0.0000000000
38593  -48.238  -38.682  57.249 0.0000000000
39532  -48.533  -37.389  57.259 0.0000000000
106183  -47.215  -36.835  57.728 0.0000000000
41389  -46.258  -35.261  58.913 0.0000000000
43988  -45.896  -32.712  59.010 0.0000000000
30082  -27.190  -48.213  64.582 0.0000000000
30094  -27.492  -48.822  64.314 0.0000000000
30956  -30.726  -47.378  63.973 0.0000000000
29315  -37.915  -49.548  50.862 0.0000000000
28421  -39.210  -50.203  50.620 0.0000000000
30226  -39.049  -48.524  50.578 0.0000000000
31989  -40.494  -47.190  50.924 0.0000000000
114192  -41.867  -46.236  51.481 0.0000000000
39582  -43.086  -37.732  53.649 0.0000000000
37748  -44.580  -39.452  52.293 0.0000000000
37729  -45.049  -38.903  52.910 0.0000000000
36844  -45.879  -40.303  53.443 0.0000000000
121738  -46.418  -40.751  54.004 0.0000000000
34403  -47.462  -43.434  55.080 0.0000000000
37711  -46.932  -39.803  54.999 0.0000000000
37694  -47.446  -39.618  56.101 0.0000000000
30951  -25.800  -47.110  64.211 0.0000000000
44972  -48.824  -31.411  57.095 0.0000000000
44058  -48.255  -32.377  56.298 0.0000000000
106834  -49.023  -29.706  56.835 0.0000000000
116010  -48.647  -28.505  55.951 0.0000000000
117109  -48.527  -28.430  54.794 0.0000000000
53003  -48.118  -22.455  50.682 0.0000000000
52086  -47.425  -23.169  52.034 0.0000000000
52087  -48.443  -23.029  51.315 0.0000000000
51258  -48.515  -23.920  50.957 0.0000000000
53922  -56.400  -20.799  45.711 0.0000000000
53073  -55.980  -21.852  46.156 0.0000000000
53063  -57.577  -22.424  47.273 0.0000000000
51284  -58.351  -24.225  48.584 0.0000000000
41387  -42.505  -35.433  59.152 0.0000000000
39513  -42.235  -36.530  58.326 0.0000000000
49487  -46.064  -25.782  54.262 0.0000000000
53027  -46.622  -22.627  50.217 0.0000000000
53046  -48.195  -22.518  49.595 0.0000000000
53048  -49.708  -22.142  49.871 0.0000000000
119407  -50.002  -22.043  49.921 0.0000000000
54804  -56.015  -19.823  44.935 0.0000000000
54794  -56.626  -20.021  45.398 0.0000000000
53084  -57.649  -22.021  45.735 0.0000000000
52185  -59.097  -23.564  45.630 0.0000000000
55632  -59.065  -18.455  44.078 0.0000000000
54838  -59.031  -19.910  42.663 0.0000000000
114991  -48.737  -38.846  54.359 0.0000000000
40533  -47.905  -36.451  55.552 0.0000000000
41413  -48.546  -35.273  56.930 0.0000000000
122942  -48.296  -35.637  57.348 0.0000000000
42246  -48.357  -34.316  57.374 0.0000000000
44011  -48.473  -32.811  57.424 0.0000000000
45947  -48.076  -30.846  57.895 0.0000000000
106233  -46.774  -29.073  56.810 0.0000000000
43117  -43.727  -34.150  58.583 0.0000000000
43144  -45.341  -33.391  56.912 0.0000000000
44984  -46.014  -31.318  55.619 0.0000000000
26410  -26.855  -53.817  62.229 0.0000000000
26411  -27.901  -53.310  62.176 0.0000000000
122337  -31.851  -47.773  57.441 0.0000000000
32643  -30.668  -46.050  64.112 0.0000000000
30984  -31.945  -47.206  63.268 0.0000000000
120470  -31.803  -47.579  62.010 0.0000000000
125410  -32.602  -47.509  58.262 0.0000000000
28364  -35.858  -50.724  55.867 0.0000000000
27417  -36.350  -52.329  55.511 0.0000000000
30176  -38.578  -49.194  57.117 0.0000000000
30184  -38.078  -49.463  55.552 0.0000000000
28366  -38.223  -50.713  55.702 0.0000000000
26470  -38.387  -52.519  55.105 0.0000000000
25609  -38.462  -54.209  54.368 0.0000000000
112462  -39.720  -50.975  50.452 0.0000000000
35216  -41.140  -42.603  51.651 0.0000000000
33672  -41.789  -44.437  50.927 0.0000000000
33673  -42.915  -44.746  51.592 0.0000000000
35220  -44.024  -42.075  51.742 0.0000000000
33644  -43.917  -44.722  52.221 0.0000000000
117355  -43.361  -46.248  52.405 0.0000000000
117383  -44.098  -46.449  52.898 0.0000000000
31142  -45.029  -47.942  53.835 0.0000000000
108943  -47.479  -45.715  53.429 0.0000000000
109984  -48.166  -43.556  55.458 0.0000000000
33616  -48.616  -44.700  54.840 0.0000000000
33627  -48.566  -44.531  53.515 0.0000000000
35192  -49.512  -43.166  53.338 0.0000000000
27343  -26.021  -51.901  62.822 0.0000000000
51203  -47.221  -25.171  55.222 0.0000000000
50341  -48.123  -25.747  55.113 0.0000000000
48624  -48.598  -27.185  53.987 0.0000000000
50358  -47.550  -25.072  52.756 0.0000000000
49509  -48.133  -26.595  52.811 0.0000000000
117881  -48.570  -28.003  52.694 0.0000000000
52142  -50.409  -23.047  48.347 0.0000000000
53032  -52.027  -22.408  50.702 0.0000000000
52177  -55.842  -23.005  46.655 0.0000000000
51310  -54.384  -24.170  46.481 0.0000000000
119429  -53.137  -23.871  48.227 0.0000000000
52107  -53.436  -22.414  50.886 0.0000000000
52091  -52.944  -21.697  52.124 0.0000000000
109252  -53.330  -24.804  51.281 0.0000000000
26418  -26.059  -53.786  61.090 0.0000000000
39530  -45.630  -36.679  57.568 0.0000000000
40511  -44.989  -36.379  58.447 0.0000000000
40494  -44.447  -36.128  59.151 0.0000000000
33643  -39.322  -44.177  52.297 0.0000000000
33671  -39.352  -44.211  51.457 0.0000000000
34425  -40.407  -43.117  52.493 0.0000000000
39558  -44.792  -37.145  55.616 0.0000000000
39545  -45.235  -36.846  56.581 0.0000000000
47702  -46.604  -27.798  55.851 0.0000000000
48591  -47.143  -27.471  56.237 0.0000000000
48614  -46.419  -27.090  55.130 0.0000000000
52089  -51.205  -22.675  50.975 0.0000000000
52105  -50.610  -22.839  50.932 0.0000000000
52106  -51.685  -22.735  51.221 0.0000000000
127342  -51.660  -23.301  51.173 0.0000000000
51311  -58.981  -24.120  46.568 0.0000000000
50437  -58.942  -25.126  47.122 0.0000000000
56485  -57.499  -17.957  43.535 0.0000000000
56478  -57.645  -18.056  44.107 0.0000000000
55616  -57.086  -19.011  44.934 0.0000000000
56468  -57.771  -18.354  44.318 0.0000000000
118312  -58.315  -18.576  44.250 0.0000000000
38595  -49.447  -39.133  56.475 0.0000000000
38603  -49.340  -38.727  56.299 0.0000000000
118867  -49.152  -38.187  56.829 0.0000000000
118758  -46.423  -32.509  59.019 0.0000000000
43971  -46.638  -32.707  59.184 0.0000000000
44936  -46.609  -31.958  58.510 0.0000000000
45956  -46.738  -30.847  58.227 0.0000000000
29186  -26.583  -49.816  63.975 0.0000000000
30107  -30.243  -47.997  62.612 0.0000000000
122418  -34.932  -47.782  60.610 0.0000000000
31044  -34.629  -47.923  59.815 0.0000000000
30153  -35.106  -48.227  58.186 0.0000000000
28341  -38.203  -50.346  57.026 0.0000000000
27398  -38.190  -51.507  56.597 0.0000000000
28409  -37.586  -50.441  51.671 0.0000000000
26504  -37.813  -52.102  51.960 0.0000000000
27447  -37.917  -51.273  51.328 0.0000000000
26518  -38.768  -52.347  50.786 0.0000000000
27460  -38.445  -51.597  50.783 0.0000000000
31148  -41.824  -47.757  51.533 0.0000000000
30214  -42.383  -48.414  51.893 0.0000000000
30203  -43.038  -48.305  52.416 0.0000000000
31149  -42.583  -47.757  52.089 0.0000000000
36867  -42.505  -40.574  51.710 0.0000000000
37761  -43.106  -39.910  51.819 0.0000000000
35191  -46.135  -42.192  53.644 0.0000000000
33624  -45.330  -44.868  53.549 0.0000000000
33626  -46.356  -44.145  54.102 0.0000000000
34402  -46.930  -43.833  54.571 0.0000000000
36783  -48.984  -39.912  56.498 0.0000000000
36784  -49.575  -40.291  56.295 0.0000000000
37695  -50.037  -40.142  55.974 0.0000000000
29175  -26.496  -48.970  64.561 0.0000000000
30080  -25.713  -48.437  64.742 0.0000000000
42257  -48.101  -34.612  56.401 0.0000000000
121715  -47.577  -34.823  55.280 0.0000000000
46865  -48.459  -29.039  54.101 0.0000000000
45996  -48.136  -29.620  53.494 0.0000000000
52963  -45.988  -23.120  52.161 0.0000000000
52068  -47.007  -23.382  53.299 0.0000000000
52077  -47.088  -23.030  52.603 0.0000000000
53083  -55.395  -21.655  44.972 0.0000000000
51278  -56.655  -24.807  50.196 0.0000000000
52126  -56.326  -24.327  50.080 0.0000000000
52110  -55.837  -23.782  50.864 0.0000000000
127430  -47.333  -38.241  57.031 0.0000000000
38581  -48.076  -37.828  57.458 0.0000000000
38580  -47.412  -37.279  57.496 0.0000000000
41388  -45.448  -35.485  59.268 0.0000000000
111344  -45.964  -35.906  58.706 0.0000000000
111411  -45.462  -34.567  59.430 0.0000000000
42223  -45.956  -33.927  59.494 0.0000000000
43119  -45.316  -33.533  59.058 0.0000000000
30953  -27.380  -47.285  64.511 0.0000000000
31821  -29.989  -46.361  64.254 0.0000000000
31988  -38.127  -46.241  51.740 0.0000000000
31987  -37.905  -47.006  51.515 0.0000000000
30211  -37.535  -48.218  51.483 0.0000000000
30224  -37.875  -47.998  50.989 0.0000000000
114039  -38.131  -48.732  50.734 0.0000000000
31154  -38.342  -47.313  50.808 0.0000000000
116540  -39.813  -45.825  50.587 0.0000000000
109958  -39.584  -46.809  50.702 0.0000000000
32000  -40.547  -46.408  50.815 0.0000000000
31990  -41.338  -46.938  51.205 0.0000000000
117211  -41.218  -46.104  51.035 0.0000000000
39569  -43.744  -37.538  54.281 0.0000000000
38624  -44.468  -38.204  53.226 0.0000000000
38612  -44.688  -37.701  54.004 0.0000000000
127465  -45.853  -38.723  54.205 0.0000000000
37730  -45.735  -39.344  53.649 0.0000000000
37731  -46.267  -40.058  54.304 0.0000000000
36845  -46.971  -40.639  54.673 0.0000000000
39546  -46.579  -37.926  56.200 0.0000000000
107727  -47.204  -38.764  56.317 0.0000000000
124589  -47.777  -39.222  56.812 0.0000000000
30969  -26.401  -46.814  63.962 0.0000000000
30952  -26.556  -46.994  64.186 0.0000000000
107842  -48.723  -30.697  57.319 0.0000000000
108688  -48.987  -30.562  56.813 0.0000000000
45971  -48.905  -29.856  57.154 0.0000000000
122819  -48.459  -27.472  56.301 0.0000000000
47688  -48.563  -28.094  56.595 0.0000000000
47703  -48.589  -27.769  56.001 0.0000000000
115888  -48.579  -27.738  55.338 0.0000000000
52981  -48.410  -22.679  51.041 0.0000000000
52982  -49.284  -22.691  50.654 0.0000000000
51259  -50.021  -23.533  50.562 0.0000000000
122276  -49.284  -23.865  50.515 0.0000000000
51274  -48.876  -24.605  50.082 0.0000000000
50395  -49.987  -24.993  49.439 0.0000000000
53074  -56.924  -21.874  46.208 0.0000000000
53064  -58.338  -22.531  47.311 0.0000000000
50399  -57.530  -25.194  49.190 0.0000000000
40509  -43.070  -36.544  58.518 0.0000000000
53028  -47.435  -22.520  49.872 0.0000000000
52160  -48.798  -23.340  48.014 0.0000000000
52140  -49.282  -22.635  48.875 0.0000000000
52141  -49.870  -22.590  48.875 0.0000000000
120207  -56.172  -19.100  43.703 0.0000000000
55629  -55.936  -19.399  43.990 0.0000000000
54820  -55.809  -19.822  44.188 0.0000000000
55614  -56.203  -19.421  44.726 0.0000000000
54793  -56.414  -19.589  45.116 0.0000000000
53933  -57.396  -20.921  45.295 0.0000000000
53924  -57.218  -21.106  45.705 0.0000000000
53085  -58.501  -22.699  45.880 0.0000000000
52186  -59.131  -22.907  44.895 0.0000000000
54821  -58.007  -20.653  43.882 0.0000000000
57355  -59.392  -17.013  43.765 0.0000000000
56480  -59.385  -17.537  44.005 0.0000000000
55646  -59.697  -19.134  42.824 0.0000000000
37732  -50.124  -39.963  53.655 0.0000000000
37712  -49.434  -39.395  54.024 0.0000000000
38614  -49.271  -39.227  55.195 0.0000000000
40534  -48.639  -37.077  56.376 0.0000000000
41423  -48.434  -36.189  56.656 0.0000000000
41402  -47.763  -35.728  57.792 0.0000000000
40514  -48.224  -36.444  57.394 0.0000000000
42235  -47.901  -34.193  58.068 0.0000000000
43121  -48.243  -33.526  57.728 0.0000000000
43133  -48.475  -33.662  57.192 0.0000000000
43991  -48.297  -32.119  58.040 0.0000000000
123304  -48.447  -31.711  57.736 0.0000000000
44939  -48.134  -31.462  58.076 0.0000000000
45970  -46.709  -30.167  57.567 0.0000000000
45945  -46.970  -29.954  57.719 0.0000000000
25531  -27.270  -53.699  62.314 0.0000000000
26403  -27.456  -53.116  62.751 0.0000000000
114034  -28.858  -51.889  62.299 0.0000000000
124042  -28.347  -48.650  63.977 0.0000000000
30105  -28.641  -48.845  62.981 0.0000000000
125032  -30.255  -48.405  59.466 0.0000000000
30152  -30.928  -48.025  58.503 0.0000000000
30162  -31.167  -48.143  57.683 0.0000000000
31065  -31.892  -47.561  58.210 0.0000000000
31831  -31.269  -46.433  63.930 0.0000000000
30970  -31.441  -47.007  63.806 0.0000000000
126527  -32.397  -47.463  61.749 0.0000000000
31016  -31.888  -47.541  60.996 0.0000000000
31017  -32.696  -47.421  60.977 0.0000000000
31066  -33.334  -47.630  58.312 0.0000000000
31042  -32.618  -47.471  59.038 0.0000000000
31086  -32.576  -47.618  57.598 0.0000000000
31087  -33.345  -47.758  57.437 0.0000000000
127425  -33.324  -48.108  56.384 0.0000000000
30175  -35.438  -48.795  56.807 0.0000000000
30183  -35.113  -48.947  55.899 0.0000000000
29252  -35.326  -49.519  55.720 0.0000000000
29263  -35.338  -50.055  55.295 0.0000000000
28352  -35.706  -50.053  56.012 0.0000000000
28353  -37.206  -51.048  56.904 0.0000000000
29244  -36.770  -50.161  57.195 0.0000000000
28365  -36.536  -51.296  56.495 0.0000000000
27405  -36.773  -52.055  56.395 0.0000000000
26456  -37.057  -52.823  56.346 0.0000000000
25582  -38.136  -54.123  56.220 0.0000000000
24735  -38.226  -55.076  55.878 0.0000000000
25596  -38.408  -54.191  55.647 0.0000000000
29264  -37.575  -49.867  54.146 0.0000000000
30193  -37.661  -49.083  54.484 0.0000000000
29253  -37.866  -50.013  55.198 0.0000000000
27406  -38.325  -51.343  55.682 0.0000000000
119174  -37.972  -51.522  54.682 0.0000000000
26492  -38.355  -53.541  52.513 0.0000000000
25608  -38.267  -53.461  53.563 0.0000000000
25623  -38.531  -54.273  53.307 0.0000000000
25651  -40.049  -53.567  50.908 0.0000000000
25652  -41.097  -53.559  50.900 0.0000000000
29317  -39.610  -49.379  50.677 0.0000000000
28422  -40.204  -50.119  50.712 0.0000000000
35203  -41.078  -41.995  52.391 0.0000000000
36005  -41.410  -41.248  52.085 0.0000000000
34437  -41.803  -42.612  51.340 0.0000000000
109570  -42.302  -43.545  51.164 0.0000000000
32882  -42.294  -45.504  51.501 0.0000000000
36858  -44.839  -40.306  52.109 0.0000000000
36869  -44.208  -40.830  51.760 0.0000000000
112570  -44.691  -41.953  52.164 0.0000000000
33645  -44.689  -44.822  52.902 0.0000000000
34427  -44.318  -43.740  52.319 0.0000000000
32860  -43.606  -45.594  52.321 0.0000000000
31977  -43.599  -47.084  52.714 0.0000000000
122196  -45.583  -47.028  54.099 0.0000000000
31962  -44.948  -46.635  53.756 0.0000000000
111033  -45.393  -47.426  53.923 0.0000000000
32814  -48.099  -45.319  54.392 0.0000000000
121975  -47.612  -42.385  55.247 0.0000000000
34405  -49.741  -43.374  55.087 0.0000000000
34404  -49.083  -44.132  55.176 0.0000000000
33617  -49.306  -44.181  54.655 0.0000000000
33628  -48.712  -44.764  54.252 0.0000000000
34415  -49.317  -44.095  53.823 0.0000000000
34429  -48.812  -43.651  53.096 0.0000000000
116738  -50.468  -40.625  54.340 0.0000000000
35996  -50.170  -41.700  53.393 0.0000000000
36846  -50.172  -40.697  53.323 0.0000000000
27336  -26.175  -51.334  63.195 0.0000000000
26401  -26.540  -53.024  62.570 0.0000000000
44985  -47.990  -31.730  55.454 0.0000000000
44057  -47.726  -32.590  55.442 0.0000000000
44072  -47.573  -32.452  54.512 0.0000000000
51211  -46.176  -24.920  54.094 0.0000000000
50339  -46.602  -25.208  54.950 0.0000000000
50348  -47.574  -25.060  54.647 0.0000000000
50349  -48.035  -25.746  54.342 0.0000000000
49489  -48.483  -26.528  54.671 0.0000000000
49499  -48.368  -26.571  53.725 0.0000000000
109740  -47.535  -24.199  52.223 0.0000000000
50367  -47.589  -25.361  51.795 0.0000000000
49519  -48.080  -26.929  51.925 0.0000000000
112294  -48.496  -27.327  52.953 0.0000000000
48644  -48.491  -27.769  52.025 0.0000000000
53049  -50.567  -22.550  49.294 0.0000000000
53050  -51.533  -22.671  49.651 0.0000000000
53062  -56.638  -22.436  47.079 0.0000000000
127325  -55.605  -22.631  46.199 0.0000000000
52167  -56.046  -23.311  47.527 0.0000000000
52166  -55.149  -23.714  48.167 0.0000000000
52176  -55.144  -23.749  47.031 0.0000000000
51297  -54.061  -24.233  47.451 0.0000000000
52165  -54.126  -23.787  48.661 0.0000000000
52093  -53.818  -22.865  51.374 0.0000000000
52986  -53.166  -21.776  51.896 0.0000000000
52985  -52.960  -21.354  52.105 0.0000000000
52092  -53.109  -21.988  52.046 0.0000000000
51244  -53.028  -23.013  51.812 0.0000000000
51263  -53.313  -24.153  51.580 0.0000000000
117299  -46.576  -36.971  57.549 0.0000000000
118419  -45.814  -36.444  58.262 0.0000000000
40495  -45.287  -36.036  58.909 0.0000000000
41379  -45.118  -35.120  59.588 0.0000000000
32880  -38.553  -45.564  51.392 0.0000000000
115372  -38.779  -46.803  50.675 0.0000000000
33670  -38.984  -44.899  51.098 0.0000000000
33698  -39.611  -44.363  50.866 0.0000000000
33699  -40.412  -44.518  50.670 0.0000000000
112914  -44.429  -37.370  54.761 0.0000000000
39570  -45.275  -37.496  54.906 0.0000000000
39559  -46.080  -37.837  55.194 0.0000000000
38602  -46.798  -39.013  55.329 0.0000000000
119221  -47.373  -28.494  57.090 0.0000000000
46818  -48.189  -28.730  57.374 0.0000000000
47687  -47.491  -27.824  56.801 0.0000000000
48592  -47.919  -27.140  56.597 0.0000000000
49470  -47.960  -26.220  56.020 0.0000000000
53005  -49.788  -22.178  50.148 0.0000000000
52088  -49.960  -22.743  50.722 0.0000000000
51276  -50.433  -24.309  50.155 0.0000000000
51277  -51.255  -24.135  50.385 0.0000000000
123568  -58.744  -22.760  47.267 0.0000000000
52178  -58.974  -23.284  47.450 0.0000000000
51298  -59.126  -24.354  47.735 0.0000000000
56477  -56.764  -18.569  43.871 0.0000000000
55610  -56.772  -19.536  45.223 0.0000000000
54806  -57.679  -20.106  44.718 0.0000000000
55638  -58.501  -19.539  43.725 0.0000000000
57356  -60.120  -16.800  43.147 0.0000000000
56488  -60.370  -17.410  43.117 0.0000000000
55647  -59.953  -19.021  41.760 0.0000000000
40524  -48.680  -36.780  57.038 0.0000000000
42224  -46.559  -33.680  59.303 0.0000000000
42234  -47.190  -33.938  58.820 0.0000000000
43107  -47.014  -33.166  59.184 0.0000000000
43990  -47.499  -32.485  58.684 0.0000000000
44938  -47.378  -31.148  58.442 0.0000000000
44937  -46.911  -31.008  58.490 0.0000000000
45969  -46.374  -30.441  56.570 0.0000000000
27337  -27.054  -51.666  63.223 0.0000000000
27345  -27.552  -52.483  62.996 0.0000000000
28290  -28.438  -50.797  62.364 0.0000000000
114170  -31.283  -47.717  60.090 0.0000000000
106304  -33.096  -47.477  60.132 0.0000000000
27397  -37.753  -51.725  56.768 0.0000000000
26457  -37.775  -53.103  56.514 0.0000000000
26452  -38.132  -52.375  56.537 0.0000000000
26458  -38.411  -52.591  56.213 0.0000000000
30199  -37.475  -48.417  53.340 0.0000000000
119864  -37.818  -48.227  54.273 0.0000000000
122109  -37.357  -49.817  53.090 0.0000000000
114300  -37.686  -51.323  53.326 0.0000000000
27428  -37.874  -52.039  53.973 0.0000000000
26505  -38.152  -52.817  51.798 0.0000000000
26519  -39.609  -52.548  50.698 0.0000000000
30212  -40.642  -48.433  50.932 0.0000000000
29299  -41.646  -49.523  51.291 0.0000000000
119208  -43.178  -49.040  52.402 0.0000000000
30204  -43.907  -48.534  52.903 0.0000000000
37745  -41.541  -39.798  52.364 0.0000000000
36015  -41.987  -41.224  51.657 0.0000000000
36016  -42.808  -41.291  51.526 0.0000000000
35219  -43.212  -42.035  51.490 0.0000000000
36007  -45.429  -41.773  52.757 0.0000000000
35205  -45.029  -42.512  52.588 0.0000000000
34428  -44.967  -44.131  53.031 0.0000000000
113215  -45.652  -45.629  54.065 0.0000000000
32836  -45.714  -46.461  54.191 0.0000000000
32811  -46.159  -45.936  54.355 0.0000000000
32812  -46.901  -45.777  54.472 0.0000000000
106503  -47.466  -45.229  54.685 0.0000000000
118836  -47.932  -40.905  56.053 0.0000000000
35174  -48.607  -42.575  55.733 0.0000000000
35971  -49.319  -41.789  56.127 0.0000000000
35972  -50.084  -41.865  55.873 0.0000000000
35176  -50.241  -42.428  55.307 0.0000000000
35184  -50.290  -42.702  54.533 0.0000000000
36806  -50.381  -41.321  55.601 0.0000000000
36826  -50.370  -40.669  55.360 0.0000000000
28279  -26.331  -50.525  63.510 0.0000000000
45991  -48.339  -30.210  55.085 0.0000000000
45001  -47.664  -31.556  54.287 0.0000000000
45990  -47.845  -30.493  54.070 0.0000000000
52066  -45.888  -23.831  53.119 0.0000000000
51222  -46.464  -24.157  53.848 0.0000000000
52067  -46.727  -23.650  53.571 0.0000000000
51223  -47.291  -24.086  54.098 0.0000000000
50380  -47.837  -25.637  50.931 0.0000000000
52147  -56.554  -24.142  48.942 0.0000000000
52146  -55.704  -24.011  49.083 0.0000000000
52125  -55.432  -23.734  50.314 0.0000000000
52094  -55.128  -23.515  51.082 0.0000000000
51246  -54.818  -23.700  51.324 0.0000000000
50368  -54.377  -24.431  51.454 0.0000000000
57354  -58.268  -17.350  43.902 0.0000000000
57359  -58.830  -16.928  43.611 0.0000000000
57360  -59.538  -16.626  43.077 0.0000000000
58326  -59.951  -16.314  41.607 0.0000000000
58295  -60.339  -16.466  42.600 0.0000000000
58305  -60.858  -15.882  42.289 0.0000000000
38582  -48.788  -38.114  57.210 0.0000000000
39531  -47.936  -37.065  57.541 0.0000000000
40496  -46.917  -35.842  58.369 0.0000000000
40512  -46.546  -36.429  58.163 0.0000000000
42233  -46.480  -34.422  59.121 0.0000000000
43970  -46.021  -33.157  59.446 0.0000000000
44010  -45.846  -32.473  58.220 0.0000000000
30083  -28.074  -48.056  64.542 0.0000000000
30084  -29.150  -47.805  64.319 0.0000000000
121326  -29.982  -47.800  64.078 0.0000000000
30983  -31.162  -47.507  63.374 0.0000000000
29239  -38.363  -49.637  57.362 0.0000000000
30202  -37.371  -48.285  52.223 0.0000000000
29297  -37.576  -49.623  51.344 0.0000000000
28419  -37.868  -50.334  51.065 0.0000000000
28420  -38.372  -50.256  50.730 0.0000000000
29316  -38.655  -49.456  50.638 0.0000000000
30227  -39.950  -48.681  50.827 0.0000000000
31155  -38.983  -47.548  50.573 0.0000000000
31156  -39.915  -47.860  50.898 0.0000000000
31147  -40.995  -47.798  51.043 0.0000000000
38623  -43.507  -38.174  52.966 0.0000000000
37747  -43.710  -39.283  52.078 0.0000000000
38634  -44.176  -38.712  52.584 0.0000000000
37749  -45.367  -39.789  52.728 0.0000000000
38625  -45.266  -38.406  53.642 0.0000000000
36859  -45.479  -40.728  52.645 0.0000000000
35994  -45.988  -41.198  53.445 0.0000000000
35183  -46.860  -42.756  54.460 0.0000000000
35995  -46.795  -41.563  54.366 0.0000000000
36825  -47.488  -41.242  55.306 0.0000000000
36824  -47.436  -40.399  55.583 0.0000000000
36803  -48.179  -40.192  56.334 0.0000000000
36782  -48.478  -39.379  56.801 0.0000000000
30081  -26.369  -47.774  64.610 0.0000000000
44035  -48.700  -32.360  57.009 0.0000000000
44986  -48.681  -31.518  56.610 0.0000000000
45002  -48.487  -30.813  55.869 0.0000000000
46833  -48.859  -28.946  57.028 0.0000000000
46849  -48.823  -29.290  56.345 0.0000000000
116304  -48.521  -29.302  55.233 0.0000000000
47724  -48.532  -28.385  53.781 0.0000000000
127077  -47.257  -22.499  51.109 0.0000000000
52980  -47.515  -22.738  51.543 0.0000000000
51242  -47.847  -23.732  51.564 0.0000000000
50381  -48.200  -24.996  50.430 0.0000000000
109904  -55.836  -21.106  45.631 0.0000000000
53051  -58.713  -22.912  47.740 0.0000000000
52169  -58.112  -22.735  47.958 0.0000000000
52148  -57.662  -23.513  48.480 0.0000000000
40510  -44.046  -36.493  58.519 0.0000000000
40479  -44.002  -35.717  59.462 0.0000000000
40478  -43.177  -35.633  59.343 0.0000000000
39581  -42.066  -37.758  53.650 0.0000000000
39568  -42.715  -37.462  54.581 0.0000000000
107495  -42.770  -37.235  55.538 0.0000000000
39543  -43.174  -36.971  56.392 0.0000000000
39528  -43.640  -36.718  57.506 0.0000000000
48623  -45.792  -27.103  53.632 0.0000000000
48613  -46.126  -26.647  54.334 0.0000000000
50347  -45.516  -25.520  53.426 0.0000000000
50357  -45.226  -25.048  52.729 0.0000000000
53001  -45.930  -22.955  51.446 0.0000000000
53002  -46.594  -22.579  50.978 0.0000000000
121331  -47.448  -22.451  50.499 0.0000000000
111516  -48.579  -22.285  50.114 0.0000000000
53047  -49.099  -22.231  49.760 0.0000000000
53029  -49.523  -22.091  50.032 0.0000000000
53030  -49.962  -22.075  50.081 0.0000000000
53006  -51.029  -22.540  50.532 0.0000000000
127500  -55.659  -20.399  44.351 0.0000000000
53932  -56.211  -20.150  45.335 0.0000000000
53923  -56.947  -20.812  45.745 0.0000000000
53075  -57.368  -21.875  45.996 0.0000000000
54795  -57.046  -20.186  45.519 0.0000000000
53076  -58.283  -22.475  46.640 0.0000000000
50458  -58.854  -25.123  46.070 0.0000000000
53090  -58.632  -22.442  44.431 0.0000000000
56479  -58.743  -17.759  44.222 0.0000000000
56487  -59.850  -18.133  43.725 0.0000000000
55639  -59.172  -19.127  43.462 0.0000000000
39572  -48.663  -38.461  55.176 0.0000000000
39571  -48.117  -37.486  55.068 0.0000000000
41391  -48.113  -35.005  57.641 0.0000000000
112465  -48.524  -35.090  57.100 0.0000000000
42258  -48.544  -34.317  57.021 0.0000000000
43146  -48.549  -33.327  57.051 0.0000000000
116936  -48.599  -31.951  57.415 0.0000000000
44955  -48.531  -31.354  57.554 0.0000000000
45958  -48.254  -30.132  57.592 0.0000000000
45946  -47.312  -30.424  58.098 0.0000000000
47671  -47.237  -29.280  57.293 0.0000000000
41377  -43.640  -35.191  59.534 0.0000000000
43118  -44.497  -33.850  58.759 0.0000000000
43131  -44.428  -33.604  58.210 0.0000000000
43987  -45.205  -33.178  58.535 0.0000000000
44034  -45.982  -32.642  56.923 0.0000000000
44971  -46.219  -31.635  56.635 0.0000000000
25534  -26.775  -53.920  61.598 0.0000000000
25535  -27.106  -54.034  61.903 0.0000000000
26419  -27.977  -53.239  61.525 0.0000000000
29188  -27.607  -49.522  63.579 0.0000000000
29197  -28.129  -49.604  63.018 0.0000000000
31822  -30.811  -46.750  64.151 0.0000000000
110944  -31.783  -47.499  62.859 0.0000000000
107930  -32.191  -47.507  60.019 0.0000000000
30174  -34.629  -48.533  56.326 0.0000000000
29236  -36.281  -49.284  57.420 0.0000000000
108590  -36.286  -50.517  56.627 0.0000000000
25581  -37.964  -54.084  56.347 0.0000000000
30167  -38.684  -48.907  57.839 0.0000000000
29245  -38.337  -50.049  56.843 0.0000000000
30194  -38.135  -48.542  55.356 0.0000000000
30185  -38.348  -49.354  56.318 0.0000000000
29254  -38.310  -50.271  56.172 0.0000000000
28367  -38.377  -51.138  56.324 0.0000000000
27418  -38.471  -52.000  55.743 0.0000000000
26482  -38.035  -52.710  53.832 0.0000000000
25595  -38.429  -53.390  54.783 0.0000000000
109074  -38.841  -50.960  50.619 0.0000000000
27462  -40.145  -51.818  50.547 0.0000000000
28423  -40.850  -50.918  50.760 0.0000000000
27463  -41.134  -51.934  50.868 0.0000000000
35202  -40.728  -42.648  52.148 0.0000000000
34453  -40.361  -43.770  50.929 0.0000000000
34454  -40.983  -44.116  50.756 0.0000000000
116001  -41.208  -43.375  51.067 0.0000000000
33700  -41.099  -44.745  50.725 0.0000000000
32881  -41.520  -45.417  51.011 0.0000000000
31992  -42.721  -46.433  52.023 0.0000000000
37762  -43.996  -40.032  51.823 0.0000000000
36017  -43.659  -41.397  51.608 0.0000000000
106803  -43.714  -42.832  51.715 0.0000000000
35204  -44.461  -42.735  52.193 0.0000000000
34426  -43.358  -43.702  51.632 0.0000000000
32883  -42.969  -45.716  51.965 0.0000000000
31141  -44.284  -47.980  53.301 0.0000000000
31978  -44.595  -47.353  53.545 0.0000000000
117940  -47.712  -44.506  55.111 0.0000000000
33615  -48.047  -45.095  54.847 0.0000000000
34395  -49.041  -43.409  55.480 0.0000000000
34394  -48.682  -43.929  55.402 0.0000000000
35207  -48.718  -42.662  52.634 0.0000000000
35193  -50.100  -42.603  53.630 0.0000000000
35208  -49.596  -42.235  52.949 0.0000000000
43168  -47.801  -33.141  56.049 0.0000000000
49488  -46.418  -26.096  55.020 0.0000000000
49479  -47.391  -25.895  55.635 0.0000000000
50331  -47.722  -25.713  55.466 0.0000000000
51213  -47.256  -24.633  54.674 0.0000000000
50340  -47.675  -25.363  55.131 0.0000000000
49480  -48.410  -26.405  55.404 0.0000000000
48615  -48.638  -27.054  55.049 0.0000000000
107543  -48.577  -27.685  54.417 0.0000000000
106761  -48.568  -27.862  53.453 0.0000000000
124753  -47.340  -23.540  52.850 0.0000000000
110497  -47.437  -23.994  53.332 0.0000000000
50359  -47.773  -25.851  53.305 0.0000000000
49518  -47.680  -26.040  52.295 0.0000000000
47731  -48.521  -28.431  52.900 0.0000000000
52162  -50.010  -23.342  47.697 0.0000000000
53031  -51.034  -22.445  50.219 0.0000000000
53007  -52.145  -22.235  50.980 0.0000000000
52184  -55.290  -22.172  45.855 0.0000000000
116280  -55.168  -23.436  46.168 0.0000000000
51321  -54.430  -23.975  45.703 0.0000000000
51296  -52.867  -24.335  47.237 0.0000000000
52143  -52.273  -23.315  48.968 0.0000000000
120876  -54.084  -23.352  49.699 0.0000000000
52144  -53.294  -23.333  49.408 0.0000000000
53033  -52.550  -22.629  50.271 0.0000000000
52984  -52.706  -21.179  52.132 0.0000000000
52090  -52.705  -22.220  51.464 0.0000000000
51243  -52.798  -23.121  51.786 0.0000000000
51262  -52.846  -23.932  51.630 0.0000000000
50383  -52.538  -24.795  50.594 0.0000000000
50396  -53.229  -25.502  50.330 0.0000000000
25542  -27.442  -53.763  61.874 0.0000000000
26402  -27.001  -53.382  62.721 0.0000000000
26451  -37.480  -52.346  56.630 0.0000000000
28391  -37.637  -50.606  53.763 0.0000000000
28397  -37.487  -50.520  52.626 0.0000000000
29274  -37.283  -49.048  52.611 0.0000000000
30173  -33.728  -48.356  56.002 0.0000000000
30225  -38.444  -48.021  50.690 0.0000000000
31146  -37.738  -47.618  51.357 0.0000000000
31153  -38.002  -47.262  51.115 0.0000000000
31976  -42.855  -47.223  52.265 0.0000000000
32859  -38.411  -45.526  52.166 0.0000000000
32893  -38.769  -45.585  50.928 0.0000000000
32894  -39.232  -45.223  50.689 0.0000000000
32895  -39.907  -45.014  50.551 0.0000000000
33604  -48.438  -44.422  55.222 0.0000000000
34435  -39.785  -43.613  51.919 0.0000000000
34436  -40.484  -43.258  51.587 0.0000000000
35194  -50.475  -42.068  54.020 0.0000000000
35217  -41.604  -41.909  51.713 0.0000000000
35973  -50.464  -41.789  55.341 0.0000000000
35983  -50.601  -41.934  54.712 0.0000000000
36018  -44.302  -41.480  51.818 0.0000000000
36847  -50.568  -41.345  54.086 0.0000000000
36856  -41.753  -40.540  51.971 0.0000000000
37680  -49.522  -39.661  56.323 0.0000000000
37746  -42.834  -39.191  52.095 0.0000000000
38594  -49.112  -38.752  56.952 0.0000000000
38622  -42.670  -38.058  53.117 0.0000000000
38633  -43.406  -38.733  52.412 0.0000000000
39527  -42.677  -36.824  57.463 0.0000000000
39567  -41.700  -37.555  54.582 0.0000000000
39583  -43.921  -37.805  53.570 0.0000000000
40493  -43.527  -36.160  59.159 0.0000000000
40513  -47.471  -36.391  57.808 0.0000000000
41380  -45.710  -34.796  59.396 0.0000000000
42220  -43.422  -34.742  59.360 0.0000000000
43105  -44.693  -34.253  59.263 0.0000000000
43132  -45.125  -33.015  57.826 0.0000000000
43169  -48.427  -32.999  56.785 0.0000000000
45957  -47.727  -29.667  57.579 0.0000000000
45981  -48.736  -29.984  56.069 0.0000000000
46832  -46.778  -29.655  57.239 0.0000000000
47672  -48.026  -27.880  57.209 0.0000000000
48593  -48.271  -27.586  56.796 0.0000000000
49471  -48.287  -26.392  55.896 0.0000000000
49478  -46.830  -26.365  55.570 0.0000000000
49498  -45.702  -26.288  53.759 0.0000000000
49508  -45.393  -26.444  53.063 0.0000000000
50332  -48.050  -25.899  55.580 0.0000000000
50384  -54.106  -25.022  51.333 0.0000000000
51247  -55.822  -23.964  51.112 0.0000000000
52108  -53.613  -22.526  51.308 0.0000000000
52109  -54.787  -23.312  51.038 0.0000000000
52124  -46.678  -22.853  49.640 0.0000000000
52183  -54.847  -23.271  45.511 0.0000000000
52951  -46.430  -23.256  52.806 0.0000000000
53008  -52.919  -21.313  51.734 0.0000000000
53009  -53.071  -21.498  51.768 0.0000000000
55630  -56.383  -19.027  44.396 0.0000000000
56486  -58.091  -17.427  42.944 0.0000000000
58304  -60.178  -16.286  42.313 0.0000000000
106653  -46.256  -38.481  54.830 0.0000000000
110035  -45.476  -34.084  59.343 0.0000000000
110159  -37.655  -48.847  51.123 0.0000000000
110425  -48.157  -45.369  53.888 0.0000000000
111157  -44.620  -33.716  57.411 0.0000000000
112882  -48.259  -26.883  56.328 0.0000000000
115110  -46.859  -25.654  55.389 0.0000000000
116342  -37.359  -48.954  51.718 0.0000000000
116453  -48.153  -32.844  58.094 0.0000000000
122139  -47.108  -23.705  53.750 0.0000000000
122477  -46.840  -27.086  55.727 0.0000000000
124936  -48.617  -27.106  54.549 0.0000000000
125815  -50.158  -22.123  50.141 0.0000000000
