#!ascii label  , from subject freesurfer vox2ras=TkReg
1459
78249  -43.362  6.797  28.340 0.0000000000
76829  -53.906  4.618  16.464 0.0000000000
83097  -49.150  13.339  32.971 0.0000000000
122692  -53.125  3.105  23.798 0.0000000000
74063  -52.085  1.555  32.903 0.0000000000
81123  -47.945  10.425  20.840 0.0000000000
83854  -53.456  14.950  23.087 0.0000000000
84440  -44.360  15.663  28.661 0.0000000000
73165  -45.672  0.590  35.062 0.0000000000
75029  -46.308  2.491  25.576 0.0000000000
77605  -48.678  5.555  21.356 0.0000000000
78974  -46.723  7.226  25.677 0.0000000000
83045  -53.448  13.953  37.142 0.0000000000
83121  -54.260  13.292  28.948 0.0000000000
84414  -53.775  15.577  31.948 0.0000000000
105885  -48.915  13.476  26.107 0.0000000000
85564  -48.646  17.894  32.292 0.0000000000
77681  -50.364  5.941  14.419 0.0000000000
79653  -40.986  8.340  34.341 0.0000000000
81791  -45.161  11.763  30.147 0.0000000000
77553  -58.098  5.282  27.187 0.0000000000
73209  -53.094  0.937  28.408 0.0000000000
74991  -46.315  2.507  29.772 0.0000000000
75821  -46.243  3.988  33.427 0.0000000000
78371  -51.092  6.820  17.554 0.0000000000
81905  -52.180  11.773  14.827 0.0000000000
81073  -50.110  9.904  27.408 0.0000000000
126612  -51.797  13.475  21.488 0.0000000000
84538  -51.312  16.562  15.085 0.0000000000
106488  -47.068  15.572  18.972 0.0000000000
83864  -43.373  14.427  22.236 0.0000000000
76727  -44.403  4.563  27.028 0.0000000000
77570  -46.026  5.213  24.606 0.0000000000
78256  -44.936  6.807  27.166 0.0000000000
85521  -53.965  18.028  37.753 0.0000000000
84388  -55.726  15.433  34.254 0.0000000000
84973  -52.104  16.908  35.023 0.0000000000
120031  -50.621  15.580  32.696 0.0000000000
76854  -52.063  5.147  14.976 0.0000000000
80333  -40.037  9.060  35.809 0.0000000000
80349  -42.787  9.403  35.073 0.0000000000
73184  -52.282  0.887  30.596 0.0000000000
112227  -49.493  0.434  28.718 0.0000000000
73180  -49.080  1.047  30.935 0.0000000000
74914  -45.041  2.556  35.997 0.0000000000
74970  -40.536  2.651  31.626 0.0000000000
77499  -38.681  5.334  32.249 0.0000000000
75819  -37.312  3.653  32.990 0.0000000000
77592  -53.751  5.135  22.087 0.0000000000
79031  -48.013  7.603  20.614 0.0000000000
77629  -49.694  6.169  19.755 0.0000000000
114714  -49.554  9.046  18.751 0.0000000000
116817  -51.264  9.426  15.988 0.0000000000
116266  -50.091  11.054  18.490 0.0000000000
82415  -46.596  12.879  31.353 0.0000000000
81805  -47.595  11.154  28.810 0.0000000000
82431  -49.949  11.983  29.883 0.0000000000
83181  -56.029  15.036  25.978 0.0000000000
82464  -53.568  12.545  25.254 0.0000000000
83890  -55.600  15.256  21.562 0.0000000000
83929  -53.730  15.847  17.795 0.0000000000
84513  -53.336  16.631  18.735 0.0000000000
85090  -49.126  16.535  17.472 0.0000000000
83905  -49.901  15.403  21.067 0.0000000000
119135  -46.370  13.947  27.468 0.0000000000
83203  -46.437  13.704  23.625 0.0000000000
83170  -43.749  13.986  25.864 0.0000000000
83862  -42.271  15.671  22.735 0.0000000000
84456  -42.271  15.689  26.423 0.0000000000
75047  -49.364  2.462  24.376 0.0000000000
75948  -50.868  3.728  22.675 0.0000000000
75930  -47.663  3.676  23.515 0.0000000000
78312  -46.714  6.192  22.731 0.0000000000
80417  -46.995  8.937  23.212 0.0000000000
106063  -51.076  12.508  35.578 0.0000000000
83114  -52.031  13.189  31.101 0.0000000000
121019  -55.009  14.379  32.951 0.0000000000
83753  -56.070  15.164  30.822 0.0000000000
83802  -54.261  15.099  27.354 0.0000000000
83193  -50.720  13.711  24.756 0.0000000000
83784  -50.750  14.353  28.673 0.0000000000
83765  -48.754  14.764  29.536 0.0000000000
85008  -47.013  16.772  30.484 0.0000000000
79079  -49.262  7.525  14.370 0.0000000000
79661  -41.267  8.671  30.160 0.0000000000
80370  -43.547  9.996  28.719 0.0000000000
81037  -42.460  10.618  31.628 0.0000000000
81776  -44.769  10.533  33.803 0.0000000000
81779  -46.983  11.091  35.354 0.0000000000
82389  -45.433  12.469  35.032 0.0000000000
83055  -48.123  11.782  36.311 0.0000000000
76736  -55.925  3.995  24.990 0.0000000000
75884  -56.428  3.481  27.386 0.0000000000
74139  -53.654  1.878  25.711 0.0000000000
74117  -49.553  1.087  26.294 0.0000000000
119933  -45.901  1.954  27.193 0.0000000000
74939  -50.798  2.789  35.864 0.0000000000
73151  -47.461  1.897  36.544 0.0000000000
74936  -48.120  3.330  35.819 0.0000000000
74048  -48.712  1.945  33.515 0.0000000000
75848  -46.932  4.550  31.657 0.0000000000
77523  -41.974  6.238  29.711 0.0000000000
77660  -54.444  6.284  15.988 0.0000000000
76803  -51.592  4.759  20.812 0.0000000000
106373  -51.859  5.596  18.498 0.0000000000
77671  -53.443  6.075  15.396 0.0000000000
79074  -52.406  7.440  14.065 0.0000000000
79783  -52.179  9.027  12.854 0.0000000000
122077  -51.494  10.996  13.246 0.0000000000
111117  -46.268  9.041  27.391 0.0000000000
79687  -48.332  8.568  26.096 0.0000000000
81097  -49.267  10.709  23.825 0.0000000000
81818  -52.292  11.080  27.706 0.0000000000
114496  -51.612  11.525  24.570 0.0000000000
82497  -49.326  12.550  21.469 0.0000000000
83257  -50.620  13.763  18.311 0.0000000000
83275  -52.483  14.116  14.578 0.0000000000
83274  -50.894  14.083  14.858 0.0000000000
106787  -48.360  14.504  22.012 0.0000000000
110235  -44.991  14.595  20.863 0.0000000000
109026  -42.322  15.663  18.744 0.0000000000
117957  -40.722  16.623  19.224 0.0000000000
85076  -39.543  17.891  20.268 0.0000000000
77537  -43.897  5.612  27.800 0.0000000000
78268  -44.850  6.032  26.833 0.0000000000
110326  -44.284  6.775  27.577 0.0000000000
84953  -54.384  17.380  36.657 0.0000000000
85537  -50.950  17.731  34.609 0.0000000000
76018  -52.625  4.360  16.091 0.0000000000
74074  -52.107  1.193  32.093 0.0000000000
73189  -50.367  0.459  30.531 0.0000000000
73176  -50.693  0.962  32.268 0.0000000000
74056  -39.288  2.232  32.557 0.0000000000
75829  -37.993  3.626  32.325 0.0000000000
75936  -54.031  3.990  23.509 0.0000000000
75951  -53.578  4.096  23.115 0.0000000000
114698  -48.024  9.041  20.615 0.0000000000
79753  -48.759  8.325  19.625 0.0000000000
117340  -48.681  9.941  19.805 0.0000000000
80457  -49.853  9.768  18.446 0.0000000000
81130  -49.115  10.554  19.556 0.0000000000
83102  -47.911  13.271  31.797 0.0000000000
105971  -48.387  12.515  30.273 0.0000000000
83111  -49.371  13.011  30.903 0.0000000000
83838  -55.143  14.938  24.178 0.0000000000
83196  -55.236  15.012  23.463 0.0000000000
84475  -55.500  15.311  22.135 0.0000000000
84505  -54.822  16.043  19.921 0.0000000000
107538  -52.857  15.815  20.903 0.0000000000
84503  -50.786  15.755  20.190 0.0000000000
84480  -52.080  15.345  21.762 0.0000000000
108486  -45.028  14.572  28.038 0.0000000000
83155  -44.994  13.741  26.524 0.0000000000
83795  -44.173  14.423  27.598 0.0000000000
105959  -43.015  14.457  26.079 0.0000000000
84449  -43.207  15.697  27.716 0.0000000000
75031  -47.926  2.060  25.043 0.0000000000
75061  -48.943  2.849  23.761 0.0000000000
75918  -47.226  3.303  24.136 0.0000000000
78290  -46.221  6.580  25.126 0.0000000000
77571  -46.407  5.336  23.862 0.0000000000
115707  -46.363  6.824  24.115 0.0000000000
78994  -46.533  7.885  23.171 0.0000000000
79704  -46.845  8.130  24.395 0.0000000000
83059  -52.108  12.824  36.387 0.0000000000
83728  -52.598  13.662  34.788 0.0000000000
83716  -53.850  13.852  36.042 0.0000000000
84401  -54.792  15.610  32.813 0.0000000000
84403  -56.228  15.368  32.084 0.0000000000
84423  -54.738  15.575  30.436 0.0000000000
84441  -54.933  15.551  28.643 0.0000000000
83770  -53.802  15.288  29.016 0.0000000000
83800  -52.172  14.380  27.640 0.0000000000
83758  -52.198  14.861  30.005 0.0000000000
84397  -49.367  16.087  32.464 0.0000000000
84419  -49.766  15.240  30.850 0.0000000000
84409  -48.337  15.965  31.412 0.0000000000
84430  -47.491  15.459  30.010 0.0000000000
85004  -47.629  17.036  31.160 0.0000000000
78396  -49.651  7.060  14.271 0.0000000000
80360  -40.910  9.058  31.857 0.0000000000
81039  -41.808  9.853  30.750 0.0000000000
80357  -41.497  9.720  32.319 0.0000000000
80337  -43.895  9.707  35.841 0.0000000000
81030  -44.116  10.069  34.290 0.0000000000
81031  -45.011  9.612  35.141 0.0000000000
107084  -46.064  11.080  34.107 0.0000000000
81007  -45.775  10.300  35.914 0.0000000000
109379  -44.810  14.406  34.598 0.0000000000
83054  -47.078  11.982  36.176 0.0000000000
83072  -47.428  13.172  35.740 0.0000000000
83713  -49.016  13.252  36.338 0.0000000000
83712  -48.039  14.226  35.593 0.0000000000
76749  -57.422  5.046  25.402 0.0000000000
113478  -57.201  4.373  26.053 0.0000000000
120054  -56.009  3.387  28.653 0.0000000000
75006  -55.120  1.786  27.683 0.0000000000
75019  -54.954  2.006  26.692 0.0000000000
74105  -53.586  1.184  27.025 0.0000000000
74119  -51.443  1.221  26.203 0.0000000000
73221  -51.559  0.484  27.517 0.0000000000
73194  -47.952  1.045  28.939 0.0000000000
73204  -47.512  0.854  28.241 0.0000000000
74097  -46.702  1.476  28.336 0.0000000000
73150  -46.775  1.711  36.183 0.0000000000
74916  -46.750  3.003  36.325 0.0000000000
75812  -46.971  3.621  34.434 0.0000000000
116117  -48.256  2.958  34.472 0.0000000000
75823  -47.225  3.992  33.477 0.0000000000
74059  -48.177  2.477  32.127 0.0000000000
75834  -46.792  4.617  32.640 0.0000000000
78242  -40.804  6.609  30.121 0.0000000000
77511  -40.209  5.354  30.741 0.0000000000
123569  -55.885  6.833  16.437 0.0000000000
76771  -49.922  4.308  21.765 0.0000000000
76788  -50.696  4.512  21.566 0.0000000000
107492  -50.027  4.748  21.137 0.0000000000
78360  -50.463  6.787  18.449 0.0000000000
77644  -50.627  6.085  19.022 0.0000000000
77645  -51.226  6.116  18.197 0.0000000000
77657  -52.060  5.866  17.310 0.0000000000
78372  -51.674  6.352  16.959 0.0000000000
78382  -53.177  6.242  15.093 0.0000000000
79069  -51.616  7.199  15.586 0.0000000000
81150  -51.539  10.863  16.090 0.0000000000
80475  -51.946  9.832  14.313 0.0000000000
81155  -52.328  10.833  13.403 0.0000000000
81163  -52.237  10.922  12.558 0.0000000000
81912  -52.325  12.356  13.406 0.0000000000
106396  -44.058  10.726  29.096 0.0000000000
81062  -44.887  9.832  27.916 0.0000000000
81048  -45.323  10.439  28.281 0.0000000000
81052  -49.355  10.452  28.475 0.0000000000
81065  -47.945  9.939  27.940 0.0000000000
80401  -49.536  9.352  26.051 0.0000000000
80407  -48.538  9.408  24.731 0.0000000000
81080  -50.053  9.922  25.449 0.0000000000
82424  -52.479  13.065  30.419 0.0000000000
82433  -51.602  11.773  29.697 0.0000000000
82435  -53.156  12.517  29.034 0.0000000000
82490  -52.819  12.924  22.904 0.0000000000
82470  -52.288  12.075  24.249 0.0000000000
82489  -51.706  12.638  22.736 0.0000000000
81857  -50.320  11.996  23.067 0.0000000000
83227  -51.230  13.032  22.023 0.0000000000
83236  -50.053  13.538  20.391 0.0000000000
83237  -51.181  14.087  19.980 0.0000000000
114245  -53.034  16.353  16.328 0.0000000000
117673  -52.776  15.644  16.984 0.0000000000
84546  -52.344  15.361  14.817 0.0000000000
83278  -51.968  14.392  14.101 0.0000000000
83954  -51.031  15.259  14.752 0.0000000000
83945  -49.608  15.055  15.418 0.0000000000
115018  -49.573  16.098  14.788 0.0000000000
124606  -47.611  16.011  17.797 0.0000000000
85107  -46.551  16.492  15.675 0.0000000000
120095  -49.973  13.549  25.152 0.0000000000
83206  -49.444  13.960  23.700 0.0000000000
83205  -48.655  13.768  23.877 0.0000000000
83213  -44.904  14.095  23.091 0.0000000000
83867  -46.251  14.304  22.213 0.0000000000
116914  -44.732  14.398  21.669 0.0000000000
83900  -44.031  14.650  20.002 0.0000000000
109714  -43.435  14.621  20.609 0.0000000000
84491  -41.414  16.170  19.081 0.0000000000
83881  -42.247  15.580  20.541 0.0000000000
84474  -42.172  16.494  23.102 0.0000000000
84479  -41.878  16.975  21.588 0.0000000000
85643  -41.090  18.332  22.116 0.0000000000
85634  -39.543  18.001  22.047 0.0000000000
75896  -45.169  3.684  26.101 0.0000000000
75916  -46.001  3.832  24.740 0.0000000000
76735  -45.416  4.480  25.681 0.0000000000
78280  -45.745  6.032  25.783 0.0000000000
78270  -46.064  7.102  26.491 0.0000000000
83702  -55.290  15.016  36.714 0.0000000000
84954  -55.057  16.823  36.561 0.0000000000
84377  -54.047  15.863  34.986 0.0000000000
84400  -52.909  15.515  32.766 0.0000000000
117741  -52.201  15.380  31.952 0.0000000000
84375  -51.313  16.216  34.206 0.0000000000
85551  -50.176  17.161  34.004 0.0000000000
77682  -51.323  5.434  14.713 0.0000000000
79649  -40.935  8.453  35.225 0.0000000000
125918  -41.543  8.611  34.320 0.0000000000
80334  -41.435  8.889  35.665 0.0000000000
121544  -53.134  1.166  29.125 0.0000000000
125203  -51.614  0.424  28.252 0.0000000000
73198  -50.881  0.342  29.690 0.0000000000
73187  -48.887  0.874  30.059 0.0000000000
74080  -47.808  1.964  30.349 0.0000000000
119009  -44.681  1.785  36.109 0.0000000000
74931  -43.863  2.552  35.474 0.0000000000
75842  -40.257  3.423  31.336 0.0000000000
76686  -39.730  4.753  31.249 0.0000000000
75841  -39.565  3.923  31.521 0.0000000000
76676  -38.284  4.402  32.151 0.0000000000
78325  -48.197  6.275  21.196 0.0000000000
77616  -49.601  5.762  20.282 0.0000000000
78349  -48.890  6.997  19.826 0.0000000000
79043  -49.594  7.633  18.945 0.0000000000
79052  -50.089  7.629  18.377 0.0000000000
79768  -50.865  8.510  17.047 0.0000000000
120281  -50.127  9.169  18.103 0.0000000000
81143  -50.773  10.457  17.160 0.0000000000
109085  -50.576  11.200  17.703 0.0000000000
82418  -45.841  12.266  30.527 0.0000000000
121114  -46.220  11.573  29.297 0.0000000000
82428  -47.377  12.185  29.711 0.0000000000
81798  -48.751  11.534  29.386 0.0000000000
120253  -49.936  10.780  28.834 0.0000000000
83146  -55.204  13.843  27.334 0.0000000000
82452  -53.530  12.678  27.026 0.0000000000
110065  -55.197  13.807  25.662 0.0000000000
82481  -54.924  14.392  23.558 0.0000000000
83228  -54.378  14.568  21.101 0.0000000000
83906  -52.825  14.694  19.714 0.0000000000
83907  -54.909  15.389  20.240 0.0000000000
126669  -53.846  16.532  18.411 0.0000000000
85093  -52.548  16.697  17.452 0.0000000000
85100  -49.921  16.844  16.605 0.0000000000
84523  -50.818  16.356  18.541 0.0000000000
84511  -50.077  15.955  19.381 0.0000000000
84502  -48.511  15.130  20.226 0.0000000000
83157  -47.356  13.477  26.547 0.0000000000
105670  -47.636  13.516  24.885 0.0000000000
83173  -46.698  13.406  25.960 0.0000000000
83188  -45.325  13.596  24.847 0.0000000000
83200  -43.834  14.151  24.040 0.0000000000
83846  -42.536  14.883  23.015 0.0000000000
119118  -42.591  14.729  23.982 0.0000000000
83832  -41.995  15.240  24.973 0.0000000000
84465  -42.020  16.032  25.103 0.0000000000
117163  -50.991  2.499  24.448 0.0000000000
114474  -52.075  3.426  23.315 0.0000000000
75062  -49.826  2.854  23.817 0.0000000000
75946  -48.927  3.774  22.606 0.0000000000
76770  -48.613  4.470  22.215 0.0000000000
76746  -46.322  4.412  24.200 0.0000000000
76769  -47.433  4.683  22.877 0.0000000000
77604  -47.801  5.666  21.845 0.0000000000
110282  -47.318  7.159  21.544 0.0000000000
79736  -47.320  8.434  21.487 0.0000000000
80437  -47.357  9.323  21.857 0.0000000000
83087  -50.245  12.441  35.026 0.0000000000
117734  -49.966  13.499  32.507 0.0000000000
83099  -51.587  13.718  32.770 0.0000000000
83107  -52.889  13.423  31.775 0.0000000000
83108  -53.899  13.690  31.510 0.0000000000
83739  -56.182  14.973  34.148 0.0000000000
83751  -55.457  14.486  32.037 0.0000000000
83117  -55.415  14.560  30.315 0.0000000000
83789  -56.164  15.047  27.879 0.0000000000
83816  -55.339  15.367  26.117 0.0000000000
83823  -53.700  14.720  25.664 0.0000000000
83836  -52.336  14.488  23.894 0.0000000000
83162  -52.428  14.271  25.932 0.0000000000
83145  -51.268  13.768  27.045 0.0000000000
83144  -50.313  13.688  27.271 0.0000000000
84420  -50.807  14.932  30.828 0.0000000000
83783  -49.844  14.332  28.815 0.0000000000
83142  -48.610  13.904  27.684 0.0000000000
83782  -47.630  14.616  28.682 0.0000000000
83781  -46.506  14.673  28.787 0.0000000000
84428  -45.659  15.842  29.671 0.0000000000
78943  -42.083  8.170  29.053 0.0000000000
79670  -43.408  8.555  28.272 0.0000000000
80369  -42.286  9.535  29.367 0.0000000000
81044  -42.678  10.126  29.838 0.0000000000
81789  -43.684  11.306  30.663 0.0000000000
80353  -42.632  9.409  34.094 0.0000000000
81775  -43.968  10.738  33.022 0.0000000000
81787  -44.407  11.696  31.744 0.0000000000
82409  -45.645  12.178  32.572 0.0000000000
82411  -47.035  12.378  33.386 0.0000000000
83084  -47.743  12.367  33.670 0.0000000000
82388  -44.538  12.108  35.015 0.0000000000
110447  -45.964  11.360  35.697 0.0000000000
82373  -47.385  11.450  36.016 0.0000000000
83073  -48.842  11.564  35.385 0.0000000000
82375  -49.543  11.385  36.652 0.0000000000
83058  -50.443  12.020  36.634 0.0000000000
83699  -51.851  13.875  36.863 0.0000000000
76748  -55.570  4.318  24.236 0.0000000000
75920  -54.410  3.375  24.134 0.0000000000
76709  -56.959  4.421  28.376 0.0000000000
76729  -57.506  4.524  26.901 0.0000000000
75897  -56.182  3.283  26.663 0.0000000000
75052  -54.690  2.829  25.022 0.0000000000
75034  -53.304  2.303  25.058 0.0000000000
75032  -51.434  2.207  25.002 0.0000000000
74136  -49.157  1.523  25.613 0.0000000000
74134  -47.452  1.630  25.666 0.0000000000
73219  -49.485  0.407  27.537 0.0000000000
73229  -47.455  0.867  26.907 0.0000000000
120450  -46.266  2.016  26.396 0.0000000000
75004  -44.604  2.831  27.229 0.0000000000
73993  -48.414  3.116  37.317 0.0000000000
74019  -46.305  2.487  36.313 0.0000000000
74917  -47.497  3.048  36.729 0.0000000000
74919  -48.846  3.391  37.013 0.0000000000
74938  -49.737  3.029  35.933 0.0000000000
74036  -49.722  2.282  34.761 0.0000000000
74062  -50.158  1.201  32.899 0.0000000000
74073  -49.202  1.240  31.794 0.0000000000
74071  -48.042  2.305  31.177 0.0000000000
74981  -46.704  3.075  30.618 0.0000000000
78244  -42.359  6.726  29.197 0.0000000000
78243  -41.531  6.910  29.594 0.0000000000
79660  -40.756  8.052  30.537 0.0000000000
78926  -40.226  7.863  32.048 0.0000000000
122768  -39.820  7.699  33.687 0.0000000000
77675  -56.300  6.535  16.229 0.0000000000
76846  -55.429  5.893  15.575 0.0000000000
76845  -54.857  5.909  15.513 0.0000000000
76774  -52.471  4.310  22.346 0.0000000000
76790  -52.227  4.698  21.181 0.0000000000
124832  -50.617  5.132  20.322 0.0000000000
108976  -51.930  5.187  19.493 0.0000000000
77633  -53.516  5.626  19.158 0.0000000000
77647  -53.302  5.810  17.949 0.0000000000
77659  -53.853  6.058  15.802 0.0000000000
105156  -53.759  5.835  15.754 0.0000000000
77684  -53.139  6.232  14.989 0.0000000000
77691  -52.840  6.654  14.680 0.0000000000
78399  -52.613  7.009  14.125 0.0000000000
79073  -51.610  7.993  14.927 0.0000000000
114049  -52.284  8.228  13.378 0.0000000000
78403  -51.667  7.817  12.913 0.0000000000
79786  -50.847  8.753  12.548 0.0000000000
81159  -50.787  9.984  13.396 0.0000000000
81154  -50.208  10.184  14.453 0.0000000000
80380  -44.001  8.886  27.929 0.0000000000
79674  -45.707  8.369  27.274 0.0000000000
79685  -47.005  7.940  26.634 0.0000000000
81050  -47.288  10.477  28.362 0.0000000000
79676  -47.268  8.698  27.098 0.0000000000
79694  -47.761  8.224  25.711 0.0000000000
80406  -47.810  9.121  24.387 0.0000000000
81095  -47.796  10.026  23.131 0.0000000000
81854  -47.879  10.866  21.868 0.0000000000
82422  -50.744  12.395  30.159 0.0000000000
81801  -51.362  11.085  29.412 0.0000000000
81075  -51.286  10.583  27.317 0.0000000000
82458  -53.087  12.222  26.348 0.0000000000
106044  -51.869  11.313  26.010 0.0000000000
81081  -50.753  10.317  25.831 0.0000000000
81838  -50.162  10.964  24.010 0.0000000000
124661  -48.856  11.527  22.563 0.0000000000
81875  -48.349  11.520  20.875 0.0000000000
82516  -49.329  12.179  19.868 0.0000000000
82535  -51.568  13.133  16.513 0.0000000000
83928  -51.777  14.746  17.844 0.0000000000
83266  -51.374  14.014  17.142 0.0000000000
82536  -52.331  13.512  15.252 0.0000000000
82547  -52.238  12.919  13.524 0.0000000000
82546  -51.428  13.102  14.143 0.0000000000
85113  -47.840  16.318  15.249 0.0000000000
106017  -50.392  14.548  22.841 0.0000000000
83887  -49.236  14.741  21.608 0.0000000000
83903  -47.606  14.749  20.441 0.0000000000
83204  -47.313  13.852  23.414 0.0000000000
83885  -46.663  14.451  21.336 0.0000000000
107241  -46.041  14.934  19.612 0.0000000000
83916  -44.146  15.191  19.004 0.0000000000
107431  -42.734  15.766  17.983 0.0000000000
83244  -42.036  14.781  18.409 0.0000000000
126514  -41.703  16.669  20.706 0.0000000000
84489  -40.347  17.051  19.404 0.0000000000
85586  -44.786  16.924  29.360 0.0000000000
85598  -44.387  17.278  28.599 0.0000000000
85608  -43.384  17.249  27.398 0.0000000000
85042  -42.372  16.731  26.195 0.0000000000
85623  -42.183  18.295  24.900 0.0000000000
78254  -43.835  6.403  27.867 0.0000000000
78950  -43.835  7.166  27.924 0.0000000000
76019  -53.520  4.977  15.861 0.0000000000
74053  -52.799  2.153  33.138 0.0000000000
74064  -52.822  1.833  32.151 0.0000000000
122988  -51.404  0.938  32.115 0.0000000000
127075  -51.721  1.220  32.489 0.0000000000
119490  -39.905  1.847  33.033 0.0000000000
75919  -53.711  3.212  23.844 0.0000000000
109980  -53.362  3.607  23.430 0.0000000000
80443  -47.735  9.671  21.069 0.0000000000
80450  -48.564  9.155  19.846 0.0000000000
80444  -48.230  9.783  20.403 0.0000000000
81129  -48.499  10.507  20.212 0.0000000000
83096  -48.176  13.244  32.833 0.0000000000
83103  -48.764  13.390  31.822 0.0000000000
107437  -53.995  14.919  23.711 0.0000000000
83855  -55.129  15.162  23.051 0.0000000000
83873  -54.350  15.482  22.336 0.0000000000
84481  -53.581  15.677  21.589 0.0000000000
83872  -52.745  15.117  22.419 0.0000000000
105097  -44.822  15.083  28.602 0.0000000000
83779  -44.199  14.952  28.205 0.0000000000
83794  -43.550  14.929  27.640 0.0000000000
83778  -43.759  15.446  28.146 0.0000000000
75030  -47.112  2.229  25.197 0.0000000000
75045  -47.580  2.658  24.560 0.0000000000
75044  -46.733  2.852  24.755 0.0000000000
78986  -46.600  7.377  24.742 0.0000000000
112424  -46.491  7.664  23.875 0.0000000000
83044  -52.527  13.357  36.881 0.0000000000
83077  -52.917  13.183  35.919 0.0000000000
114018  -55.537  15.639  31.984 0.0000000000
119501  -54.551  15.633  31.182 0.0000000000
84422  -53.673  15.560  30.588 0.0000000000
84431  -53.478  15.410  29.889 0.0000000000
121389  -52.776  15.250  30.466 0.0000000000
121300  -49.051  16.716  32.522 0.0000000000
84396  -48.747  16.369  32.012 0.0000000000
84998  -48.570  17.060  32.213 0.0000000000
85005  -48.162  16.663  31.624 0.0000000000
85573  -48.183  17.472  31.689 0.0000000000
118005  -49.948  5.049  14.878 0.0000000000
78389  -49.319  6.381  14.579 0.0000000000
77688  -50.147  6.637  14.244 0.0000000000
79656  -40.535  8.520  32.284 0.0000000000
80356  -40.973  8.911  33.098 0.0000000000
113873  -43.952  9.850  36.062 0.0000000000
80338  -44.395  9.525  35.903 0.0000000000
81023  -44.886  9.486  35.946 0.0000000000
81024  -45.397  9.754  35.712 0.0000000000
81006  -45.061  9.900  36.276 0.0000000000
83727  -47.239  14.500  35.112 0.0000000000
77554  -58.537  5.986  26.511 0.0000000000
77563  -57.844  5.116  26.252 0.0000000000
74106  -54.368  1.410  27.302 0.0000000000
73222  -53.029  0.913  27.569 0.0000000000
73235  -52.390  0.807  27.160 0.0000000000
74088  -46.806  1.842  29.217 0.0000000000
74098  -47.281  1.332  28.822 0.0000000000
74999  -46.078  2.177  28.829 0.0000000000
74998  -45.278  2.547  28.426 0.0000000000
74990  -45.524  2.837  29.378 0.0000000000
75811  -46.260  3.520  34.482 0.0000000000
74952  -47.611  3.315  34.211 0.0000000000
75822  -46.939  4.225  33.479 0.0000000000
75835  -47.178  4.480  32.679 0.0000000000
76693  -41.086  4.427  30.401 0.0000000000
77512  -40.828  5.223  30.283 0.0000000000
76692  -40.437  4.527  30.719 0.0000000000
77634  -54.341  5.924  19.069 0.0000000000
76786  -49.210  4.780  21.588 0.0000000000
76787  -49.477  5.369  20.953 0.0000000000
78380  -51.437  6.782  16.614 0.0000000000
79062  -51.159  7.529  16.916 0.0000000000
80471  -51.800  10.678  15.003 0.0000000000
113156  -52.331  11.528  13.765 0.0000000000
81795  -44.587  11.276  29.597 0.0000000000
81802  -44.885  10.938  28.852 0.0000000000
105986  -45.410  11.448  29.411 0.0000000000
80383  -49.439  9.833  27.882 0.0000000000
80394  -49.523  9.419  27.069 0.0000000000
115967  -50.163  9.792  26.443 0.0000000000
83120  -53.194  13.089  29.915 0.0000000000
83216  -52.299  13.273  22.152 0.0000000000
83226  -50.856  13.413  21.070 0.0000000000
83238  -52.033  14.083  20.745 0.0000000000
85103  -52.706  16.664  15.949 0.0000000000
84539  -52.596  16.140  15.473 0.0000000000
84545  -51.670  16.006  14.634 0.0000000000
114864  -50.962  15.949  14.570 0.0000000000
84544  -50.443  16.388  14.718 0.0000000000
119700  -47.724  15.722  18.668 0.0000000000
84520  -46.730  15.847  17.843 0.0000000000
84509  -46.227  15.424  18.689 0.0000000000
83176  -49.088  13.479  25.321 0.0000000000
83192  -49.270  13.620  24.480 0.0000000000
83191  -48.459  13.564  24.685 0.0000000000
83865  -44.310  14.242  22.372 0.0000000000
83883  -43.784  14.359  21.566 0.0000000000
83882  -42.970  14.673  21.184 0.0000000000
83863  -42.712  14.777  21.991 0.0000000000
85056  -42.142  17.762  23.545 0.0000000000
85063  -41.718  18.038  22.440 0.0000000000
76728  -44.936  4.470  26.358 0.0000000000
111834  -45.290  5.850  26.353 0.0000000000
78269  -45.557  6.526  26.524 0.0000000000
113285  -45.608  7.153  26.859 0.0000000000
84943  -54.905  16.555  37.145 0.0000000000
85522  -54.384  17.327  37.347 0.0000000000
84974  -53.540  16.836  35.553 0.0000000000
84975  -55.008  16.811  35.874 0.0000000000
84386  -53.584  15.680  33.732 0.0000000000
84376  -52.616  16.182  34.494 0.0000000000
84385  -52.007  15.644  33.594 0.0000000000
85550  -49.646  17.638  33.378 0.0000000000
76842  -51.875  4.446  15.674 0.0000000000
79639  -40.686  8.837  35.692 0.0000000000
79640  -41.403  8.747  35.522 0.0000000000
115071  -40.808  8.987  35.819 0.0000000000
74082  -53.051  1.419  30.524 0.0000000000
74091  -52.768  1.039  29.802 0.0000000000
73199  -51.912  0.568  29.794 0.0000000000
73181  -49.786  0.752  31.200 0.0000000000
73188  -49.579  0.617  30.345 0.0000000000
74090  -48.225  1.282  29.778 0.0000000000
74081  -48.447  1.480  30.630 0.0000000000
74961  -41.674  2.229  32.232 0.0000000000
75856  -41.000  3.101  31.027 0.0000000000
74959  -39.530  2.966  31.820 0.0000000000
76675  -37.689  4.252  32.584 0.0000000000
78336  -47.785  6.967  21.057 0.0000000000
78337  -48.444  6.806  20.446 0.0000000000
79754  -49.340  8.321  19.106 0.0000000000
79042  -49.080  7.607  19.470 0.0000000000
79762  -49.807  8.391  18.466 0.0000000000
116548  -50.376  8.482  17.843 0.0000000000
81135  -49.678  10.477  18.825 0.0000000000
81136  -50.253  10.449  18.135 0.0000000000
124773  -46.190  12.615  30.957 0.0000000000
82419  -46.791  12.592  30.421 0.0000000000
82420  -49.196  12.478  30.325 0.0000000000
82430  -49.037  11.916  29.872 0.0000000000
81807  -49.132  11.035  28.968 0.0000000000
81799  -49.673  11.392  29.420 0.0000000000
83163  -55.621  14.415  26.329 0.0000000000
83180  -55.767  14.880  25.462 0.0000000000
83209  -55.469  15.105  22.825 0.0000000000
83218  -54.871  14.471  22.654 0.0000000000
83217  -53.814  13.778  22.154 0.0000000000
83229  -55.256  14.724  21.686 0.0000000000
83889  -55.439  15.193  20.913 0.0000000000
84504  -53.741  16.302  19.738 0.0000000000
84514  -54.303  16.222  18.875 0.0000000000
85085  -53.431  16.691  18.018 0.0000000000
85084  -52.338  16.694  18.278 0.0000000000
85092  -51.483  16.640  17.794 0.0000000000
84512  -51.579  16.305  19.172 0.0000000000
106263  -49.467  15.512  20.204 0.0000000000
84510  -48.756  15.648  19.277 0.0000000000
83141  -47.195  13.745  27.325 0.0000000000
115231  -46.543  13.500  26.799 0.0000000000
83171  -44.454  13.731  26.080 0.0000000000
83172  -45.182  13.598  25.716 0.0000000000
118580  -44.522  13.756  25.303 0.0000000000
83187  -44.604  13.849  24.434 0.0000000000
83186  -43.806  14.039  24.884 0.0000000000
83834  -43.021  14.348  24.411 0.0000000000
83822  -42.990  14.356  25.246 0.0000000000
83811  -42.419  14.951  26.351 0.0000000000
83821  -42.226  14.795  25.561 0.0000000000
83810  -41.982  15.353  25.738 0.0000000000
85041  -42.024  16.062  25.777 0.0000000000
75048  -50.220  2.500  24.434 0.0000000000
75063  -50.658  2.824  23.888 0.0000000000
75931  -48.488  3.432  23.278 0.0000000000
75945  -48.016  4.115  22.823 0.0000000000
76745  -45.791  4.468  24.939 0.0000000000
78301  -46.444  6.161  23.528 0.0000000000
77581  -46.679  5.555  23.193 0.0000000000
77590  -47.180  5.399  22.628 0.0000000000
78313  -47.168  6.118  22.150 0.0000000000
78324  -47.496  6.502  21.623 0.0000000000
78323  -46.871  6.931  22.133 0.0000000000
79727  -46.720  8.417  22.781 0.0000000000
79007  -46.665  7.779  22.451 0.0000000000
79735  -46.888  8.462  22.086 0.0000000000
80430  -47.320  9.494  22.736 0.0000000000
115103  -50.957  13.574  34.012 0.0000000000
83737  -53.606  14.069  33.565 0.0000000000
83100  -52.652  13.734  32.688 0.0000000000
83747  -53.941  13.806  32.393 0.0000000000
83732  -55.810  15.521  35.816 0.0000000000
83731  -55.735  15.001  35.348 0.0000000000
83740  -55.728  15.169  34.727 0.0000000000
122162  -56.241  15.252  31.564 0.0000000000
108317  -56.414  15.176  32.168 0.0000000000
83752  -56.196  14.956  31.205 0.0000000000
83759  -56.060  15.010  30.434 0.0000000000
83788  -55.979  14.920  28.549 0.0000000000
83772  -55.906  15.067  28.719 0.0000000000
83787  -54.079  15.153  28.203 0.0000000000
84450  -55.080  15.618  27.738 0.0000000000
83815  -54.391  15.064  26.390 0.0000000000
83178  -52.768  14.398  25.099 0.0000000000
83814  -53.104  14.580  26.353 0.0000000000
83785  -51.777  14.472  28.547 0.0000000000
83799  -51.026  14.131  27.869 0.0000000000
83129  -50.084  14.005  28.067 0.0000000000
117318  -51.019  15.413  32.012 0.0000000000
84412  -51.501  15.204  31.312 0.0000000000
84411  -50.394  15.329  31.430 0.0000000000
83755  -49.225  14.986  30.197 0.0000000000
83756  -50.162  14.763  30.209 0.0000000000
83766  -49.571  14.602  29.538 0.0000000000
83128  -49.237  14.081  28.243 0.0000000000
106473  -49.032  14.400  28.930 0.0000000000
108352  -48.456  14.329  28.376 0.0000000000
120734  -48.379  14.644  28.961 0.0000000000
110133  -47.162  16.006  30.371 0.0000000000
83764  -47.036  15.055  29.417 0.0000000000
84429  -46.570  15.644  29.845 0.0000000000
83763  -46.026  15.166  29.368 0.0000000000
84417  -46.290  16.278  30.091 0.0000000000
78395  -48.771  6.863  14.716 0.0000000000
79777  -48.981  8.073  14.611 0.0000000000
79665  -41.608  8.484  29.530 0.0000000000
79666  -42.033  8.949  29.015 0.0000000000
80368  -41.686  9.164  29.665 0.0000000000
81036  -41.873  10.145  31.448 0.0000000000
81040  -42.392  10.355  30.698 0.0000000000
81041  -43.144  10.721  30.261 0.0000000000
81785  -43.014  11.029  31.124 0.0000000000
107724  -42.105  8.837  34.805 0.0000000000
80352  -41.798  9.220  33.547 0.0000000000
113009  -43.958  11.308  32.180 0.0000000000
81782  -44.568  11.332  32.656 0.0000000000
82408  -45.053  11.944  32.140 0.0000000000
81783  -45.343  11.402  33.257 0.0000000000
81778  -46.598  11.056  34.726 0.0000000000
82402  -46.575  11.749  33.717 0.0000000000
82403  -47.256  11.481  34.538 0.0000000000
83069  -44.671  13.348  34.508 0.0000000000
82371  -45.303  11.381  35.673 0.0000000000
82392  -48.402  11.349  35.982 0.0000000000
113629  -49.132  11.276  36.263 0.0000000000
83074  -49.588  11.523  35.846 0.0000000000
83057  -49.784  12.021  36.779 0.0000000000
83714  -49.911  13.294  36.486 0.0000000000
83715  -50.665  12.806  36.723 0.0000000000
84358  -50.546  14.490  36.422 0.0000000000
78291  -57.722  6.354  24.107 0.0000000000
114830  -56.703  4.431  25.261 0.0000000000
124713  -56.239  4.564  24.620 0.0000000000
75921  -55.182  3.599  24.545 0.0000000000
75877  -55.969  3.146  28.037 0.0000000000
75878  -56.460  3.754  28.149 0.0000000000
76715  -57.552  4.818  27.776 0.0000000000
76714  -56.976  4.134  27.546 0.0000000000
75898  -56.871  3.846  26.713 0.0000000000
74122  -54.112  1.498  26.413 0.0000000000
75036  -55.165  2.698  25.931 0.0000000000
75035  -54.422  2.198  25.819 0.0000000000
112778  -54.008  2.334  25.195 0.0000000000
75033  -52.390  2.331  24.885 0.0000000000
74137  -51.906  1.786  25.598 0.0000000000
74118  -50.508  1.080  26.236 0.0000000000
111083  -50.102  1.552  25.576 0.0000000000
74135  -48.229  1.490  25.599 0.0000000000
74116  -48.605  1.045  26.279 0.0000000000
112007  -50.877  0.346  28.372 0.0000000000
73207  -49.904  0.375  28.239 0.0000000000
73206  -49.087  0.382  28.182 0.0000000000
73216  -47.101  1.093  27.638 0.0000000000
73217  -47.816  0.522  27.545 0.0000000000
111797  -46.725  1.499  27.033 0.0000000000
74114  -47.079  1.436  26.316 0.0000000000
75018  -45.335  2.465  26.657 0.0000000000
74038  -51.771  2.279  34.770 0.0000000000
73152  -48.207  1.853  36.712 0.0000000000
73994  -49.010  2.830  37.555 0.0000000000
74022  -48.349  2.706  37.301 0.0000000000
74017  -44.467  2.195  36.203 0.0000000000
74018  -45.317  2.253  36.197 0.0000000000
117822  -47.518  3.329  35.557 0.0000000000
74918  -48.107  3.241  37.017 0.0000000000
74937  -48.826  3.263  35.963 0.0000000000
74035  -48.899  2.603  34.650 0.0000000000
74049  -49.483  1.666  33.704 0.0000000000
74050  -50.449  1.590  33.799 0.0000000000
74061  -49.281  1.342  32.749 0.0000000000
74060  -48.655  1.727  32.513 0.0000000000
75849  -47.311  4.339  31.954 0.0000000000
74974  -47.614  3.271  31.662 0.0000000000
75862  -47.185  3.893  31.296 0.0000000000
74982  -47.421  2.810  30.890 0.0000000000
75861  -46.523  4.060  31.021 0.0000000000
77514  -42.477  5.499  30.028 0.0000000000
77515  -43.084  5.461  29.715 0.0000000000
77524  -42.742  6.071  29.410 0.0000000000
78236  -40.207  6.265  30.782 0.0000000000
78931  -40.505  7.159  30.583 0.0000000000
77504  -39.266  5.212  31.659 0.0000000000
78226  -39.312  6.999  33.479 0.0000000000
78925  -39.853  7.425  32.767 0.0000000000
111614  -39.420  7.655  34.603 0.0000000000
77676  -57.103  6.849  16.628 0.0000000000
119841  -56.766  6.993  16.490 0.0000000000
78373  -55.120  6.626  16.480 0.0000000000
78383  -55.655  6.528  15.806 0.0000000000
77673  -55.156  6.205  15.537 0.0000000000
77672  -54.516  6.018  15.560 0.0000000000
75949  -51.836  3.768  22.779 0.0000000000
76789  -51.501  4.598  21.420 0.0000000000
116546  -52.139  4.549  21.814 0.0000000000
77617  -50.344  5.610  19.789 0.0000000000
77631  -51.148  5.558  19.206 0.0000000000
77632  -52.624  5.501  18.834 0.0000000000
77646  -52.630  5.760  17.713 0.0000000000
77658  -53.047  5.987  16.454 0.0000000000
78390  -52.846  6.672  14.661 0.0000000000
79075  -52.674  7.014  14.244 0.0000000000
113911  -51.072  8.170  15.956 0.0000000000
80481  -52.338  9.962  12.870 0.0000000000
79778  -52.124  8.733  13.735 0.0000000000
107831  -52.118  8.393  12.908 0.0000000000
79788  -51.847  8.972  12.558 0.0000000000
126742  -51.178  8.422  12.417 0.0000000000
80489  -51.670  9.119  12.451 0.0000000000
80480  -51.755  10.130  12.475 0.0000000000
125868  -43.067  8.941  28.456 0.0000000000
79672  -43.943  8.009  27.931 0.0000000000
80381  -45.316  9.165  27.577 0.0000000000
79675  -46.507  8.320  27.057 0.0000000000
81796  -47.052  11.678  29.244 0.0000000000
81804  -46.727  11.090  28.791 0.0000000000
80393  -48.838  8.901  26.722 0.0000000000
112795  -47.979  9.200  27.363 0.0000000000
80392  -48.075  8.666  26.789 0.0000000000
79686  -47.694  8.265  26.439 0.0000000000
79705  -47.479  8.472  24.860 0.0000000000
79695  -48.178  8.784  25.245 0.0000000000
81088  -48.913  10.036  24.267 0.0000000000
80419  -48.149  9.751  23.931 0.0000000000
81096  -48.507  10.394  23.485 0.0000000000
81105  -48.154  10.653  22.659 0.0000000000
83106  -51.326  13.447  31.752 0.0000000000
83105  -50.486  13.396  31.632 0.0000000000
83113  -51.074  13.103  30.831 0.0000000000
123616  -52.315  11.714  29.270 0.0000000000
82440  -52.005  10.999  29.165 0.0000000000
81808  -51.434  10.686  28.919 0.0000000000
81817  -51.839  10.700  27.782 0.0000000000
82459  -54.122  12.882  25.999 0.0000000000
81840  -52.046  11.613  25.106 0.0000000000
81831  -51.308  11.042  25.296 0.0000000000
81090  -50.549  10.585  24.891 0.0000000000
81839  -50.982  11.227  24.374 0.0000000000
82487  -49.746  12.367  22.382 0.0000000000
81856  -49.437  11.700  22.883 0.0000000000
82486  -48.878  11.916  22.097 0.0000000000
82496  -48.673  11.956  21.322 0.0000000000
82505  -48.910  12.104  20.643 0.0000000000
82506  -49.440  12.872  20.557 0.0000000000
83256  -50.152  13.585  19.079 0.0000000000
82517  -49.711  13.084  19.625 0.0000000000
82527  -50.091  12.898  18.726 0.0000000000
82528  -50.682  12.933  17.754 0.0000000000
83921  -53.791  15.517  18.781 0.0000000000
83920  -52.312  14.795  18.836 0.0000000000
83946  -52.693  15.131  15.156 0.0000000000
83935  -52.203  15.053  16.501 0.0000000000
83267  -52.360  14.201  15.701 0.0000000000
82543  -52.472  13.444  14.282 0.0000000000
83280  -52.423  13.750  13.984 0.0000000000
117429  -52.073  13.755  13.744 0.0000000000
81910  -50.465  12.169  14.953 0.0000000000
82541  -50.064  12.972  15.553 0.0000000000
85099  -48.786  16.744  16.370 0.0000000000
85108  -48.575  16.631  15.614 0.0000000000
84537  -45.679  16.349  15.514 0.0000000000
83951  -46.402  16.288  15.026 0.0000000000
83835  -51.017  14.034  24.099 0.0000000000
83852  -51.183  14.411  23.339 0.0000000000
83207  -50.239  14.214  23.553 0.0000000000
83850  -48.838  14.161  23.179 0.0000000000
83869  -49.029  14.444  22.468 0.0000000000
106309  -48.433  14.629  21.031 0.0000000000
83886  -47.560  14.461  21.487 0.0000000000
83190  -47.037  13.562  24.249 0.0000000000
83884  -45.669  14.467  21.552 0.0000000000
83901  -45.920  14.624  20.622 0.0000000000
83902  -46.763  14.689  20.423 0.0000000000
83917  -44.918  15.386  18.475 0.0000000000
114646  -45.050  14.757  19.795 0.0000000000
83899  -43.093  15.135  19.650 0.0000000000
83251  -42.516  15.290  17.985 0.0000000000
83914  -42.219  15.546  18.551 0.0000000000
83913  -41.743  15.502  18.758 0.0000000000
84500  -41.339  16.073  19.160 0.0000000000
84499  -40.692  16.401  19.232 0.0000000000
83880  -42.270  15.668  21.578 0.0000000000
85070  -40.075  18.296  20.328 0.0000000000
84490  -40.618  17.589  19.816 0.0000000000
112446  -39.885  17.800  19.653 0.0000000000
85609  -44.030  17.619  27.783 0.0000000000
85597  -43.782  16.823  28.158 0.0000000000
85617  -43.133  17.780  26.602 0.0000000000
85051  -42.447  17.846  25.464 0.0000000000
77538  -44.365  5.393  27.212 0.0000000000
77551  -44.839  5.278  26.597 0.0000000000
78255  -44.344  6.163  27.396 0.0000000000
78951  -44.493  7.448  27.561 0.0000000000
85527  -54.004  18.155  37.437 0.0000000000
84952  -53.341  17.788  36.190 0.0000000000
85538  -51.923  17.692  35.341 0.0000000000
86681  -51.103  18.629  34.826 0.0000000000
80348  -39.524  9.791  35.230 0.0000000000
81001  -40.453  9.586  35.524 0.0000000000
74075  -53.317  1.775  31.262 0.0000000000
105081  -52.572  1.351  31.323 0.0000000000
73190  -51.340  0.519  30.603 0.0000000000
73183  -51.795  0.800  31.404 0.0000000000
73182  -50.752  0.633  31.472 0.0000000000
74057  -40.115  2.212  32.278 0.0000000000
74958  -38.514  2.840  32.340 0.0000000000
76761  -55.242  4.660  23.503 0.0000000000
76760  -54.403  4.509  23.276 0.0000000000
76759  -53.921  4.424  23.083 0.0000000000
76775  -53.405  4.494  22.611 0.0000000000
79743  -47.749  8.347  20.862 0.0000000000
79744  -48.259  8.348  20.260 0.0000000000
114697  -49.119  8.917  19.322 0.0000000000
80451  -49.268  9.699  19.245 0.0000000000
81884  -49.589  11.370  19.187 0.0000000000
83094  -47.136  13.149  31.854 0.0000000000
82416  -47.577  12.999  30.858 0.0000000000
83110  -48.536  13.042  30.889 0.0000000000
82421  -49.896  12.557  30.376 0.0000000000
105778  -55.472  14.998  24.790 0.0000000000
83856  -55.498  15.154  22.439 0.0000000000
83874  -55.606  15.267  22.054 0.0000000000
84495  -55.464  15.382  21.021 0.0000000000
84482  -54.989  15.753  21.455 0.0000000000
84493  -54.488  16.043  20.622 0.0000000000
106016  -52.311  16.239  19.653 0.0000000000
105649  -51.938  15.812  20.493 0.0000000000
122154  -51.606  15.560  21.257 0.0000000000
84492  -50.772  15.547  21.166 0.0000000000
83796  -46.006  14.392  28.125 0.0000000000
83140  -45.690  13.704  27.006 0.0000000000
120873  -45.617  14.175  27.562 0.0000000000
83139  -44.911  14.095  27.259 0.0000000000
83154  -44.023  13.951  26.828 0.0000000000
125318  -43.536  14.228  26.425 0.0000000000
83812  -43.284  14.585  26.870 0.0000000000
83793  -42.835  15.316  27.076 0.0000000000
74149  -48.799  1.975  24.968 0.0000000000
75046  -48.472  2.512  24.412 0.0000000000
75060  -48.077  3.080  23.942 0.0000000000
78289  -45.962  5.829  25.045 0.0000000000
111503  -46.208  5.991  24.374 0.0000000000
109186  -46.488  7.074  23.127 0.0000000000
79716  -46.719  8.352  23.599 0.0000000000
83076  -51.937  12.729  35.793 0.0000000000
123688  -51.702  13.294  34.779 0.0000000000
83729  -53.904  14.102  34.872 0.0000000000
84387  -55.263  15.652  33.940 0.0000000000
83749  -56.316  15.029  33.495 0.0000000000
84402  -56.048  15.485  32.945 0.0000000000
84415  -55.803  15.520  31.223 0.0000000000
84424  -55.559  15.350  30.223 0.0000000000
84433  -55.507  15.335  29.217 0.0000000000
84432  -54.771  15.506  29.561 0.0000000000
123303  -53.294  14.714  27.781 0.0000000000
83786  -52.932  14.732  28.432 0.0000000000
83769  -52.593  14.839  29.243 0.0000000000
83768  -51.459  14.566  29.372 0.0000000000
84398  -50.065  15.618  32.215 0.0000000000
84410  -49.300  15.724  31.617 0.0000000000
105587  -48.788  15.496  30.834 0.0000000000
84418  -48.349  15.228  30.127 0.0000000000
108776  -47.912  15.718  30.725 0.0000000000
84408  -47.705  16.312  31.004 0.0000000000
80363  -40.985  8.845  30.870 0.0000000000
80364  -41.479  9.326  30.431 0.0000000000
80361  -41.386  9.535  31.252 0.0000000000
81033  -42.019  10.312  32.116 0.0000000000
80336  -42.913  9.650  35.391 0.0000000000
80354  -43.488  9.607  34.717 0.0000000000
80350  -43.735  9.620  35.509 0.0000000000
81022  -44.389  9.546  35.437 0.0000000000
81777  -45.500  10.320  34.601 0.0000000000
81764  -46.024  10.390  35.181 0.0000000000
81765  -46.372  10.834  35.571 0.0000000000
123420  -45.886  13.146  34.879 0.0000000000
82390  -46.306  12.201  35.568 0.0000000000
83071  -46.585  13.138  35.302 0.0000000000
114478  -48.316  12.676  36.276 0.0000000000
83056  -48.975  11.805  36.682 0.0000000000
77573  -57.594  5.728  24.726 0.0000000000
77574  -58.113  5.755  25.498 0.0000000000
111163  -55.603  2.393  27.954 0.0000000000
75883  -55.912  2.887  27.336 0.0000000000
125933  -55.485  2.332  27.254 0.0000000000
74121  -53.201  1.494  26.330 0.0000000000
74120  -52.346  1.345  26.358 0.0000000000
73234  -51.778  0.840  26.760 0.0000000000
73232  -50.016  0.590  26.870 0.0000000000
112258  -48.990  0.535  28.735 0.0000000000
73205  -48.335  0.533  28.309 0.0000000000
74096  -45.921  2.023  27.963 0.0000000000
75005  -45.157  2.396  27.564 0.0000000000
74932  -44.778  2.841  35.437 0.0000000000
74915  -45.924  2.787  36.157 0.0000000000
74933  -45.616  3.071  35.576 0.0000000000
74934  -46.371  3.230  35.637 0.0000000000
74047  -48.126  2.448  33.299 0.0000000000
74965  -47.628  3.488  32.794 0.0000000000
76677  -46.561  4.697  32.027 0.0000000000
76695  -43.068  4.919  30.316 0.0000000000
77513  -41.558  5.418  30.174 0.0000000000
77522  -41.145  6.106  29.936 0.0000000000
111627  -40.624  5.912  30.327 0.0000000000
77648  -54.153  6.160  17.728 0.0000000000
76772  -50.552  4.156  22.120 0.0000000000
76802  -50.826  4.835  20.841 0.0000000000
77630  -50.074  6.419  19.251 0.0000000000
77670  -52.752  6.176  16.011 0.0000000000
78381  -52.035  6.561  15.803 0.0000000000
80470  -51.246  10.165  16.419 0.0000000000
80485  -52.090  9.896  12.353 0.0000000000
81160  -52.289  10.775  12.547 0.0000000000
109644  -52.291  11.503  12.884 0.0000000000
81916  -52.254  11.850  13.077 0.0000000000
80374  -44.110  9.642  28.122 0.0000000000
81047  -44.419  10.330  28.421 0.0000000000
81063  -45.825  9.807  27.807 0.0000000000
121258  -48.732  10.710  28.611 0.0000000000
81051  -48.116  10.644  28.443 0.0000000000
107500  -48.745  10.108  28.220 0.0000000000
80382  -48.772  9.443  27.610 0.0000000000
80400  -48.862  9.034  25.616 0.0000000000
80408  -49.299  9.639  25.083 0.0000000000
81089  -49.722  10.281  24.567 0.0000000000
82423  -51.646  12.702  30.250 0.0000000000
82434  -52.318  12.472  29.750 0.0000000000
82441  -52.543  11.440  28.511 0.0000000000
82471  -53.351  12.601  24.346 0.0000000000
81841  -52.704  12.116  24.923 0.0000000000
82480  -53.055  12.676  23.618 0.0000000000
82479  -52.064  12.341  23.443 0.0000000000
81849  -51.485  11.770  23.901 0.0000000000
81848  -50.721  11.562  23.665 0.0000000000
82478  -51.177  12.136  23.258 0.0000000000
82488  -50.740  12.499  22.566 0.0000000000
82498  -50.238  12.906  21.820 0.0000000000
83225  -49.836  13.229  21.130 0.0000000000
83246  -50.269  13.753  19.653 0.0000000000
83247  -50.880  14.146  19.012 0.0000000000
84524  -53.206  16.186  17.077 0.0000000000
107211  -53.102  15.952  16.011 0.0000000000
83956  -52.319  14.386  14.352 0.0000000000
83955  -51.820  15.243  14.563 0.0000000000
83273  -49.368  13.758  15.903 0.0000000000
84531  -48.097  16.401  17.143 0.0000000000
84530  -47.085  16.260  16.822 0.0000000000
105588  -45.931  16.374  16.405 0.0000000000
108425  -50.089  13.794  24.236 0.0000000000
83849  -48.096  14.030  23.299 0.0000000000
83202  -45.427  13.739  23.868 0.0000000000
83214  -45.878  13.974  22.977 0.0000000000
83866  -45.303  14.270  22.343 0.0000000000
125392  -44.199  14.413  20.982 0.0000000000
84501  -41.759  15.751  18.868 0.0000000000
83898  -42.410  15.491  19.697 0.0000000000
120604  -41.533  16.392  20.082 0.0000000000
85071  -40.911  18.318  21.193 0.0000000000
85642  -40.342  18.397  21.440 0.0000000000
85641  -39.706  18.208  20.944 0.0000000000
75028  -45.511  2.927  25.855 0.0000000000
75908  -46.067  3.210  25.073 0.0000000000
75907  -45.637  3.729  25.366 0.0000000000
77562  -45.672  5.233  25.329 0.0000000000
77552  -45.311  5.251  26.014 0.0000000000
78281  -46.231  6.772  26.031 0.0000000000
78962  -46.655  7.372  26.295 0.0000000000
83046  -54.002  14.364  36.573 0.0000000000
83701  -54.367  14.959  36.914 0.0000000000
84345  -55.598  15.585  36.620 0.0000000000
84359  -55.621  16.343  35.966 0.0000000000
84378  -55.394  16.011  35.178 0.0000000000
84413  -52.851  15.376  31.158 0.0000000000
84399  -51.542  15.507  32.706 0.0000000000
84384  -50.860  15.765  33.401 0.0000000000
84972  -51.004  16.934  34.488 0.0000000000
84989  -50.389  16.382  33.746 0.0000000000
84383  -50.007  15.820  33.060 0.0000000000
84988  -49.606  16.646  33.176 0.0000000000
85565  -49.105  17.356  32.743 0.0000000000
79650  -41.569  8.583  35.146 0.0000000000
80335  -42.009  8.970  35.537 0.0000000000
81002  -41.316  9.310  35.669 0.0000000000
81003  -42.083  9.284  35.591 0.0000000000
74093  -54.287  1.819  29.081 0.0000000000
73208  -52.318  0.576  28.115 0.0000000000
73200  -52.512  0.733  29.028 0.0000000000
124571  -50.870  0.309  29.032 0.0000000000
73197  -50.189  0.324  29.049 0.0000000000
118930  -50.063  0.375  29.808 0.0000000000
73196  -49.401  0.523  29.415 0.0000000000
73195  -48.659  0.778  29.182 0.0000000000
74089  -47.535  1.608  29.526 0.0000000000
74992  -47.128  2.286  30.064 0.0000000000
73148  -45.279  1.418  35.768 0.0000000000
73147  -43.875  1.766  36.031 0.0000000000
74913  -44.328  2.465  35.961 0.0000000000
75855  -40.741  3.786  30.760 0.0000000000
76687  -40.123  4.088  31.147 0.0000000000
76685  -39.021  4.549  31.736 0.0000000000
75830  -38.757  3.685  31.868 0.0000000000
77615  -48.891  6.022  20.699 0.0000000000
78338  -49.143  6.390  20.051 0.0000000000
79032  -48.536  7.580  20.001 0.0000000000
78350  -49.464  6.872  19.450 0.0000000000
78359  -49.894  7.043  18.882 0.0000000000
79053  -50.643  7.598  17.723 0.0000000000
80463  -50.697  9.452  17.253 0.0000000000
80458  -50.359  9.840  17.848 0.0000000000
81904  -51.358  11.438  16.510 0.0000000000
125108  -45.812  11.880  29.825 0.0000000000
82427  -46.488  12.118  29.785 0.0000000000
81797  -47.926  11.650  29.291 0.0000000000
108972  -47.688  12.508  30.159 0.0000000000
82429  -48.224  12.069  29.749 0.0000000000
81806  -48.387  11.163  28.904 0.0000000000
115367  -50.072  10.263  28.190 0.0000000000
123213  -54.737  13.512  28.211 0.0000000000
124888  -53.864  12.907  28.400 0.0000000000
112660  -54.597  13.377  26.665 0.0000000000
82465  -54.595  13.332  25.203 0.0000000000
83195  -55.240  14.756  24.259 0.0000000000
82472  -54.591  13.483  24.419 0.0000000000
124899  -54.056  13.182  23.772 0.0000000000
83208  -54.011  13.322  23.047 0.0000000000
111317  -52.893  13.904  21.370 0.0000000000
83239  -53.518  14.605  20.424 0.0000000000
110754  -54.236  15.521  19.517 0.0000000000
83922  -54.350  16.023  18.691 0.0000000000
83908  -55.113  15.669  20.458 0.0000000000
83923  -54.729  15.983  19.626 0.0000000000
84525  -53.932  16.258  18.049 0.0000000000
84532  -53.162  16.503  17.266 0.0000000000
85102  -52.584  16.698  16.557 0.0000000000
85101  -51.439  16.775  16.772 0.0000000000
106460  -50.719  16.809  15.787 0.0000000000
85091  -50.327  16.554  17.691 0.0000000000
84522  -49.531  16.172  18.509 0.0000000000
84521  -48.450  16.051  18.202 0.0000000000
83919  -47.748  15.369  19.572 0.0000000000
105658  -48.138  13.518  26.303 0.0000000000
83175  -48.278  13.489  25.513 0.0000000000
83174  -47.483  13.449  25.709 0.0000000000
105686  -46.839  13.432  25.094 0.0000000000
83189  -46.183  13.510  24.489 0.0000000000
83156  -45.846  13.528  26.231 0.0000000000
105884  -46.013  13.442  25.368 0.0000000000
83201  -44.550  13.996  23.720 0.0000000000
83848  -43.836  14.221  23.144 0.0000000000
126772  -43.014  14.516  22.853 0.0000000000
83847  -43.056  14.416  23.587 0.0000000000
83845  -42.268  15.292  23.913 0.0000000000
83833  -42.339  14.765  24.733 0.0000000000
84470  -42.141  16.129  24.218 0.0000000000
112154  -42.246  17.173  24.385 0.0000000000
75050  -52.511  2.786  24.089 0.0000000000
75935  -52.647  3.285  23.558 0.0000000000
119334  -51.302  2.781  23.964 0.0000000000
75934  -51.259  3.265  23.415 0.0000000000
75933  -50.310  3.308  23.291 0.0000000000
75932  -49.385  3.293  23.192 0.0000000000
75947  -49.871  3.758  22.484 0.0000000000
115520  -49.311  4.203  22.116 0.0000000000
77591  -48.419  5.074  21.854 0.0000000000
75917  -46.495  3.564  24.409 0.0000000000
75929  -46.910  3.941  23.750 0.0000000000
76757  -46.894  4.768  23.384 0.0000000000
76758  -47.370  4.233  23.264 0.0000000000
109830  -47.865  4.896  22.360 0.0000000000
79021  -47.507  7.703  21.201 0.0000000000
79020  -47.007  7.762  21.776 0.0000000000
114715  -47.634  8.966  21.188 0.0000000000
81122  -47.712  10.294  21.519 0.0000000000
83086  -49.368  12.579  34.430 0.0000000000
118207  -50.003  13.356  33.567 0.0000000000
83098  -50.690  13.588  32.676 0.0000000000
83088  -52.063  13.889  33.752 0.0000000000
121457  -52.092  13.460  31.947 0.0000000000
125599  -52.886  13.289  31.117 0.0000000000
83115  -53.541  13.447  30.700 0.0000000000
83116  -54.246  13.709  30.192 0.0000000000
83717  -54.972  14.614  36.170 0.0000000000
83730  -55.253  14.686  34.694 0.0000000000
83738  -55.367  14.567  33.882 0.0000000000
83748  -56.419  14.995  33.114 0.0000000000
83109  -54.861  14.164  30.994 0.0000000000
83122  -54.766  14.000  29.564 0.0000000000
83131  -55.164  14.229  28.798 0.0000000000
83147  -55.954  14.762  27.149 0.0000000000
83164  -56.123  14.989  26.481 0.0000000000
84442  -55.582  15.441  28.210 0.0000000000
84451  -55.611  15.431  27.316 0.0000000000
83825  -55.792  15.094  25.753 0.0000000000
83824  -55.221  15.198  25.427 0.0000000000
105775  -54.403  14.858  24.920 0.0000000000
83837  -53.477  14.679  24.393 0.0000000000
126253  -52.463  14.382  24.541 0.0000000000
83194  -51.676  13.962  24.763 0.0000000000
123419  -51.807  13.903  25.506 0.0000000000
83813  -52.192  14.233  26.721 0.0000000000
83161  -51.481  13.758  26.210 0.0000000000
83177  -50.889  13.624  25.522 0.0000000000
125283  -50.214  13.518  25.771 0.0000000000
120391  -49.688  13.473  25.921 0.0000000000
83159  -49.587  13.561  26.680 0.0000000000
84421  -51.869  14.983  30.674 0.0000000000
83757  -51.160  14.671  30.142 0.0000000000
83767  -50.474  14.523  29.470 0.0000000000
83143  -49.430  13.755  27.493 0.0000000000
83158  -48.774  13.637  26.887 0.0000000000
105351  -47.999  13.716  27.099 0.0000000000
83798  -47.833  14.141  27.858 0.0000000000
83797  -46.928  14.244  28.059 0.0000000000
106474  -47.963  14.988  29.429 0.0000000000
115599  -45.568  14.832  28.736 0.0000000000
83780  -45.193  15.445  29.102 0.0000000000
78944  -42.578  7.764  28.765 0.0000000000
78945  -43.236  7.683  28.377 0.0000000000
79669  -42.711  8.508  28.629 0.0000000000
80372  -42.814  9.311  28.771 0.0000000000
80365  -41.979  9.774  30.062 0.0000000000
124980  -42.950  9.868  29.249 0.0000000000
81045  -43.351  10.430  29.489 0.0000000000
81794  -43.834  11.049  29.877 0.0000000000
81790  -44.396  11.563  30.400 0.0000000000
80358  -42.234  9.944  32.957 0.0000000000
81034  -42.560  10.468  32.380 0.0000000000
81029  -43.153  10.196  33.377 0.0000000000
81781  -43.197  10.970  32.168 0.0000000000
81786  -43.728  11.422  31.477 0.0000000000
107917  -44.217  11.683  31.052 0.0000000000
82413  -44.957  11.984  31.069 0.0000000000
82414  -45.746  12.466  31.615 0.0000000000
82410  -46.422  12.642  32.594 0.0000000000
82401  -45.944  11.955  33.227 0.0000000000
83095  -47.342  13.028  32.716 0.0000000000
83085  -48.544  12.504  33.991 0.0000000000
81748  -45.517  10.552  36.011 0.0000000000
81749  -46.168  10.896  35.761 0.0000000000
81750  -46.836  11.122  35.875 0.0000000000
82372  -46.716  11.350  35.917 0.0000000000
82391  -47.498  11.212  35.623 0.0000000000
82404  -48.109  11.381  34.929 0.0000000000
83075  -50.280  11.720  36.279 0.0000000000
82376  -49.962  11.601  36.697 0.0000000000
108844  -51.139  12.300  36.312 0.0000000000
83043  -51.419  12.685  36.648 0.0000000000
125236  -56.855  5.091  24.659 0.0000000000
76762  -56.116  5.047  23.948 0.0000000000
76747  -54.788  4.073  23.826 0.0000000000
76737  -56.377  3.718  25.869 0.0000000000
114299  -55.593  2.725  26.649 0.0000000000
109768  -55.750  3.168  26.103 0.0000000000
75909  -55.503  3.342  25.409 0.0000000000
75051  -53.933  2.674  24.498 0.0000000000
114878  -53.177  2.689  24.323 0.0000000000
75049  -51.738  2.583  24.366 0.0000000000
74151  -50.598  2.123  25.001 0.0000000000
109262  -51.008  1.636  25.560 0.0000000000
74150  -49.737  2.043  24.965 0.0000000000
74133  -46.822  1.909  25.795 0.0000000000
73220  -50.483  0.408  27.523 0.0000000000
73231  -49.007  0.536  26.899 0.0000000000
73218  -48.589  0.396  27.529 0.0000000000
73230  -48.131  0.537  26.844 0.0000000000
74115  -47.770  1.040  26.240 0.0000000000
125712  -45.823  2.458  26.116 0.0000000000
75017  -44.893  2.992  26.497 0.0000000000
75895  -44.510  3.612  26.907 0.0000000000
116151  -44.159  4.014  27.532 0.0000000000
76713  -44.019  4.749  27.711 0.0000000000
77532  -43.512  6.013  28.368 0.0000000000
74052  -52.241  1.909  33.773 0.0000000000
73995  -50.100  2.207  37.659 0.0000000000
73980  -49.645  3.221  38.055 0.0000000000
74900  -49.390  3.262  37.623 0.0000000000
73149  -45.986  1.560  35.872 0.0000000000
74020  -47.147  2.661  36.542 0.0000000000
74021  -47.841  2.862  37.098 0.0000000000
74920  -49.793  3.522  36.965 0.0000000000
74037  -50.708  2.153  34.819 0.0000000000
74051  -51.459  1.692  33.805 0.0000000000
107970  -51.167  1.234  32.889 0.0000000000
73175  -49.945  0.991  32.024 0.0000000000
74072  -48.610  1.657  31.514 0.0000000000
75833  -46.041  4.410  32.500 0.0000000000
116798  -46.185  4.415  31.461 0.0000000000
122816  -45.437  4.293  31.211 0.0000000000
75860  -45.668  4.110  30.783 0.0000000000
74980  -45.924  3.336  30.287 0.0000000000
77531  -43.027  6.431  28.845 0.0000000000
78248  -42.753  7.119  28.725 0.0000000000
78938  -42.144  7.402  29.125 0.0000000000
78937  -41.583  7.741  29.511 0.0000000000
79664  -41.214  8.092  29.942 0.0000000000
78936  -40.998  7.441  30.010 0.0000000000
79655  -40.329  8.191  33.205 0.0000000000
77505  -39.711  5.624  31.274 0.0000000000
79652  -40.208  8.148  34.401 0.0000000000
79648  -39.962  8.379  35.256 0.0000000000
79638  -39.496  8.630  35.569 0.0000000000
78921  -39.105  7.917  35.368 0.0000000000
78913  -38.974  8.228  35.523 0.0000000000
80332  -38.911  9.136  35.549 0.0000000000
77661  -56.102  5.906  15.841 0.0000000000
78374  -56.232  6.785  16.250 0.0000000000
77674  -55.728  6.319  15.691 0.0000000000
76831  -55.663  5.206  16.346 0.0000000000
76830  -54.781  5.097  16.085 0.0000000000
76844  -54.247  5.511  15.802 0.0000000000
75950  -52.827  3.823  22.978 0.0000000000
76773  -51.443  4.307  22.136 0.0000000000
76791  -52.933  4.785  21.767 0.0000000000
76801  -50.137  5.171  20.515 0.0000000000
105610  -52.739  5.176  19.849 0.0000000000
112519  -53.784  6.098  16.831 0.0000000000
106660  -53.295  5.916  16.969 0.0000000000
76843  -52.908  5.539  15.336 0.0000000000
77683  -52.606  5.894  14.678 0.0000000000
77690  -52.056  6.349  14.245 0.0000000000
78398  -51.885  7.144  13.778 0.0000000000
79774  -51.486  8.771  15.066 0.0000000000
79081  -52.267  7.686  13.748 0.0000000000
78397  -50.800  7.233  13.510 0.0000000000
79080  -50.336  7.757  13.487 0.0000000000
79782  -50.108  8.389  13.567 0.0000000000
80484  -51.506  9.273  12.471 0.0000000000
80479  -50.721  9.326  12.908 0.0000000000
115657  -49.755  9.170  14.245 0.0000000000
126831  -44.582  9.228  27.779 0.0000000000
79673  -44.738  8.393  27.575 0.0000000000
78952  -45.272  7.633  27.220 0.0000000000
78961  -46.135  7.682  26.845 0.0000000000
78963  -47.319  7.678  26.096 0.0000000000
81803  -45.815  11.033  28.788 0.0000000000
81049  -46.333  10.440  28.292 0.0000000000
81064  -46.974  9.667  27.735 0.0000000000
79693  -47.164  7.789  25.325 0.0000000000
79717  -47.140  8.785  24.017 0.0000000000
80418  -47.495  9.386  23.581 0.0000000000
81112  -47.620  10.156  22.283 0.0000000000
83104  -49.635  13.405  31.721 0.0000000000
83112  -50.203  12.992  30.853 0.0000000000
82432  -50.773  11.577  29.700 0.0000000000
125527  -50.261  11.496  29.586 0.0000000000
81800  -50.632  10.977  29.295 0.0000000000
81053  -50.734  10.500  28.591 0.0000000000
81074  -50.713  10.269  26.851 0.0000000000
82442  -53.279  12.377  28.039 0.0000000000
82451  -52.806  11.883  27.403 0.0000000000
81826  -52.343  11.597  26.700 0.0000000000
81832  -52.565  11.864  25.706 0.0000000000
81825  -51.756  11.091  26.982 0.0000000000
81082  -51.293  10.761  26.363 0.0000000000
110190  -50.042  11.494  23.432 0.0000000000
81847  -49.536  11.222  23.454 0.0000000000
81846  -48.848  11.119  23.040 0.0000000000
81855  -48.422  11.293  22.283 0.0000000000
81864  -48.274  11.451  21.581 0.0000000000
116949  -48.255  10.990  20.651 0.0000000000
81883  -48.829  11.338  20.096 0.0000000000
81898  -50.952  12.136  17.152 0.0000000000
82542  -51.879  12.554  15.562 0.0000000000
110349  -52.456  12.777  14.077 0.0000000000
82548  -52.329  13.239  13.710 0.0000000000
83279  -52.218  13.674  13.793 0.0000000000
81911  -51.653  12.170  13.510 0.0000000000
118274  -50.477  11.222  14.548 0.0000000000
109218  -49.514  16.868  15.514 0.0000000000
85114  -49.190  16.440  15.058 0.0000000000
85112  -47.011  16.417  15.273 0.0000000000
83952  -46.738  16.142  14.885 0.0000000000
83853  -52.113  14.651  23.051 0.0000000000
83871  -51.365  14.773  22.501 0.0000000000
106402  -50.155  15.160  21.723 0.0000000000
83851  -49.589  14.357  23.019 0.0000000000
83870  -49.799  14.710  22.332 0.0000000000
83904  -49.102  14.989  20.811 0.0000000000
83918  -46.925  15.226  19.667 0.0000000000
119781  -47.865  13.677  24.055 0.0000000000
83868  -47.627  14.268  22.564 0.0000000000
83215  -46.771  14.064  22.806 0.0000000000
105809  -46.992  14.321  22.102 0.0000000000
125914  -47.180  14.503  20.897 0.0000000000
83927  -43.372  15.879  17.804 0.0000000000
127047  -43.013  16.069  17.328 0.0000000000
83897  -41.377  15.195  18.968 0.0000000000
85069  -39.086  17.666  21.333 0.0000000000
86128  -48.735  18.855  32.349 0.0000000000
85578  -47.189  17.581  30.679 0.0000000000
85577  -46.637  17.444  30.359 0.0000000000
85007  -46.112  16.997  30.172 0.0000000000
85013  -45.450  16.579  29.787 0.0000000000
85599  -44.985  17.702  29.043 0.0000000000
85023  -44.290  16.482  28.769 0.0000000000
85022  -43.673  16.063  28.288 0.0000000000
85031  -43.189  16.436  27.647 0.0000000000
85030  -42.620  16.097  27.103 0.0000000000
85607  -42.787  16.920  26.910 0.0000000000
85050  -42.289  17.259  25.091 0.0000000000
73233  -51.006  0.596  26.774 0.0000000000
74016  -43.778  2.214  36.063 0.0000000000
74083  -53.795  1.810  30.516 0.0000000000
74103  -46.456  1.592  27.646 0.0000000000
74104  -52.910  1.147  26.871 0.0000000000
74138  -52.785  1.865  25.650 0.0000000000
74935  -47.025  3.397  35.283 0.0000000000
75064  -51.902  2.978  23.775 0.0000000000
76678  -47.035  4.728  32.148 0.0000000000
77689  -51.077  6.601  14.008 0.0000000000
79087  -50.903  8.292  12.539 0.0000000000
79088  -51.040  7.982  12.498 0.0000000000
79089  -51.575  8.390  12.531 0.0000000000
79094  -51.486  8.735  12.462 0.0000000000
79787  -51.207  8.728  12.389 0.0000000000
80373  -43.469  9.258  28.354 0.0000000000
80429  -46.988  8.935  22.485 0.0000000000
81005  -44.532  9.699  36.120 0.0000000000
81066  -50.749  10.241  27.806 0.0000000000
81809  -52.018  10.756  28.448 0.0000000000
81874  -47.924  10.993  21.193 0.0000000000
82374  -48.977  11.403  36.497 0.0000000000
83060  -53.103  13.408  36.640 0.0000000000
83070  -45.301  13.550  34.632 0.0000000000
83130  -54.157  13.061  27.633 0.0000000000
83132  -55.647  14.425  27.986 0.0000000000
83160  -50.484  13.555  26.375 0.0000000000
83179  -55.332  14.369  24.904 0.0000000000
83219  -55.627  15.207  22.228 0.0000000000
83700  -52.994  14.245  37.353 0.0000000000
83703  -55.684  15.396  36.331 0.0000000000
83718  -55.664  15.119  36.195 0.0000000000
83760  -55.800  15.123  29.896 0.0000000000
83771  -55.832  14.929  29.513 0.0000000000
83801  -53.180  14.631  27.054 0.0000000000
83803  -55.142  15.540  26.878 0.0000000000
83804  -56.069  15.110  27.014 0.0000000000
83888  -50.976  15.236  21.786 0.0000000000
84344  -55.290  15.698  37.030 0.0000000000
84360  -55.870  16.024  36.015 0.0000000000
84379  -55.668  15.737  35.471 0.0000000000
84443  -56.047  15.162  27.802 0.0000000000
84457  -55.717  15.295  26.481 0.0000000000
84458  -56.035  15.075  26.268 0.0000000000
84483  -55.516  15.390  21.476 0.0000000000
84494  -55.224  15.781  20.763 0.0000000000
84542  -47.020  16.228  14.937 0.0000000000
84944  -55.610  16.193  36.550 0.0000000000
84945  -55.795  15.791  36.227 0.0000000000
85012  -44.869  16.162  29.340 0.0000000000
85098  -47.667  16.525  15.991 0.0000000000
85109  -52.128  16.841  15.783 0.0000000000
86105  -51.799  18.242  35.426 0.0000000000
86129  -49.225  18.229  32.831 0.0000000000
107116  -48.360  14.304  22.719 0.0000000000
110891  -51.592  0.429  28.916 0.0000000000
112682  -54.498  15.977  37.300 0.0000000000
116047  -51.418  10.474  28.183 0.0000000000
120294  -53.874  13.287  29.537 0.0000000000
120645  -50.150  16.833  14.923 0.0000000000
121208  -43.741  14.419  27.278 0.0000000000
122799  -54.637  14.503  35.386 0.0000000000
123024  -50.457  14.871  22.200 0.0000000000
126258  -56.385  15.117  32.683 0.0000000000
126900  -55.345  15.022  24.854 0.0000000000
