#!ascii label  , from subject freesurfer vox2ras=TkReg
1211
121792  -14.760  -39.643  60.399 0.0000000000
44161  -33.192  -32.415  46.835 0.0000000000
108683  -32.619  -26.758  44.103 0.0000000000
43201  -27.473  -33.122  53.009 0.0000000000
58357  -40.687  -16.641  38.048 0.0000000000
54026  -35.477  -21.629  38.755 0.0000000000
108987  -36.168  -31.204  53.358 0.0000000000
45030  -31.695  -31.609  51.128 0.0000000000
59207  -47.872  -16.053  39.600 0.0000000000
61899  -51.108  -12.507  37.440 0.0000000000
65454  -52.131  -8.779  35.898 0.0000000000
53913  -35.822  -21.343  47.531 0.0000000000
118543  -31.756  -23.484  41.158 0.0000000000
54792  -37.983  -19.863  45.232 0.0000000000
54813  -41.187  -20.644  42.657 0.0000000000
108447  -24.168  -38.745  50.834 0.0000000000
38515  -12.026  -37.879  64.776 0.0000000000
46917  -34.898  -29.435  46.305 0.0000000000
51239  -34.513  -24.420  50.758 0.0000000000
108947  -25.386  -39.314  48.744 0.0000000000
41508  -26.017  -35.511  46.601 0.0000000000
65486  -49.625  -8.945  30.547 0.0000000000
68085  -53.869  -4.987  34.095 0.0000000000
54888  -38.058  -20.243  38.280 0.0000000000
54859  -44.956  -20.313  41.053 0.0000000000
36769  -16.202  -40.192  56.614 0.0000000000
35893  -6.901  -41.086  62.935 0.0000000000
125286  -49.151  -14.181  38.363 0.0000000000
117097  -36.868  -20.506  46.261 0.0000000000
36025  -22.277  -40.624  50.090 0.0000000000
105395  -13.657  -38.761  62.441 0.0000000000
43307  -34.392  -33.500  43.578 0.0000000000
45095  -35.385  -31.602  46.378 0.0000000000
40579  -26.255  -36.892  50.239 0.0000000000
39648  -25.730  -37.656  47.994 0.0000000000
43237  -26.326  -33.696  49.874 0.0000000000
44128  -32.578  -31.891  48.728 0.0000000000
45080  -29.449  -31.429  47.186 0.0000000000
112784  -31.191  -32.208  44.940 0.0000000000
107688  -27.359  -34.801  54.058 0.0000000000
39609  -27.032  -38.246  51.185 0.0000000000
61930  -45.683  -12.860  33.738 0.0000000000
64627  -48.812  -10.008  31.850 0.0000000000
67221  -52.760  -6.849  35.273 0.0000000000
53122  -33.212  -22.174  39.559 0.0000000000
54028  -37.020  -21.363  38.717 0.0000000000
54831  -43.833  -21.406  42.364 0.0000000000
37717  -19.689  -39.645  53.647 0.0000000000
37698  -18.756  -39.793  54.961 0.0000000000
36758  -18.127  -40.053  57.921 0.0000000000
35977  -16.555  -41.130  54.417 0.0000000000
35901  -9.211  -42.101  61.021 0.0000000000
44104  -35.972  -32.785  50.559 0.0000000000
46008  -37.049  -31.156  50.089 0.0000000000
46869  -37.686  -29.568  52.855 0.0000000000
44968  -30.458  -31.645  55.992 0.0000000000
45028  -28.984  -31.184  51.700 0.0000000000
44076  -32.399  -31.628  53.833 0.0000000000
43213  -33.996  -32.387  52.177 0.0000000000
58340  -44.363  -16.092  40.009 0.0000000000
60127  -45.198  -14.468  38.134 0.0000000000
61042  -47.004  -13.115  36.816 0.0000000000
62787  -48.327  -11.297  35.464 0.0000000000
64603  -49.510  -9.457  34.461 0.0000000000
63697  -50.930  -10.799  36.332 0.0000000000
52173  -33.091  -23.858  46.747 0.0000000000
49619  -31.685  -26.020  43.154 0.0000000000
53938  -33.072  -21.665  44.572 0.0000000000
53947  -34.307  -20.918  43.082 0.0000000000
124346  -35.741  -21.129  41.559 0.0000000000
112255  -37.793  -21.309  40.795 0.0000000000
55620  -39.669  -19.679  43.444 0.0000000000
37738  -22.918  -39.286  52.328 0.0000000000
36863  -20.586  -40.624  51.563 0.0000000000
69768  -53.628  -3.634  29.672 0.0000000000
39459  -9.737  -36.941  63.630 0.0000000000
45129  -34.367  -31.496  43.484 0.0000000000
47807  -33.635  -28.468  44.663 0.0000000000
120414  -36.438  -28.733  48.919 0.0000000000
49545  -34.790  -27.023  48.730 0.0000000000
50416  -33.651  -25.806  47.212 0.0000000000
53023  -35.600  -22.356  49.161 0.0000000000
45048  -27.738  -31.688  48.614 0.0000000000
37742  -26.325  -39.314  52.635 0.0000000000
105783  -24.817  -38.916  49.859 0.0000000000
65468  -50.310  -7.952  34.104 0.0000000000
67243  -51.322  -6.141  32.246 0.0000000000
68926  -52.509  -4.693  31.305 0.0000000000
69749  -54.731  -3.915  33.132 0.0000000000
35933  -13.241  -41.648  57.298 0.0000000000
35910  -12.151  -41.104  59.318 0.0000000000
56547  -39.170  -18.316  37.363 0.0000000000
54853  -40.191  -21.436  40.450 0.0000000000
56502  -41.098  -19.347  40.405 0.0000000000
57375  -42.032  -17.485  40.263 0.0000000000
57379  -46.208  -17.974  40.485 0.0000000000
36744  -15.362  -39.999  58.738 0.0000000000
121722  -10.816  -40.130  61.925 0.0000000000
120289  -8.996  -39.096  63.937 0.0000000000
38544  -7.540  -38.801  62.326 0.0000000000
37625  -14.212  -39.162  61.579 0.0000000000
43281  -32.608  -32.917  45.267 0.0000000000
42381  -33.585  -32.792  45.366 0.0000000000
44162  -34.673  -32.486  46.418 0.0000000000
42309  -26.814  -34.941  51.780 0.0000000000
41474  -26.245  -35.308  50.107 0.0000000000
43211  -27.229  -32.996  52.216 0.0000000000
118928  -33.111  -32.338  48.064 0.0000000000
127244  -32.358  -31.864  47.131 0.0000000000
44160  -32.473  -32.141  46.455 0.0000000000
44193  -31.835  -32.623  44.873 0.0000000000
44049  -28.383  -32.347  55.457 0.0000000000
43163  -28.015  -33.183  55.884 0.0000000000
42290  -27.408  -34.090  53.957 0.0000000000
41447  -27.070  -35.895  52.078 0.0000000000
63733  -48.279  -10.469  32.519 0.0000000000
47818  -32.587  -28.122  43.659 0.0000000000
48736  -32.283  -27.675  43.266 0.0000000000
54024  -33.973  -21.974  38.957 0.0000000000
53152  -34.421  -22.734  37.607 0.0000000000
54027  -36.327  -21.592  38.713 0.0000000000
36851  -18.694  -40.813  52.657 0.0000000000
37699  -19.596  -39.603  54.682 0.0000000000
36812  -18.045  -40.152  54.203 0.0000000000
36792  -18.002  -39.990  55.287 0.0000000000
35987  -17.466  -41.569  53.542 0.0000000000
44087  -35.868  -32.368  51.801 0.0000000000
45032  -36.615  -31.455  51.687 0.0000000000
45993  -37.678  -30.110  53.594 0.0000000000
122211  -31.768  -32.011  56.035 0.0000000000
120653  -31.335  -31.603  54.697 0.0000000000
44052  -32.964  -31.895  55.418 0.0000000000
44996  -35.620  -31.249  54.211 0.0000000000
114463  -33.849  -32.255  53.504 0.0000000000
44078  -35.252  -32.405  52.376 0.0000000000
43215  -35.255  -32.582  51.590 0.0000000000
59205  -45.916  -15.786  39.386 0.0000000000
59218  -44.598  -14.815  38.713 0.0000000000
59220  -46.497  -15.294  38.935 0.0000000000
61028  -49.822  -13.412  37.971 0.0000000000
61027  -48.268  -13.672  37.657 0.0000000000
61911  -48.429  -12.395  36.613 0.0000000000
61922  -47.935  -11.866  35.948 0.0000000000
124058  -49.635  -11.607  36.554 0.0000000000
62780  -49.543  -11.059  36.135 0.0000000000
62773  -51.021  -11.633  36.820 0.0000000000
53911  -34.142  -21.732  47.265 0.0000000000
53081  -32.842  -22.619  45.712 0.0000000000
53920  -34.561  -21.223  46.855 0.0000000000
54791  -37.400  -20.239  45.774 0.0000000000
54789  -35.816  -20.429  45.349 0.0000000000
107129  -36.021  -20.467  43.750 0.0000000000
54823  -35.030  -20.817  42.607 0.0000000000
123788  -36.489  -20.556  43.233 0.0000000000
105216  -38.079  -20.714  43.024 0.0000000000
55613  -39.062  -19.092  44.044 0.0000000000
37740  -25.327  -39.158  52.343 0.0000000000
37720  -24.145  -39.703  53.267 0.0000000000
37755  -23.713  -38.930  51.711 0.0000000000
36873  -21.714  -40.529  50.745 0.0000000000
70631  -54.889  -2.965  31.000 0.0000000000
70639  -55.605  -2.511  30.483 0.0000000000
40420  -10.643  -36.877  65.013 0.0000000000
105332  -34.511  -31.897  44.021 0.0000000000
110338  -34.740  -32.989  42.991 0.0000000000
112635  -34.456  -31.188  44.235 0.0000000000
46073  -33.658  -30.209  43.938 0.0000000000
46941  -34.080  -29.376  44.868 0.0000000000
47740  -37.046  -28.399  51.274 0.0000000000
112962  -36.819  -29.379  49.457 0.0000000000
47744  -36.701  -28.106  50.914 0.0000000000
50365  -35.039  -25.310  51.327 0.0000000000
49524  -35.137  -26.754  50.366 0.0000000000
49523  -34.594  -26.115  49.662 0.0000000000
50402  -34.250  -26.062  48.534 0.0000000000
124721  -34.046  -24.613  49.848 0.0000000000
52135  -33.956  -23.484  48.752 0.0000000000
123342  -35.352  -22.821  50.649 0.0000000000
106743  -25.991  -37.404  46.959 0.0000000000
45040  -30.005  -31.363  51.163 0.0000000000
45038  -28.007  -31.562  50.390 0.0000000000
45050  -29.433  -31.394  49.405 0.0000000000
45101  -28.081  -31.486  45.843 0.0000000000
39575  -27.452  -38.269  53.361 0.0000000000
38655  -26.252  -38.125  49.856 0.0000000000
37773  -25.879  -38.560  50.277 0.0000000000
37781  -25.273  -39.244  49.317 0.0000000000
36892  -24.285  -40.609  48.453 0.0000000000
64593  -50.641  -9.120  35.398 0.0000000000
65460  -49.865  -8.755  34.193 0.0000000000
106121  -50.931  -7.690  34.743 0.0000000000
67236  -53.087  -6.198  34.905 0.0000000000
67240  -52.194  -6.282  33.852 0.0000000000
68083  -52.574  -5.760  33.395 0.0000000000
68092  -51.352  -5.705  31.446 0.0000000000
68089  -52.951  -5.131  33.029 0.0000000000
68927  -53.089  -4.172  31.812 0.0000000000
68917  -54.436  -4.370  33.679 0.0000000000
51341  -31.628  -24.552  42.350 0.0000000000
117987  -31.408  -26.218  41.287 0.0000000000
55706  -39.148  -19.327  36.535 0.0000000000
56537  -38.692  -18.937  37.865 0.0000000000
53958  -40.144  -21.646  41.665 0.0000000000
109319  -39.569  -21.619  40.795 0.0000000000
53974  -40.664  -21.634  41.473 0.0000000000
53978  -44.631  -21.018  41.258 0.0000000000
54856  -42.307  -21.207  40.807 0.0000000000
55655  -42.640  -20.120  40.499 0.0000000000
56503  -42.016  -19.237  40.492 0.0000000000
56505  -43.613  -18.878  40.461 0.0000000000
119309  -44.405  -17.556  40.485 0.0000000000
56507  -45.775  -18.847  40.638 0.0000000000
109473  -16.873  -40.059  56.489 0.0000000000
105972  -16.765  -39.912  58.340 0.0000000000
36745  -16.397  -39.856  58.939 0.0000000000
36768  -15.346  -40.447  56.721 0.0000000000
36767  -14.623  -40.898  56.956 0.0000000000
35948  -14.694  -40.883  55.969 0.0000000000
35909  -11.285  -41.579  59.373 0.0000000000
36708  -11.831  -40.371  60.793 0.0000000000
35903  -10.984  -41.097  60.107 0.0000000000
116805  -7.866  -41.851  61.920 0.0000000000
36697  -8.937  -40.876  62.063 0.0000000000
36685  -8.019  -39.832  63.398 0.0000000000
38527  -8.679  -38.428  63.635 0.0000000000
36683  -6.991  -40.244  62.756 0.0000000000
43165  -34.239  -31.832  56.114 0.0000000000
59209  -49.776  -16.419  39.694 0.0000000000
59222  -49.292  -15.778  38.859 0.0000000000
59224  -50.263  -15.465  38.872 0.0000000000
54780  -36.226  -20.922  47.486 0.0000000000
117039  -23.460  -40.029  49.403 0.0000000000
37770  -23.307  -39.040  50.709 0.0000000000
38529  -14.308  -38.023  64.249 0.0000000000
37605  -12.882  -38.580  63.765 0.0000000000
42380  -33.972  -33.657  44.282 0.0000000000
44194  -34.395  -32.496  44.631 0.0000000000
126319  -35.311  -31.004  46.020 0.0000000000
52977  -36.863  -22.447  51.509 0.0000000000
112916  -26.232  -37.966  49.590 0.0000000000
105754  -25.705  -38.238  48.206 0.0000000000
40587  -25.916  -36.950  49.533 0.0000000000
113623  -25.686  -36.341  48.303 0.0000000000
42332  -25.952  -34.690  48.401 0.0000000000
44112  -32.364  -31.790  49.787 0.0000000000
45068  -29.733  -31.363  48.657 0.0000000000
112277  -31.059  -31.605  47.542 0.0000000000
45093  -30.532  -31.633  46.196 0.0000000000
44206  -31.115  -32.399  43.170 0.0000000000
112871  -27.490  -35.278  55.455 0.0000000000
114869  -27.372  -37.531  52.936 0.0000000000
40555  -27.201  -36.719  52.452 0.0000000000
120003  -26.762  -37.774  50.532 0.0000000000
61058  -45.096  -13.431  34.218 0.0000000000
64628  -49.239  -9.523  31.212 0.0000000000
65442  -53.412  -8.569  36.825 0.0000000000
66329  -52.562  -7.495  35.549 0.0000000000
52219  -32.131  -23.149  39.991 0.0000000000
54054  -36.856  -22.002  36.936 0.0000000000
54887  -37.559  -20.847  38.365 0.0000000000
108727  -43.084  -19.669  43.160 0.0000000000
114335  -42.354  -21.406  42.257 0.0000000000
114371  -44.386  -20.202  43.342 0.0000000000
37718  -20.631  -39.484  53.458 0.0000000000
37700  -20.558  -39.518  54.418 0.0000000000
123893  -19.722  -40.286  57.301 0.0000000000
36770  -18.696  -39.755  57.146 0.0000000000
36791  -17.250  -40.100  55.727 0.0000000000
36790  -16.348  -40.275  55.671 0.0000000000
35963  -15.179  -41.432  55.222 0.0000000000
35976  -15.864  -41.747  54.485 0.0000000000
44131  -34.269  -32.702  48.481 0.0000000000
45071  -35.542  -32.121  48.359 0.0000000000
45043  -36.535  -32.093  50.584 0.0000000000
46003  -37.245  -30.467  51.402 0.0000000000
44075  -28.274  -31.932  53.846 0.0000000000
44083  -27.804  -32.101  52.656 0.0000000000
45006  -29.765  -31.230  53.737 0.0000000000
45020  -31.513  -31.515  53.415 0.0000000000
117895  -32.194  -31.594  52.955 0.0000000000
43184  -33.792  -31.649  54.787 0.0000000000
43202  -33.339  -31.967  53.032 0.0000000000
44094  -32.801  -31.828  51.759 0.0000000000
44103  -33.311  -32.141  50.101 0.0000000000
43238  -33.805  -32.414  49.641 0.0000000000
44027  -29.456  -31.767  56.363 0.0000000000
59215  -41.764  -15.790  38.832 0.0000000000
59238  -41.969  -15.809  37.330 0.0000000000
60124  -42.986  -14.819  38.231 0.0000000000
118913  -44.246  -14.263  37.542 0.0000000000
61023  -45.059  -13.884  36.647 0.0000000000
60143  -47.718  -14.237  38.068 0.0000000000
61025  -46.508  -13.787  37.126 0.0000000000
61040  -45.454  -13.545  36.129 0.0000000000
61920  -46.381  -12.449  35.186 0.0000000000
61932  -46.830  -11.922  34.754 0.0000000000
63716  -47.657  -11.019  33.670 0.0000000000
63724  -47.958  -10.543  33.193 0.0000000000
63703  -48.683  -10.737  35.037 0.0000000000
63705  -50.810  -9.998  35.818 0.0000000000
64586  -52.131  -9.571  36.427 0.0000000000
62775  -52.380  -11.335  37.369 0.0000000000
64584  -53.242  -9.378  37.140 0.0000000000
50442  -32.877  -25.837  45.276 0.0000000000
49620  -32.316  -26.445  43.844 0.0000000000
51324  -32.361  -25.152  44.606 0.0000000000
114314  -32.280  -23.248  44.095 0.0000000000
52205  -32.030  -22.852  42.766 0.0000000000
54788  -35.051  -20.824  46.439 0.0000000000
109136  -33.463  -21.327  44.224 0.0000000000
53953  -32.812  -21.615  42.628 0.0000000000
53985  -33.321  -21.515  41.127 0.0000000000
53968  -34.235  -21.041  41.276 0.0000000000
53987  -35.496  -20.963  40.213 0.0000000000
53988  -36.391  -21.215  40.205 0.0000000000
54841  -36.543  -21.304  41.725 0.0000000000
54827  -38.933  -20.677  42.653 0.0000000000
109422  -40.808  -19.940  42.927 0.0000000000
56461  -41.246  -18.080  43.759 0.0000000000
105344  -41.803  -18.885  43.260 0.0000000000
37719  -22.088  -39.717  53.312 0.0000000000
37754  -22.670  -39.167  51.501 0.0000000000
37753  -22.062  -39.391  52.084 0.0000000000
115853  -21.339  -39.502  53.232 0.0000000000
36853  -20.312  -40.258  52.201 0.0000000000
46953  -33.226  -29.674  43.732 0.0000000000
48727  -33.105  -27.574  44.417 0.0000000000
45083  -35.583  -31.276  47.973 0.0000000000
46031  -35.444  -30.449  47.574 0.0000000000
120622  -35.582  -28.875  47.445 0.0000000000
48669  -35.287  -27.517  48.295 0.0000000000
110038  -35.136  -28.364  46.693 0.0000000000
48702  -34.151  -26.836  46.650 0.0000000000
49579  -33.699  -26.475  46.653 0.0000000000
50443  -33.229  -26.165  45.902 0.0000000000
122159  -33.210  -25.113  46.797 0.0000000000
52157  -33.780  -23.358  47.944 0.0000000000
53044  -36.176  -22.123  48.330 0.0000000000
52999  -37.052  -22.222  50.641 0.0000000000
53025  -37.546  -21.509  49.735 0.0000000000
44100  -27.393  -32.174  50.887 0.0000000000
44110  -26.685  -32.799  49.513 0.0000000000
43265  -26.394  -33.511  47.517 0.0000000000
45067  -28.207  -31.443  47.992 0.0000000000
44172  -26.748  -32.731  46.169 0.0000000000
110641  -26.088  -39.432  52.991 0.0000000000
37741  -25.931  -39.217  52.239 0.0000000000
111939  -26.919  -38.645  51.944 0.0000000000
37758  -26.051  -38.793  51.248 0.0000000000
37771  -24.934  -38.657  50.628 0.0000000000
36882  -23.969  -39.945  49.017 0.0000000000
64611  -49.115  -9.215  33.515 0.0000000000
64620  -49.024  -8.913  32.636 0.0000000000
66346  -49.677  -7.825  32.285 0.0000000000
66339  -51.550  -7.185  34.442 0.0000000000
66342  -50.786  -6.927  33.075 0.0000000000
66353  -49.852  -7.494  31.394 0.0000000000
108370  -50.288  -6.783  30.839 0.0000000000
68098  -51.432  -5.802  29.750 0.0000000000
68101  -52.153  -5.556  29.000 0.0000000000
68930  -52.984  -4.070  30.901 0.0000000000
69761  -53.574  -3.656  31.383 0.0000000000
36742  -13.714  -40.881  58.601 0.0000000000
36710  -13.349  -40.239  60.430 0.0000000000
35911  -12.970  -41.029  58.967 0.0000000000
48752  -31.609  -27.549  41.758 0.0000000000
57414  -40.156  -17.199  37.534 0.0000000000
53989  -37.233  -21.315  40.214 0.0000000000
54871  -37.593  -20.931  39.285 0.0000000000
55670  -38.572  -20.163  39.319 0.0000000000
53993  -41.303  -21.402  40.973 0.0000000000
54874  -40.205  -20.901  40.120 0.0000000000
55671  -39.427  -19.922  39.793 0.0000000000
56520  -39.638  -18.863  39.452 0.0000000000
57395  -40.492  -17.396  39.487 0.0000000000
58336  -40.752  -16.619  38.979 0.0000000000
57376  -42.908  -17.077  40.328 0.0000000000
58320  -44.822  -16.933  40.353 0.0000000000
58322  -46.753  -17.188  40.293 0.0000000000
36712  -15.634  -39.600  60.373 0.0000000000
36728  -16.031  -39.754  59.611 0.0000000000
36727  -15.023  -39.763  59.680 0.0000000000
36743  -14.453  -40.722  58.026 0.0000000000
35946  -13.501  -41.877  56.592 0.0000000000
105268  -12.754  -40.083  61.043 0.0000000000
36693  -12.121  -39.397  62.187 0.0000000000
37613  -11.540  -39.262  62.931 0.0000000000
35898  -9.574  -41.246  61.250 0.0000000000
36691  -10.417  -40.004  62.604 0.0000000000
115931  -10.009  -38.626  64.702 0.0000000000
40423  -9.113  -36.960  64.388 0.0000000000
39468  -8.997  -37.543  63.327 0.0000000000
117819  -6.165  -41.276  62.555 0.0000000000
37621  -6.311  -40.314  62.049 0.0000000000
37635  -15.069  -39.435  61.017 0.0000000000
36711  -14.115  -39.739  60.817 0.0000000000
44177  -32.857  -32.472  46.045 0.0000000000
111648  -33.759  -32.557  46.211 0.0000000000
107037  -34.017  -32.661  47.103 0.0000000000
42302  -27.140  -34.062  52.600 0.0000000000
43210  -26.848  -33.844  51.663 0.0000000000
44149  -33.525  -32.566  47.619 0.0000000000
44148  -32.794  -32.108  47.186 0.0000000000
44065  -27.849  -32.712  54.172 0.0000000000
43181  -27.592  -33.566  54.491 0.0000000000
123019  -27.371  -33.838  53.325 0.0000000000
63732  -47.681  -11.128  32.854 0.0000000000
48726  -32.666  -27.206  43.890 0.0000000000
47827  -32.072  -28.592  42.718 0.0000000000
54025  -34.726  -21.813  38.723 0.0000000000
111124  -34.322  -22.219  38.280 0.0000000000
53136  -34.996  -22.114  38.106 0.0000000000
53137  -35.819  -22.060  38.003 0.0000000000
35988  -17.980  -41.071  53.052 0.0000000000
36833  -18.286  -40.402  53.325 0.0000000000
36832  -17.635  -40.760  53.719 0.0000000000
44079  -36.012  -31.819  52.372 0.0000000000
45010  -36.672  -30.914  52.940 0.0000000000
44031  -33.497  -32.328  57.132 0.0000000000
105548  -32.361  -32.107  56.100 0.0000000000
44053  -33.206  -32.154  56.251 0.0000000000
44997  -36.500  -30.805  54.347 0.0000000000
45009  -35.414  -31.826  52.955 0.0000000000
126012  -35.661  -32.208  52.187 0.0000000000
44030  -32.578  -32.296  56.870 0.0000000000
59206  -46.883  -15.860  39.534 0.0000000000
61898  -50.048  -12.694  37.443 0.0000000000
61897  -48.993  -13.059  37.307 0.0000000000
61912  -49.367  -12.243  36.822 0.0000000000
61913  -50.239  -11.968  36.952 0.0000000000
53912  -34.993  -21.445  47.443 0.0000000000
54801  -36.409  -20.411  44.605 0.0000000000
54802  -37.442  -20.263  44.773 0.0000000000
109382  -36.927  -20.479  43.898 0.0000000000
54803  -38.251  -19.980  44.387 0.0000000000
54809  -37.801  -20.388  43.846 0.0000000000
55612  -38.433  -19.409  44.665 0.0000000000
37756  -24.796  -38.813  51.560 0.0000000000
37739  -24.509  -39.220  52.480 0.0000000000
70638  -54.915  -2.816  29.952 0.0000000000
38516  -12.777  -37.941  64.683 0.0000000000
39443  -12.532  -37.441  64.501 0.0000000000
39448  -11.549  -37.293  64.562 0.0000000000
39442  -11.071  -37.291  65.012 0.0000000000
45116  -34.776  -30.880  44.939 0.0000000000
121214  -34.459  -30.103  45.093 0.0000000000
46048  -34.136  -30.338  44.446 0.0000000000
46927  -34.508  -29.351  45.549 0.0000000000
47735  -36.809  -27.972  51.729 0.0000000000
48640  -36.530  -27.788  51.884 0.0000000000
51240  -35.153  -24.437  51.678 0.0000000000
50376  -34.794  -25.721  50.574 0.0000000000
108409  -34.282  -25.250  50.078 0.0000000000
52120  -34.229  -23.616  49.801 0.0000000000
52102  -34.741  -23.346  50.573 0.0000000000
37790  -25.477  -39.730  47.875 0.0000000000
45041  -30.997  -31.467  50.884 0.0000000000
110240  -29.805  -31.454  50.218 0.0000000000
124153  -30.430  -31.475  50.640 0.0000000000
37782  -25.535  -38.636  49.402 0.0000000000
36884  -25.175  -40.043  48.493 0.0000000000
119807  -49.870  -8.259  30.340 0.0000000000
65453  -51.278  -8.354  35.390 0.0000000000
68076  -53.478  -5.608  34.486 0.0000000000
68075  -52.798  -5.929  34.180 0.0000000000
68084  -53.212  -5.370  33.764 0.0000000000
68916  -53.632  -4.713  33.393 0.0000000000
52211  -31.665  -23.933  41.709 0.0000000000
51348  -31.617  -24.762  41.584 0.0000000000
118337  -31.690  -24.994  40.802 0.0000000000
54901  -37.928  -20.563  37.480 0.0000000000
55698  -38.218  -20.265  36.943 0.0000000000
54902  -38.334  -19.696  37.399 0.0000000000
54829  -40.967  -21.280  42.401 0.0000000000
53959  -41.087  -21.648  41.963 0.0000000000
120473  -43.691  -21.127  40.603 0.0000000000
55656  -43.629  -20.075  40.490 0.0000000000
55657  -44.581  -19.887  40.694 0.0000000000
56506  -44.954  -19.097  40.595 0.0000000000
55658  -45.396  -19.685  40.821 0.0000000000
36757  -17.038  -39.911  57.544 0.0000000000
36756  -16.099  -40.149  57.532 0.0000000000
36789  -15.488  -40.543  55.738 0.0000000000
35895  -6.997  -41.708  62.687 0.0000000000
35896  -7.792  -41.113  62.494 0.0000000000
36690  -7.379  -40.498  62.954 0.0000000000
36684  -7.386  -40.283  62.940 0.0000000000
36689  -6.744  -40.906  62.815 0.0000000000
55604  -37.421  -20.106  47.828 0.0000000000
36881  -22.865  -40.719  49.470 0.0000000000
38537  -14.148  -38.371  63.413 0.0000000000
120535  -14.096  -38.215  64.122 0.0000000000
38528  -13.377  -38.559  63.370 0.0000000000
43293  -33.262  -33.505  44.570 0.0000000000
44178  -34.537  -32.399  45.506 0.0000000000
44179  -35.193  -32.066  45.826 0.0000000000
45105  -35.175  -31.337  45.597 0.0000000000
39623  -26.276  -37.618  49.875 0.0000000000
119793  -25.941  -37.630  49.244 0.0000000000
42323  -26.168  -34.612  49.756 0.0000000000
41481  -25.978  -35.262  49.244 0.0000000000
41488  -25.773  -35.562  48.364 0.0000000000
116754  -26.133  -34.266  49.109 0.0000000000
45070  -31.737  -31.703  48.167 0.0000000000
45094  -31.385  -31.885  46.115 0.0000000000
45081  -31.271  -31.717  46.721 0.0000000000
44175  -30.726  -31.869  45.413 0.0000000000
45115  -30.040  -31.712  44.722 0.0000000000
44191  -30.677  -31.973  44.574 0.0000000000
44192  -31.164  -32.191  44.029 0.0000000000
43292  -31.752  -32.779  43.705 0.0000000000
43162  -27.677  -33.834  55.346 0.0000000000
43139  -27.814  -34.234  56.297 0.0000000000
123710  -27.620  -34.603  55.661 0.0000000000
41426  -27.378  -35.390  54.588 0.0000000000
109149  -27.303  -36.535  53.348 0.0000000000
41434  -27.268  -35.511  53.595 0.0000000000
41461  -26.755  -35.954  51.308 0.0000000000
40565  -26.630  -36.835  50.928 0.0000000000
53112  -32.562  -22.463  40.137 0.0000000000
52230  -32.310  -23.618  39.356 0.0000000000
53121  -32.603  -22.862  39.354 0.0000000000
54043  -36.607  -21.916  37.872 0.0000000000
54044  -37.334  -21.424  37.550 0.0000000000
56463  -44.162  -18.379  44.095 0.0000000000
55624  -43.792  -20.112  43.317 0.0000000000
54817  -45.842  -20.327  43.084 0.0000000000
37685  -19.527  -39.591  55.738 0.0000000000
37671  -19.395  -39.700  56.614 0.0000000000
37684  -18.753  -39.606  56.079 0.0000000000
36811  -17.267  -40.495  54.583 0.0000000000
36810  -16.615  -40.484  54.984 0.0000000000
35964  -15.925  -40.863  54.971 0.0000000000
43250  -34.863  -32.610  49.249 0.0000000000
44132  -35.517  -32.444  49.198 0.0000000000
44105  -36.187  -32.648  50.611 0.0000000000
45998  -37.151  -30.502  52.038 0.0000000000
119438  -37.520  -29.759  52.392 0.0000000000
44980  -29.639  -31.509  55.489 0.0000000000
44992  -28.962  -31.508  54.193 0.0000000000
44993  -29.766  -31.320  54.590 0.0000000000
44067  -31.975  -31.716  54.691 0.0000000000
45008  -31.640  -31.583  54.125 0.0000000000
109021  -31.338  -31.471  52.467 0.0000000000
44032  -34.493  -31.795  56.496 0.0000000000
43197  -34.574  -32.629  52.966 0.0000000000
43195  -33.863  -32.403  53.446 0.0000000000
43203  -33.865  -32.458  52.891 0.0000000000
44086  -32.803  -31.758  52.590 0.0000000000
43212  -33.385  -32.014  52.312 0.0000000000
44102  -32.809  -31.899  50.871 0.0000000000
43225  -33.482  -32.069  51.287 0.0000000000
43228  -35.736  -32.714  50.908 0.0000000000
43227  -34.923  -32.457  50.698 0.0000000000
43239  -34.491  -32.498  49.818 0.0000000000
43249  -34.045  -32.639  49.051 0.0000000000
44028  -31.188  -31.960  56.424 0.0000000000
44979  -28.914  -31.660  55.022 0.0000000000
59202  -42.305  -15.709  39.313 0.0000000000
59216  -42.309  -15.328  38.524 0.0000000000
115944  -43.033  -15.244  39.048 0.0000000000
60126  -44.376  -14.336  38.107 0.0000000000
60153  -44.333  -14.184  36.713 0.0000000000
60140  -44.969  -14.079  37.431 0.0000000000
60130  -49.367  -14.883  38.569 0.0000000000
60129  -48.226  -14.829  38.810 0.0000000000
60144  -48.615  -14.206  38.287 0.0000000000
61043  -47.910  -13.053  37.047 0.0000000000
61026  -47.353  -13.691  37.413 0.0000000000
61041  -46.211  -13.330  36.461 0.0000000000
61050  -45.881  -12.999  35.629 0.0000000000
61909  -46.662  -12.695  36.067 0.0000000000
62786  -47.519  -11.542  35.152 0.0000000000
62799  -47.260  -11.467  34.242 0.0000000000
62800  -47.963  -11.067  34.628 0.0000000000
63696  -50.112  -10.509  36.026 0.0000000000
63698  -51.554  -10.216  36.353 0.0000000000
109975  -52.665  -9.683  36.910 0.0000000000
51301  -32.933  -24.472  46.064 0.0000000000
51314  -32.735  -24.861  45.334 0.0000000000
52182  -32.678  -23.720  45.474 0.0000000000
116488  -32.817  -22.139  44.953 0.0000000000
117217  -32.565  -22.926  44.833 0.0000000000
121583  -32.225  -22.751  43.485 0.0000000000
53088  -32.545  -22.197  44.090 0.0000000000
54785  -36.427  -20.640  46.772 0.0000000000
54784  -35.790  -20.817  46.940 0.0000000000
126973  -35.508  -20.588  46.059 0.0000000000
120314  -34.755  -20.709  44.231 0.0000000000
54798  -34.129  -21.017  44.323 0.0000000000
53946  -33.741  -21.137  43.640 0.0000000000
53945  -32.966  -21.532  43.602 0.0000000000
115335  -33.486  -21.185  42.865 0.0000000000
53967  -32.747  -21.809  41.755 0.0000000000
53954  -33.403  -21.272  41.976 0.0000000000
54824  -35.792  -21.025  42.174 0.0000000000
54840  -35.023  -20.842  41.779 0.0000000000
54851  -35.191  -20.927  41.011 0.0000000000
53986  -34.591  -21.026  40.365 0.0000000000
53969  -36.052  -21.228  40.973 0.0000000000
54810  -38.573  -20.232  43.503 0.0000000000
54811  -39.415  -20.240  43.096 0.0000000000
54812  -40.339  -20.474  42.760 0.0000000000
55621  -40.289  -19.651  43.235 0.0000000000
57332  -41.409  -16.825  45.055 0.0000000000
57341  -41.749  -17.315  44.396 0.0000000000
56462  -43.291  -17.986  44.115 0.0000000000
122885  -23.133  -39.923  53.267 0.0000000000
36835  -23.311  -40.358  54.020 0.0000000000
37769  -22.424  -39.736  50.704 0.0000000000
36864  -21.224  -40.385  51.259 0.0000000000
37768  -21.874  -39.827  51.371 0.0000000000
37752  -21.182  -39.888  51.925 0.0000000000
37737  -21.628  -39.533  52.647 0.0000000000
37736  -20.790  -39.689  52.669 0.0000000000
39470  -10.337  -37.430  62.553 0.0000000000
45143  -34.228  -31.798  42.647 0.0000000000
46940  -33.617  -29.495  44.292 0.0000000000
47819  -33.157  -28.718  44.013 0.0000000000
48721  -33.586  -27.401  45.180 0.0000000000
45053  -36.572  -31.657  49.611 0.0000000000
45072  -36.115  -31.402  48.767 0.0000000000
46896  -36.512  -29.719  48.666 0.0000000000
46906  -35.804  -29.678  47.872 0.0000000000
47767  -36.116  -28.831  48.078 0.0000000000
49533  -35.079  -27.065  49.737 0.0000000000
48654  -35.542  -27.434  49.541 0.0000000000
120895  -35.480  -28.015  47.473 0.0000000000
48687  -34.620  -27.082  47.221 0.0000000000
110492  -34.737  -27.430  46.782 0.0000000000
49564  -34.554  -26.825  47.730 0.0000000000
50417  -33.990  -26.152  47.526 0.0000000000
109780  -33.857  -26.355  47.092 0.0000000000
50426  -33.724  -26.271  46.947 0.0000000000
49586  -33.534  -26.518  46.209 0.0000000000
50425  -33.348  -25.890  46.547 0.0000000000
118878  -33.451  -25.073  47.557 0.0000000000
52136  -34.600  -22.733  49.123 0.0000000000
53043  -35.111  -22.235  48.459 0.0000000000
52978  -37.538  -21.848  51.243 0.0000000000
53045  -37.559  -21.907  48.988 0.0000000000
116699  -25.706  -38.671  47.609 0.0000000000
45017  -28.825  -31.360  52.609 0.0000000000
44092  -27.587  -32.196  51.756 0.0000000000
45016  -28.235  -31.574  52.021 0.0000000000
119372  -27.898  -31.634  49.475 0.0000000000
116627  -27.280  -32.165  49.975 0.0000000000
44111  -27.209  -32.158  49.095 0.0000000000
114102  -26.523  -33.276  48.266 0.0000000000
44145  -26.759  -32.769  47.892 0.0000000000
113432  -30.104  -31.389  47.791 0.0000000000
45079  -28.644  -31.463  47.384 0.0000000000
39596  -27.239  -37.777  51.937 0.0000000000
39587  -27.253  -38.508  52.640 0.0000000000
112990  -25.358  -38.714  49.938 0.0000000000
37772  -25.460  -38.616  50.568 0.0000000000
36883  -24.826  -39.694  49.121 0.0000000000
64602  -48.854  -9.792  34.015 0.0000000000
64610  -48.449  -9.945  33.296 0.0000000000
65467  -49.634  -8.379  33.182 0.0000000000
65474  -49.234  -8.463  32.132 0.0000000000
66341  -50.235  -7.577  33.189 0.0000000000
66328  -52.189  -7.262  34.903 0.0000000000
67238  -51.294  -6.499  32.840 0.0000000000
67239  -51.525  -6.691  33.642 0.0000000000
66347  -50.204  -7.202  32.312 0.0000000000
123474  -50.300  -6.894  31.647 0.0000000000
67247  -50.695  -6.322  31.545 0.0000000000
68093  -52.118  -5.321  31.789 0.0000000000
68095  -51.162  -5.720  30.571 0.0000000000
68096  -51.871  -5.227  30.706 0.0000000000
68099  -52.076  -5.198  29.774 0.0000000000
68929  -52.487  -4.644  30.334 0.0000000000
69754  -53.740  -3.772  32.231 0.0000000000
69755  -54.526  -3.624  32.523 0.0000000000
69762  -54.336  -3.408  31.713 0.0000000000
69756  -55.283  -3.629  32.841 0.0000000000
35923  -13.061  -41.349  58.071 0.0000000000
50478  -32.012  -25.780  43.849 0.0000000000
49638  -31.866  -26.615  43.045 0.0000000000
114380  -31.433  -26.259  42.197 0.0000000000
56553  -39.363  -18.537  36.728 0.0000000000
57413  -39.653  -17.774  37.008 0.0000000000
57406  -39.603  -17.661  37.920 0.0000000000
53970  -36.897  -21.501  40.954 0.0000000000
54852  -39.582  -21.413  40.383 0.0000000000
53990  -38.601  -21.301  40.459 0.0000000000
54872  -38.539  -20.902  39.828 0.0000000000
54873  -39.493  -20.996  39.975 0.0000000000
53961  -43.239  -21.609  42.060 0.0000000000
53960  -41.734  -21.604  41.859 0.0000000000
119384  -42.542  -21.611  41.759 0.0000000000
55654  -41.783  -20.176  40.644 0.0000000000
54855  -41.564  -21.002  40.640 0.0000000000
55653  -40.926  -20.495  40.439 0.0000000000
55672  -40.252  -19.654  40.104 0.0000000000
118617  -42.224  -18.469  40.405 0.0000000000
56522  -41.289  -18.127  40.232 0.0000000000
57396  -41.232  -16.930  39.774 0.0000000000
58338  -42.065  -16.407  39.815 0.0000000000
57378  -45.196  -17.984  40.493 0.0000000000
58321  -45.787  -17.163  40.219 0.0000000000
117853  -15.988  -40.024  58.246 0.0000000000
35947  -14.101  -41.391  56.337 0.0000000000
107273  -13.824  -41.999  56.029 0.0000000000
36724  -12.909  -40.672  59.716 0.0000000000
36709  -12.501  -40.562  60.270 0.0000000000
106517  -11.546  -39.913  61.644 0.0000000000
36699  -12.260  -39.803  61.477 0.0000000000
36692  -11.254  -39.713  62.402 0.0000000000
35902  -9.896  -41.753  60.366 0.0000000000
36686  -8.830  -39.735  63.426 0.0000000000
107806  -9.418  -40.201  62.735 0.0000000000
37602  -9.816  -39.632  63.534 0.0000000000
116532  -9.782  -39.089  64.372 0.0000000000
37597  -9.694  -38.776  64.546 0.0000000000
38518  -9.698  -37.865  64.607 0.0000000000
38517  -9.173  -38.030  64.122 0.0000000000
38535  -7.967  -38.742  63.099 0.0000000000
38536  -8.768  -38.055  63.398 0.0000000000
114185  -8.468  -38.222  62.760 0.0000000000
39479  -8.961  -37.762  62.376 0.0000000000
36687  -5.761  -41.347  62.189 0.0000000000
36688  -6.307  -40.787  62.467 0.0000000000
37624  -13.333  -39.199  61.825 0.0000000000
44163  -35.240  -32.212  46.585 0.0000000000
109121  -26.426  -36.060  50.541 0.0000000000
41460  -26.584  -35.215  50.878 0.0000000000
42318  -26.379  -34.492  50.423 0.0000000000
43224  -26.567  -33.671  50.824 0.0000000000
44147  -32.471  -31.919  47.721 0.0000000000
125275  -31.955  -31.956  46.074 0.0000000000
44176  -31.545  -32.206  45.604 0.0000000000
105913  -32.157  -32.390  45.757 0.0000000000
44026  -28.591  -32.415  56.450 0.0000000000
116818  -27.282  -34.578  53.362 0.0000000000
119041  -46.245  -12.412  33.551 0.0000000000
46958  -32.386  -29.636  42.726 0.0000000000
123287  -33.183  -22.644  38.765 0.0000000000
52259  -33.825  -23.198  37.719 0.0000000000
36834  -19.036  -40.068  52.992 0.0000000000
37716  -18.820  -39.900  53.883 0.0000000000
35978  -17.091  -41.230  54.023 0.0000000000
35179  -16.699  -42.114  53.960 0.0000000000
44095  -36.058  -32.512  51.448 0.0000000000
116945  -36.218  -32.534  51.127 0.0000000000
45021  -36.149  -32.144  51.807 0.0000000000
45022  -36.540  -31.277  52.255 0.0000000000
117006  -37.196  -30.373  52.680 0.0000000000
44050  -31.400  -31.770  55.493 0.0000000000
44051  -32.177  -31.872  55.407 0.0000000000
44068  -32.794  -31.706  54.611 0.0000000000
44069  -34.044  -31.618  54.232 0.0000000000
44995  -34.737  -31.502  53.871 0.0000000000
44077  -34.542  -32.225  53.164 0.0000000000
43205  -35.016  -32.610  52.408 0.0000000000
123271  -34.623  -32.605  52.122 0.0000000000
43206  -35.565  -32.486  51.932 0.0000000000
43216  -35.918  -32.605  51.473 0.0000000000
44029  -31.796  -32.214  56.678 0.0000000000
59203  -43.982  -15.379  39.319 0.0000000000
59204  -44.962  -15.535  39.415 0.0000000000
59219  -45.571  -15.157  38.758 0.0000000000
60128  -46.188  -14.819  38.168 0.0000000000
61015  -49.670  -14.134  38.399 0.0000000000
61014  -49.078  -13.774  37.979 0.0000000000
61910  -47.505  -12.515  36.388 0.0000000000
62779  -48.883  -11.642  36.184 0.0000000000
62788  -48.972  -11.056  35.677 0.0000000000
114354  -50.216  -11.212  36.522 0.0000000000
62781  -51.654  -11.059  36.862 0.0000000000
53071  -33.099  -22.831  46.571 0.0000000000
52172  -32.885  -23.476  46.131 0.0000000000
53072  -33.457  -22.191  47.011 0.0000000000
53919  -33.664  -21.610  46.551 0.0000000000
53930  -33.225  -21.703  45.611 0.0000000000
112416  -36.151  -20.527  46.189 0.0000000000
54790  -36.769  -20.437  45.508 0.0000000000
54800  -35.467  -20.500  44.432 0.0000000000
54808  -35.111  -20.699  43.531 0.0000000000
118481  -35.821  -20.689  42.961 0.0000000000
54825  -36.533  -20.801  42.588 0.0000000000
107159  -37.183  -20.553  43.128 0.0000000000
55619  -38.925  -19.676  43.831 0.0000000000
125378  -25.356  -39.683  53.762 0.0000000000
37721  -24.991  -39.489  53.209 0.0000000000
122494  -23.689  -39.391  52.604 0.0000000000
110446  -54.238  -3.232  30.246 0.0000000000
69771  -53.765  -3.801  28.767 0.0000000000
69769  -54.338  -3.259  29.361 0.0000000000
70647  -54.986  -2.835  29.052 0.0000000000
40437  -10.296  -36.773  64.390 0.0000000000
106113  -34.532  -32.645  43.779 0.0000000000
46074  -34.044  -30.839  43.746 0.0000000000
47808  -34.160  -28.327  45.304 0.0000000000
46009  -37.272  -30.325  50.599 0.0000000000
121969  -37.131  -30.180  49.759 0.0000000000
46884  -37.152  -29.098  50.397 0.0000000000
46883  -36.625  -28.440  49.900 0.0000000000
50377  -35.253  -26.404  51.103 0.0000000000
125268  -34.878  -26.719  49.749 0.0000000000
49544  -34.621  -26.638  49.053 0.0000000000
49563  -34.306  -26.441  47.839 0.0000000000
50390  -33.991  -25.349  49.275 0.0000000000
50401  -33.758  -25.415  48.170 0.0000000000
51270  -33.716  -24.478  49.067 0.0000000000
53022  -34.936  -22.694  49.996 0.0000000000
53890  -37.947  -21.317  51.110 0.0000000000
40605  -25.724  -36.838  47.742 0.0000000000
45018  -30.049  -31.244  52.241 0.0000000000
45039  -28.898  -31.298  50.792 0.0000000000
45049  -28.752  -31.414  49.860 0.0000000000
45102  -28.947  -31.477  45.745 0.0000000000
45091  -28.627  -31.500  46.615 0.0000000000
38617  -27.245  -39.088  53.314 0.0000000000
38647  -26.491  -38.343  50.624 0.0000000000
36893  -24.851  -40.943  47.885 0.0000000000
64604  -50.117  -9.132  34.856 0.0000000000
65461  -50.491  -8.424  34.871 0.0000000000
67235  -52.479  -6.551  34.561 0.0000000000
67244  -51.973  -6.187  32.933 0.0000000000
68088  -52.375  -5.574  32.610 0.0000000000
68921  -52.686  -4.857  32.231 0.0000000000
68922  -53.347  -4.447  32.639 0.0000000000
68923  -54.046  -4.091  32.971 0.0000000000
35157  -12.894  -42.385  56.857 0.0000000000
35932  -12.472  -41.975  57.491 0.0000000000
50486  -31.521  -25.390  42.310 0.0000000000
50496  -31.465  -25.576  41.460 0.0000000000
50505  -31.512  -25.828  40.619 0.0000000000
55705  -38.604  -19.777  36.786 0.0000000000
56546  -38.792  -19.010  37.007 0.0000000000
56538  -39.253  -18.411  38.448 0.0000000000
53957  -39.277  -21.346  41.875 0.0000000000
53972  -38.708  -21.418  41.218 0.0000000000
53973  -39.839  -21.706  41.193 0.0000000000
119300  -40.365  -21.671  41.139 0.0000000000
53992  -40.620  -21.574  40.975 0.0000000000
53962  -43.932  -21.607  41.871 0.0000000000
53977  -43.308  -21.613  41.537 0.0000000000
53994  -43.220  -21.446  40.860 0.0000000000
54857  -43.035  -20.995  40.385 0.0000000000
56504  -42.856  -19.189  40.394 0.0000000000
108031  -42.878  -18.195  40.390 0.0000000000
57377  -43.685  -17.811  40.490 0.0000000000
114343  -44.361  -18.470  40.535 0.0000000000
107222  -17.659  -39.758  56.950 0.0000000000
108820  -17.664  -40.052  58.538 0.0000000000
36755  -15.298  -40.368  57.692 0.0000000000
35962  -14.365  -41.672  55.687 0.0000000000
35904  -11.786  -40.904  59.990 0.0000000000
35899  -10.649  -40.581  61.038 0.0000000000
35897  -8.642  -41.643  61.600 0.0000000000
116569  -8.278  -40.332  62.957 0.0000000000
37601  -7.857  -39.526  63.286 0.0000000000
37611  -7.222  -39.498  62.618 0.0000000000
43141  -34.072  -32.145  56.542 0.0000000000
105807  -35.997  -31.026  55.342 0.0000000000
59208  -48.919  -16.320  39.368 0.0000000000
125835  -48.326  -15.619  39.208 0.0000000000
109064  -49.728  -16.254  39.219 0.0000000000
59223  -49.988  -15.830  38.730 0.0000000000
60131  -50.198  -14.990  38.600 0.0000000000
61029  -50.730  -13.188  38.026 0.0000000000
61030  -51.655  -13.290  37.854 0.0000000000
53915  -37.024  -21.330  48.238 0.0000000000
54779  -35.924  -21.057  47.447 0.0000000000
54781  -36.905  -20.789  47.881 0.0000000000
111028  -37.195  -20.406  46.885 0.0000000000
55606  -37.770  -19.860  46.904 0.0000000000
55608  -37.845  -19.839  46.104 0.0000000000
56458  -38.686  -18.770  44.935 0.0000000000
37779  -23.025  -39.775  49.973 0.0000000000
115767  -13.726  -38.238  64.358 0.0000000000
38521  -13.143  -38.272  64.445 0.0000000000
105008  -34.241  -33.046  44.251 0.0000000000
126892  -33.889  -33.021  44.729 0.0000000000
45104  -34.814  -31.748  44.919 0.0000000000
46049  -34.952  -30.414  45.715 0.0000000000
52084  -35.240  -23.451  51.335 0.0000000000
38663  -25.860  -38.039  48.958 0.0000000000
37791  -25.573  -38.846  48.291 0.0000000000
39637  -25.787  -37.807  48.667 0.0000000000
40595  -25.717  -37.096  48.685 0.0000000000
111454  -26.078  -36.130  49.805 0.0000000000
112242  -25.828  -36.226  49.027 0.0000000000
41497  -25.723  -35.926  47.556 0.0000000000
42347  -25.838  -35.016  47.536 0.0000000000
45042  -31.671  -31.614  50.360 0.0000000000
111731  -30.364  -31.459  49.396 0.0000000000
45052  -31.519  -31.568  49.301 0.0000000000
45069  -30.786  -31.505  48.480 0.0000000000
109401  -30.376  -31.490  46.953 0.0000000000
118835  -31.877  -31.758  47.241 0.0000000000
45092  -29.676  -31.467  46.388 0.0000000000
45103  -29.874  -31.549  45.563 0.0000000000
40546  -27.492  -37.394  54.024 0.0000000000
109020  -27.385  -36.279  54.308 0.0000000000
120780  -27.159  -35.951  52.824 0.0000000000
40566  -26.983  -36.777  51.653 0.0000000000
120336  -27.013  -37.560  51.188 0.0000000000
120782  -26.549  -38.031  50.065 0.0000000000
118961  -44.565  -13.991  34.623 0.0000000000
65481  -49.298  -8.718  31.322 0.0000000000
65441  -52.759  -8.076  36.168 0.0000000000
66312  -53.111  -7.242  35.932 0.0000000000
122218  -54.458  -4.699  34.380 0.0000000000
52218  -31.836  -23.616  40.523 0.0000000000
51367  -31.809  -24.379  40.278 0.0000000000
52229  -31.960  -23.806  39.922 0.0000000000
55623  -42.373  -19.728  42.961 0.0000000000
55634  -42.007  -20.672  42.631 0.0000000000
54814  -43.091  -20.708  42.661 0.0000000000
54815  -44.097  -20.839  42.908 0.0000000000
54832  -44.426  -21.198  42.343 0.0000000000
54833  -45.336  -20.657  42.301 0.0000000000
54842  -45.212  -20.632  41.561 0.0000000000
54843  -46.094  -20.458  41.804 0.0000000000
55642  -46.586  -20.039  41.514 0.0000000000
37686  -20.400  -39.696  55.429 0.0000000000
106856  -18.076  -39.702  56.298 0.0000000000
44150  -34.175  -32.761  47.861 0.0000000000
105541  -34.841  -32.688  48.288 0.0000000000
44133  -36.065  -32.017  49.194 0.0000000000
45031  -36.329  -32.208  51.345 0.0000000000
45044  -36.839  -31.393  50.969 0.0000000000
46878  -37.368  -29.318  51.212 0.0000000000
46862  -38.211  -29.511  54.111 0.0000000000
44074  -27.804  -32.469  53.450 0.0000000000
45005  -28.938  -31.432  53.422 0.0000000000
116886  -29.643  -31.225  53.013 0.0000000000
45007  -30.756  -31.379  54.093 0.0000000000
45019  -30.533  -31.308  53.144 0.0000000000
45029  -30.999  -31.430  51.623 0.0000000000
125695  -31.717  -31.586  51.757 0.0000000000
43164  -33.704  -31.864  55.613 0.0000000000
121621  -33.534  -31.681  54.639 0.0000000000
43183  -33.818  -32.195  53.652 0.0000000000
115673  -33.398  -31.711  53.805 0.0000000000
44085  -32.172  -31.664  52.151 0.0000000000
44093  -32.252  -31.718  51.378 0.0000000000
44101  -32.297  -31.763  50.626 0.0000000000
118052  -32.789  -31.925  50.161 0.0000000000
44113  -32.999  -32.111  49.433 0.0000000000
43214  -34.361  -32.352  51.376 0.0000000000
43226  -34.013  -32.274  50.469 0.0000000000
44114  -33.519  -32.394  49.169 0.0000000000
44130  -33.703  -32.621  48.392 0.0000000000
44004  -29.294  -32.215  57.195 0.0000000000
122448  -28.881  -31.808  55.794 0.0000000000
44066  -28.304  -32.138  54.606 0.0000000000
58351  -41.268  -16.178  38.442 0.0000000000
58358  -41.342  -16.251  37.679 0.0000000000
59229  -41.778  -15.665  38.092 0.0000000000
59230  -42.399  -15.197  37.788 0.0000000000
59217  -43.731  -14.725  38.542 0.0000000000
60125  -43.691  -14.445  37.913 0.0000000000
60138  -43.149  -14.817  37.341 0.0000000000
59221  -47.460  -15.327  39.168 0.0000000000
115049  -47.150  -14.759  38.557 0.0000000000
60142  -46.793  -14.333  37.753 0.0000000000
60141  -45.933  -14.395  37.446 0.0000000000
61024  -45.707  -13.857  36.853 0.0000000000
61049  -45.051  -13.462  35.173 0.0000000000
61919  -45.646  -12.851  34.664 0.0000000000
61931  -46.245  -12.386  34.291 0.0000000000
61921  -47.120  -12.123  35.614 0.0000000000
62798  -46.715  -11.981  33.864 0.0000000000
62809  -47.171  -11.630  33.311 0.0000000000
63717  -48.331  -10.424  34.082 0.0000000000
63718  -49.135  -10.115  34.752 0.0000000000
63704  -49.410  -10.539  35.519 0.0000000000
64592  -49.949  -9.801  35.324 0.0000000000
64594  -51.447  -9.362  35.844 0.0000000000
62774  -51.788  -11.953  37.321 0.0000000000
64587  -52.724  -9.016  36.544 0.0000000000
49600  -32.746  -26.454  44.672 0.0000000000
50462  -32.550  -26.055  44.572 0.0000000000
125013  -32.209  -25.564  44.230 0.0000000000
51334  -31.904  -24.914  43.816 0.0000000000
109095  -32.138  -24.221  44.128 0.0000000000
51333  -31.715  -24.404  43.022 0.0000000000
52204  -31.739  -23.713  42.483 0.0000000000
53099  -31.873  -23.011  41.790 0.0000000000
53921  -35.490  -21.026  47.176 0.0000000000
53931  -34.105  -21.150  45.927 0.0000000000
53939  -33.726  -21.241  44.974 0.0000000000
54799  -34.779  -20.700  45.213 0.0000000000
53094  -32.419  -22.072  43.152 0.0000000000
53100  -32.326  -22.238  42.277 0.0000000000
53107  -32.272  -22.376  41.499 0.0000000000
53984  -32.634  -22.106  40.928 0.0000000000
53113  -33.243  -21.817  40.351 0.0000000000
53955  -34.214  -20.918  42.236 0.0000000000
126123  -33.869  -21.302  40.577 0.0000000000
54006  -33.939  -21.466  39.848 0.0000000000
54007  -34.855  -21.221  39.439 0.0000000000
54008  -35.896  -21.165  39.443 0.0000000000
53971  -37.562  -21.266  41.496 0.0000000000
54826  -37.365  -20.964  42.361 0.0000000000
53956  -38.304  -20.972  42.073 0.0000000000
54828  -39.781  -21.081  42.421 0.0000000000
56459  -39.395  -18.468  44.364 0.0000000000
56470  -39.859  -19.016  43.668 0.0000000000
57340  -40.788  -17.377  44.407 0.0000000000
56460  -40.256  -18.226  43.939 0.0000000000
56471  -40.790  -19.069  43.323 0.0000000000
55622  -41.476  -19.820  42.879 0.0000000000
56472  -42.730  -18.870  43.411 0.0000000000
109519  -22.366  -39.562  52.740 0.0000000000
37735  -19.941  -39.891  52.840 0.0000000000
123390  -19.974  -40.824  51.917 0.0000000000
36852  -19.529  -40.547  52.409 0.0000000000
70644  -55.497  -2.321  29.565 0.0000000000
45128  -33.428  -30.492  43.320 0.0000000000
46959  -32.845  -29.873  43.245 0.0000000000
46952  -32.623  -29.121  43.397 0.0000000000
48720  -32.870  -26.741  44.579 0.0000000000
124954  -35.208  -32.420  47.762 0.0000000000
45082  -35.456  -32.110  47.278 0.0000000000
46027  -36.002  -30.538  48.332 0.0000000000
121574  -35.462  -31.239  47.180 0.0000000000
46041  -35.192  -30.507  46.683 0.0000000000
46905  -35.209  -29.585  47.153 0.0000000000
48655  -36.261  -27.790  50.299 0.0000000000
47755  -36.158  -27.947  49.205 0.0000000000
125076  -35.990  -28.218  48.363 0.0000000000
47792  -34.627  -28.305  45.938 0.0000000000
47776  -34.434  -27.415  46.297 0.0000000000
47791  -33.990  -27.333  45.827 0.0000000000
48686  -34.018  -26.485  47.066 0.0000000000
49587  -33.792  -26.828  46.172 0.0000000000
48716  -33.423  -26.568  45.746 0.0000000000
49601  -33.037  -26.433  45.277 0.0000000000
50463  -32.979  -26.279  45.304 0.0000000000
51315  -33.122  -25.538  45.954 0.0000000000
51279  -33.561  -24.354  48.154 0.0000000000
116731  -33.350  -24.184  47.440 0.0000000000
112350  -33.399  -23.113  47.287 0.0000000000
53058  -33.960  -22.470  47.645 0.0000000000
53059  -34.682  -22.024  47.817 0.0000000000
53908  -35.526  -21.818  47.815 0.0000000000
52998  -36.033  -22.587  51.086 0.0000000000
108777  -36.123  -22.341  50.059 0.0000000000
53000  -37.541  -21.648  50.443 0.0000000000
53024  -37.296  -22.111  49.738 0.0000000000
109039  -36.962  -22.252  48.901 0.0000000000
53061  -37.042  -21.854  48.227 0.0000000000
44091  -26.936  -32.908  51.336 0.0000000000
44099  -26.738  -32.856  50.436 0.0000000000
45027  -28.134  -31.506  51.273 0.0000000000
43248  -26.393  -33.435  48.962 0.0000000000
122566  -26.101  -34.267  47.700 0.0000000000
117725  -28.659  -31.391  48.855 0.0000000000
45066  -27.567  -31.793  47.925 0.0000000000
45090  -27.685  -31.621  46.368 0.0000000000
45078  -27.777  -31.646  47.200 0.0000000000
44146  -27.062  -32.101  47.499 0.0000000000
44157  -26.637  -32.688  47.056 0.0000000000
42358  -26.208  -34.326  46.645 0.0000000000
37723  -25.974  -39.635  53.699 0.0000000000
37722  -25.657  -39.427  53.053 0.0000000000
38628  -26.835  -39.129  52.621 0.0000000000
38639  -26.529  -38.685  51.409 0.0000000000
118656  -26.359  -39.035  52.016 0.0000000000
37757  -25.538  -38.798  51.449 0.0000000000
37780  -24.055  -39.143  49.864 0.0000000000
64619  -48.691  -9.566  32.597 0.0000000000
65473  -48.958  -9.159  31.916 0.0000000000
114421  -49.472  -8.112  31.563 0.0000000000
105894  -52.118  -7.959  35.487 0.0000000000
120360  -51.648  -7.673  35.023 0.0000000000
66338  -50.837  -7.250  33.958 0.0000000000
67234  -51.998  -6.790  34.278 0.0000000000
66352  -49.607  -8.179  30.884 0.0000000000
66360  -49.989  -7.633  30.518 0.0000000000
115991  -50.147  -7.951  29.947 0.0000000000
66368  -50.470  -7.181  29.886 0.0000000000
68091  -50.742  -6.102  30.891 0.0000000000
67250  -50.773  -6.302  30.223 0.0000000000
67256  -51.040  -6.566  29.578 0.0000000000
68932  -52.528  -4.754  29.396 0.0000000000
68933  -53.013  -4.103  29.997 0.0000000000
69766  -53.556  -3.618  30.537 0.0000000000
127346  -54.113  -3.363  30.964 0.0000000000
69764  -56.210  -3.005  32.210 0.0000000000
121605  -14.150  -40.005  60.012 0.0000000000
36725  -13.566  -40.533  59.494 0.0000000000
35922  -12.267  -41.552  58.341 0.0000000000
49639  -32.309  -27.018  43.315 0.0000000000
48735  -31.874  -27.658  42.629 0.0000000000
50517  -31.855  -25.246  39.866 0.0000000000
54009  -36.728  -21.292  39.462 0.0000000000
54010  -37.253  -21.185  39.536 0.0000000000
122315  -37.873  -21.206  40.355 0.0000000000
54011  -37.839  -21.083  39.952 0.0000000000
107627  -37.959  -20.600  39.067 0.0000000000
54830  -41.550  -21.336  42.332 0.0000000000
53975  -41.151  -21.553  41.434 0.0000000000
54854  -40.749  -21.281  40.590 0.0000000000
55685  -38.408  -19.565  38.367 0.0000000000
55686  -38.897  -19.202  38.953 0.0000000000
56521  -40.370  -18.480  39.887 0.0000000000
57394  -39.790  -17.850  39.039 0.0000000000
57407  -40.139  -17.102  38.491 0.0000000000
58337  -41.428  -16.260  39.227 0.0000000000
58339  -43.159  -15.963  39.959 0.0000000000
58319  -43.891  -16.834  40.392 0.0000000000
58341  -45.352  -16.310  39.923 0.0000000000
58342  -46.320  -16.498  39.844 0.0000000000
58343  -47.320  -16.583  39.974 0.0000000000
55659  -46.211  -19.531  40.983 0.0000000000
36726  -14.355  -40.264  59.088 0.0000000000
121737  -13.699  -41.172  57.827 0.0000000000
35934  -13.941  -41.307  57.169 0.0000000000
36700  -13.422  -39.714  61.260 0.0000000000
37623  -12.799  -39.496  61.682 0.0000000000
37614  -12.891  -38.972  62.355 0.0000000000
112157  -12.432  -38.852  62.915 0.0000000000
37604  -11.849  -38.792  63.502 0.0000000000
37599  -11.194  -38.659  64.214 0.0000000000
36698  -9.993  -40.517  61.881 0.0000000000
37612  -10.774  -39.598  63.066 0.0000000000
37603  -10.681  -39.141  63.795 0.0000000000
38519  -10.645  -38.426  64.617 0.0000000000
39441  -10.347  -37.248  65.172 0.0000000000
40424  -9.416  -36.866  64.617 0.0000000000
39458  -8.881  -37.145  63.996 0.0000000000
39469  -9.277  -37.346  62.973 0.0000000000
35892  -6.415  -41.548  62.648 0.0000000000
37610  -6.649  -40.084  62.364 0.0000000000
37598  -10.186  -38.877  64.581 0.0000000000
37600  -12.238  -38.535  64.079 0.0000000000
37724  -26.585  -39.460  53.355 0.0000000000
38514  -11.024  -37.787  64.961 0.0000000000
38520  -11.891  -38.215  64.582 0.0000000000
39445  -9.176  -37.195  64.511 0.0000000000
39446  -10.029  -36.866  64.537 0.0000000000
39447  -10.315  -37.807  64.868 0.0000000000
39457  -9.111  -37.145  63.878 0.0000000000
40419  -10.177  -37.169  65.155 0.0000000000
40425  -9.865  -36.780  64.938 0.0000000000
40436  -9.426  -36.838  64.385 0.0000000000
42276  -27.473  -34.499  54.799 0.0000000000
42308  -26.639  -34.444  51.126 0.0000000000
43142  -34.483  -31.931  56.875 0.0000000000
43182  -27.885  -32.942  54.987 0.0000000000
43193  -27.559  -33.303  53.723 0.0000000000
43194  -32.875  -31.726  53.256 0.0000000000
43196  -34.128  -32.555  53.301 0.0000000000
43204  -34.396  -32.685  52.761 0.0000000000
43229  -36.105  -32.692  51.064 0.0000000000
43240  -35.405  -32.639  50.169 0.0000000000
43272  -26.479  -33.378  46.656 0.0000000000
43306  -33.670  -33.986  43.754 0.0000000000
44084  -28.272  -31.802  53.208 0.0000000000
44115  -35.787  -32.697  50.010 0.0000000000
44116  -36.262  -32.416  49.902 0.0000000000
44126  -26.750  -32.749  48.667 0.0000000000
44127  -27.171  -32.204  48.283 0.0000000000
44129  -33.239  -32.316  48.724 0.0000000000
44151  -34.848  -32.597  47.319 0.0000000000
44158  -27.030  -31.990  46.634 0.0000000000
44159  -32.065  -31.825  46.645 0.0000000000
44173  -27.290  -31.950  45.639 0.0000000000
44981  -34.755  -31.398  54.737 0.0000000000
44994  -30.607  -31.476  55.058 0.0000000000
45051  -30.845  -31.466  50.166 0.0000000000
46014  -36.782  -30.704  49.174 0.0000000000
46082  -32.794  -30.318  42.763 0.0000000000
47826  -31.688  -28.186  41.992 0.0000000000
49578  -33.542  -26.357  46.483 0.0000000000
50477  -31.688  -25.204  43.132 0.0000000000
51355  -31.694  -24.195  41.007 0.0000000000
52190  -32.424  -24.027  44.740 0.0000000000
52198  -31.916  -23.715  43.399 0.0000000000
53042  -34.354  -22.664  48.318 0.0000000000
53060  -36.213  -21.659  47.835 0.0000000000
53106  -32.001  -22.811  40.818 0.0000000000
53135  -33.766  -22.617  38.164 0.0000000000
53914  -36.299  -21.321  47.805 0.0000000000
53918  -33.143  -22.083  46.354 0.0000000000
53963  -44.569  -21.234  41.726 0.0000000000
53976  -41.904  -21.461  41.405 0.0000000000
53991  -40.140  -21.658  40.819 0.0000000000
53995  -44.030  -21.462  41.183 0.0000000000
54858  -44.309  -20.807  40.770 0.0000000000
55607  -37.909  -19.110  46.440 0.0000000000
55641  -45.810  -20.207  41.198 0.0000000000
56473  -43.579  -19.082  43.588 0.0000000000
59201  -41.837  -15.974  39.308 0.0000000000
60139  -43.800  -14.446  37.214 0.0000000000
67242  -50.706  -6.626  32.270 0.0000000000
68087  -51.896  -5.822  32.235 0.0000000000
108742  -31.720  -27.004  42.442 0.0000000000
108908  -27.105  -35.153  52.701 0.0000000000
108983  -26.237  -33.907  48.337 0.0000000000
114521  -29.114  -31.279  47.975 0.0000000000
117034  -33.278  -26.405  45.801 0.0000000000
119216  -37.460  -29.514  51.901 0.0000000000
119312  -42.663  -21.534  41.317 0.0000000000
119385  -40.538  -21.498  42.130 0.0000000000
120083  -37.496  -21.132  49.561 0.0000000000
121174  -44.252  -19.339  40.560 0.0000000000
123071  -33.169  -26.874  44.940 0.0000000000
123317  -42.356  -20.809  40.567 0.0000000000
124402  -36.423  -21.213  47.863 0.0000000000
125400  -26.141  -36.101  46.244 0.0000000000
125751  -34.016  -27.091  46.172 0.0000000000
125925  -36.880  -30.052  49.217 0.0000000000
127309  -34.397  -20.887  43.749 0.0000000000
