#!ascii label  , from subject freesurfer vox2ras=TkReg
1453
25490  -30.286  -54.122  -14.051 0.5000000000
25487  -30.481  -53.859  -13.422 0.4000000060
110361  -30.548  -53.087  -13.039 0.6000000238
27295  -30.558  -52.481  -13.483 0.6000000238
27299  -30.787  -52.622  -14.048 0.6000000238
26363  -30.515  -53.246  -13.796 0.5000000000
27300  -31.316  -51.953  -14.371 0.6000000238
26359  -30.820  -53.860  -12.487 0.6999999881
110653  -30.514  -51.836  -13.294 0.6999999881
27296  -30.715  -51.871  -13.826 0.6999999881
28231  -30.874  -51.156  -14.134 0.6999999881
28235  -31.573  -51.107  -14.616 0.5000000000
29130  -31.180  -50.387  -14.346 0.6999999881
22410  -24.708  -58.040  -7.041 0.5000000000
27288  -30.675  -52.233  -12.693 0.6999999881
28220  -30.511  -51.361  -12.862 0.6999999881
28230  -30.551  -51.186  -13.526 0.6999999881
29123  -30.469  -50.511  -13.060 0.6999999881
29124  -30.706  -50.433  -13.796 0.6999999881
118522  -30.591  -49.796  -13.400 0.6999999881
30037  -31.614  -49.700  -14.563 0.6000000238
27240  -31.144  -52.966  -8.602 0.6999999881
118156  -31.308  -52.978  -9.360 0.6999999881
119235  -31.211  -52.326  -11.700 0.6999999881
108606  -31.349  -53.021  -11.144 0.6999999881
23060  -24.731  -57.229  -6.986 0.6000000238
22429  -24.841  -58.399  -10.473 0.4000000060
28212  -30.972  -51.585  -12.067 0.6999999881
30900  -31.002  -48.518  -13.887 0.6999999881
30038  -32.356  -49.527  -15.033 0.6000000238
26312  -30.912  -53.775  -7.542 0.6999999881
26326  -30.963  -53.608  -8.243 0.6999999881
28163  -31.241  -52.059  -8.175 0.6999999881
23774  -25.371  -56.645  -5.603 0.6000000238
27257  -31.384  -52.202  -9.804 0.6999999881
28204  -31.329  -51.711  -11.288 0.6999999881
106735  -31.260  -52.182  -8.962 0.6999999881
28176  -31.276  -51.509  -8.693 0.6999999881
23791  -24.785  -57.009  -9.020 0.5000000000
23073  -24.830  -57.746  -9.586 0.5000000000
126790  -30.502  -49.910  -12.923 0.6999999881
116933  -30.734  -50.881  -12.385 0.6999999881
29067  -31.246  -50.974  -8.890 0.6999999881
30029  -30.717  -49.129  -13.541 0.6999999881
29105  -31.188  -50.901  -11.464 0.6999999881
28203  -31.366  -51.394  -10.408 0.6999999881
29080  -31.277  -50.597  -9.641 0.6999999881
23090  -25.247  -57.557  -11.997 0.4000000060
29115  -30.778  -50.078  -12.231 0.6999999881
29987  -31.210  -49.826  -10.274 0.6999999881
30030  -31.000  -49.527  -14.058 0.6999999881
30892  -30.632  -48.512  -13.260 0.6999999881
30864  -30.928  -48.602  -10.908 0.6999999881
30002  -31.014  -49.274  -10.816 0.6999999881
30874  -30.828  -48.229  -11.643 0.6999999881
115463  -32.112  -47.563  -14.749 0.6000000238
31768  -31.272  -47.503  -14.195 0.6999999881
33503  -33.008  -45.494  -14.617 0.5000000000
32609  -33.339  -46.305  -14.734 0.5000000000
32600  -34.693  -46.234  -13.528 0.4000000060
32610  -34.163  -46.574  -14.390 0.5000000000
28164  -31.393  -51.472  -7.457 0.6999999881
24603  -26.005  -55.345  -5.233 0.6000000238
23068  -24.737  -56.940  -8.001 0.5000000000
29068  -31.342  -50.368  -8.755 0.6999999881
117760  -30.561  -49.287  -12.828 0.6999999881
30012  -30.875  -49.131  -11.720 0.6999999881
31767  -30.737  -47.762  -13.516 0.6999999881
31748  -30.668  -47.744  -12.318 0.6999999881
33502  -32.228  -45.165  -14.616 0.6999999881
31776  -31.847  -46.691  -14.649 0.6999999881
34333  -32.791  -44.587  -14.403 0.6999999881
26283  -29.239  -53.828  -3.975 0.6999999881
26274  -30.474  -52.945  -4.291 0.6999999881
27201  -31.018  -52.687  -4.765 0.8000000119
28145  -31.418  -51.391  -5.221 0.8000000119
25423  -27.832  -54.280  -4.192 0.6000000238
26272  -28.882  -53.179  -3.736 0.6000000238
26273  -29.735  -53.133  -3.917 0.6000000238
27202  -31.349  -52.211  -5.514 0.8000000119
26282  -28.393  -53.743  -3.927 0.6000000238
26281  -27.593  -53.407  -4.201 0.6000000238
29054  -31.430  -50.593  -7.497 0.6999999881
25433  -26.421  -54.619  -4.960 0.6000000238
25422  -27.062  -54.048  -4.574 0.6000000238
24614  -24.762  -55.656  -6.867 0.6000000238
25432  -25.544  -54.700  -5.685 0.6000000238
113168  -31.377  -50.275  -8.092 0.6999999881
106815  -24.836  -56.201  -8.610 0.5000000000
29988  -31.369  -49.616  -9.384 0.6999999881
30883  -30.651  -48.469  -12.472 0.6999999881
30003  -31.153  -49.023  -10.220 0.6999999881
33501  -31.506  -44.938  -14.241 0.8000000119
32607  -31.626  -45.801  -14.509 0.6999999881
111629  -30.548  -47.918  -12.951 0.6999999881
30875  -30.924  -47.999  -11.003 0.6999999881
34332  -32.032  -44.144  -14.500 0.8000000119
117172  -30.724  -47.008  -13.625 0.6999999881
31758  -30.467  -47.166  -12.958 0.6999999881
33494  -33.651  -45.031  -13.931 0.5000000000
33495  -34.501  -45.465  -13.340 0.5000000000
33496  -35.159  -45.784  -12.956 0.4000000060
27186  -29.275  -52.456  -3.718 0.6000000238
27194  -30.764  -52.050  -4.354 0.6999999881
28136  -31.114  -51.307  -4.628 0.8000000119
27195  -31.162  -51.968  -4.819 0.8999999762
26271  -28.192  -53.145  -3.834 0.6000000238
119253  -31.634  -51.478  -5.899 0.8000000119
29952  -31.743  -50.229  -6.746 0.8000000119
118044  -26.469  -53.795  -4.957 0.6000000238
111534  -25.905  -53.894  -5.493 0.6000000238
29962  -31.646  -49.785  -7.611 0.8000000119
24623  -24.727  -55.694  -7.841 0.6000000238
24615  -24.902  -54.825  -6.579 0.6000000238
25443  -25.169  -53.885  -6.363 0.6000000238
111818  -25.145  -56.365  -9.785 0.5000000000
30840  -31.741  -49.049  -8.858 0.6999999881
29974  -31.902  -49.265  -8.179 0.6999999881
125026  -25.407  -56.419  -10.832 0.5000000000
124745  -25.139  -55.771  -9.642 0.5000000000
30851  -31.490  -48.691  -9.633 0.6999999881
32599  -31.091  -46.461  -14.052 0.8000000119
31759  -30.700  -47.153  -12.215 0.6999999881
32588  -30.570  -46.245  -13.259 0.6999999881
33504  -33.915  -45.849  -14.142 0.5000000000
27185  -28.407  -52.536  -3.762 0.6999999881
113982  -29.318  -50.929  -3.754 0.6999999881
28127  -29.682  -51.706  -3.773 0.6999999881
28129  -30.684  -51.177  -4.230 0.8000000119
29019  -31.096  -50.513  -4.422 0.8000000119
27184  -27.793  -52.735  -3.978 0.6999999881
29018  -30.555  -50.384  -4.000 0.8000000119
29944  -31.915  -49.933  -5.270 0.8000000119
27193  -27.172  -52.539  -4.365 0.6000000238
29034  -31.820  -50.686  -5.742 0.8000000119
26292  -26.193  -53.091  -5.202 0.6000000238
29953  -32.167  -49.485  -6.793 0.6999999881
115182  -24.729  -54.981  -7.645 0.6000000238
109331  -24.731  -54.166  -7.373 0.6000000238
30841  -32.344  -48.640  -8.381 0.8000000119
29963  -32.409  -48.978  -7.551 0.6999999881
24631  -24.821  -55.283  -8.880 0.6000000238
30827  -32.833  -48.140  -7.815 0.8000000119
116543  -25.470  -56.169  -11.738 0.4000000060
30865  -31.194  -48.277  -10.408 0.6999999881
31721  -31.710  -47.869  -9.938 0.6999999881
30852  -32.077  -48.272  -9.149 0.6999999881
23089  -23.713  -56.836  -12.151 0.4000000060
125460  -31.788  -46.812  -10.942 0.6999999881
33493  -30.988  -45.588  -13.796 0.8000000119
31736  -31.367  -47.517  -10.826 0.6999999881
32569  -31.167  -46.826  -11.610 0.6999999881
35119  -32.718  -43.584  -14.385 0.6999999881
34326  -33.419  -44.084  -13.880 0.5000000000
34315  -34.808  -44.042  -12.700 0.5000000000
34327  -34.270  -44.562  -13.284 0.5000000000
115920  -28.619  -50.770  -3.789 0.6000000238
29017  -29.814  -50.261  -3.714 0.6999999881
29935  -31.834  -49.184  -4.910 0.8000000119
28125  -27.724  -51.949  -4.004 0.6999999881
27192  -26.570  -52.582  -4.777 0.6999999881
29945  -32.196  -49.174  -5.511 0.8000000119
27200  -26.210  -52.229  -5.206 0.6000000238
26291  -25.847  -52.593  -5.675 0.6000000238
31688  -32.958  -47.930  -6.343 0.8000000119
127199  -32.847  -48.328  -7.130 0.8000000119
113714  -24.543  -54.313  -8.604 0.6000000238
26301  -24.794  -53.381  -7.203 0.6000000238
110022  -32.719  -47.791  -8.621 0.8999999762
31722  -32.457  -47.417  -9.460 0.8000000119
24641  -25.281  -55.247  -10.339 0.5000000000
33466  -32.947  -45.388  -10.914 0.8000000119
31737  -32.118  -47.084  -10.278 0.6999999881
24647  -25.312  -55.333  -11.609 0.4000000060
35117  -31.333  -43.393  -14.293 0.8000000119
34325  -30.918  -44.734  -13.567 0.8000000119
33482  -30.618  -45.318  -13.127 0.8000000119
32589  -30.631  -46.503  -12.483 0.8000000119
35118  -32.182  -43.223  -14.656 0.8000000119
112666  -30.615  -45.803  -12.699 0.8000000119
33483  -30.852  -45.151  -12.640 0.8000000119
34313  -30.654  -44.456  -12.995 0.8000000119
35870  -33.887  -42.752  -13.301 0.6000000238
35109  -33.325  -43.130  -13.938 0.6000000238
35100  -34.568  -43.214  -12.719 0.5000000000
29015  -28.269  -50.167  -3.875 0.6000000238
29926  -30.984  -49.647  -4.206 0.6999999881
28135  -27.165  -51.189  -4.364 0.6000000238
114229  -31.095  -48.782  -4.206 0.6999999881
30800  -32.256  -48.390  -4.975 0.6999999881
28134  -26.669  -51.851  -4.672 0.6000000238
29924  -28.655  -49.429  -3.739 0.6000000238
28144  -26.210  -51.432  -5.247 0.6000000238
30811  -32.539  -48.527  -5.813 0.8000000119
31681  -32.725  -47.766  -5.414 0.6999999881
31699  -33.170  -47.634  -7.156 0.8000000119
26325  -24.401  -54.077  -9.937 0.3000000119
32557  -33.460  -45.839  -8.722 0.8000000119
31712  -33.179  -47.262  -7.939 0.8000000119
32556  -32.823  -46.593  -9.816 0.8000000119
112549  -33.252  -46.102  -9.411 0.8000000119
33475  -32.509  -44.864  -11.517 0.8000000119
35108  -30.844  -43.870  -13.478 0.8000000119
32579  -31.124  -45.909  -12.018 0.8000000119
32580  -32.105  -45.655  -11.424 0.8000000119
32570  -32.453  -46.270  -10.702 0.6999999881
34314  -31.072  -44.282  -12.654 0.8000000119
110738  -32.685  -42.576  -14.481 0.6999999881
35102  -36.154  -43.526  -12.300 0.3000000119
117047  -29.955  -48.768  -3.635 0.6999999881
116027  -30.618  -48.305  -3.758 0.6999999881
113831  -31.374  -48.063  -3.980 0.6999999881
118034  -24.401  -50.041  -8.359 0.5000000000
113155  -26.595  -51.078  -4.804 0.6000000238
29025  -27.585  -50.238  -4.251 0.6000000238
116974  -32.482  -47.642  -4.767 0.6999999881
27210  -24.909  -52.612  -7.089 0.5000000000
28143  -25.718  -51.841  -5.894 0.5000000000
29024  -26.852  -50.251  -4.764 0.6000000238
31682  -33.184  -47.161  -5.801 0.6999999881
27239  -23.840  -52.293  -8.847 0.3000000119
26311  -24.496  -53.615  -8.002 0.5000000000
121689  -33.756  -45.892  -7.027 0.8000000119
31700  -33.412  -46.809  -7.147 0.8000000119
33467  -33.321  -44.953  -10.158 0.8999999762
32544  -33.444  -46.333  -7.958 0.8000000119
33433  -33.779  -45.507  -7.949 0.8000000119
25471  -25.092  -54.636  -10.924 0.4000000060
34294  -33.163  -44.555  -10.996 0.8999999762
33454  -33.144  -45.819  -10.105 0.8999999762
33455  -33.425  -45.365  -9.398 0.8999999762
35876  -31.087  -42.185  -14.293 0.8000000119
35116  -31.020  -42.712  -14.232 0.8000000119
33474  -31.562  -45.038  -12.064 0.8000000119
125435  -31.745  -46.310  -11.322 0.8000000119
35877  -31.772  -42.495  -14.640 0.8000000119
36666  -32.861  -41.828  -14.344 0.6999999881
36652  -33.774  -41.951  -13.226 0.6000000238
35850  -35.011  -41.828  -11.858 0.6000000238
122235  -34.917  -42.981  -12.310 0.6000000238
30787  -29.056  -48.548  -3.595 0.6000000238
30788  -29.878  -47.754  -3.488 0.6000000238
110643  -30.848  -47.494  -3.582 0.6999999881
30786  -28.338  -48.842  -3.863 0.6000000238
31659  -31.653  -47.325  -3.874 0.6999999881
29933  -27.338  -49.409  -4.526 0.6000000238
31671  -32.341  -47.171  -4.326 0.8000000119
29041  -24.848  -51.070  -7.173 0.6000000238
112476  -25.774  -50.915  -5.837 0.5000000000
117620  -26.414  -49.850  -5.283 0.6000000238
32514  -33.409  -46.405  -5.481 0.8000000119
32520  -33.544  -46.494  -6.247 0.6999999881
114200  -24.061  -53.337  -9.011 0.4000000060
34286  -33.661  -44.566  -9.414 0.8000000119
34276  -34.227  -44.754  -7.913 0.8000000119
34305  -32.666  -44.126  -11.446 0.8999999762
34295  -33.525  -44.103  -10.233 0.8000000119
34306  -33.171  -43.697  -11.062 0.8000000119
35098  -30.693  -43.401  -12.938 0.8000000119
35090  -31.342  -43.404  -12.482 0.8000000119
35875  -30.632  -42.353  -13.704 0.8000000119
34304  -31.965  -44.178  -12.026 0.8000000119
36665  -32.319  -41.761  -14.532 0.8000000119
120374  -30.411  -41.908  -13.284 0.8000000119
36636  -33.719  -41.149  -13.133 0.6999999881
38430  -35.069  -39.952  -11.387 0.6000000238
38431  -36.010  -39.747  -11.228 0.6000000238
30797  -27.777  -48.694  -4.262 0.6000000238
32494  -30.322  -46.836  -3.432 0.8000000119
32495  -31.174  -46.710  -3.560 0.6999999881
30826  -25.176  -48.744  -7.530 0.5000000000
29943  -26.233  -49.182  -5.551 0.5000000000
32506  -33.245  -46.117  -4.895 0.8000000119
31672  -32.932  -46.989  -4.955 0.6999999881
126866  -25.484  -49.657  -6.413 0.5000000000
29032  -25.869  -49.962  -5.826 0.5000000000
32505  -32.648  -46.437  -4.401 0.8000000119
33405  -33.441  -45.319  -4.779 0.8000000119
29053  -24.784  -50.242  -7.528 0.5000000000
33413  -33.712  -45.621  -5.433 0.8000000119
33420  -33.937  -45.736  -6.097 0.8000000119
34253  -34.581  -44.493  -6.186 0.8000000119
33421  -34.283  -45.172  -6.529 0.8000000119
33434  -34.199  -45.199  -7.262 0.8000000119
34287  -34.259  -44.257  -8.706 0.8000000119
116311  -30.409  -41.804  -12.865 0.8000000119
35091  -32.348  -43.361  -11.804 0.8000000119
35099  -31.589  -42.791  -12.282 0.8999999762
36664  -31.500  -41.670  -14.386 0.8000000119
36663  -30.740  -41.708  -13.886 0.8000000119
37550  -33.139  -40.639  -13.735 0.6999999881
36650  -32.673  -41.158  -14.236 0.6999999881
119471  -34.469  -40.351  -12.036 0.6999999881
38460  -32.941  -39.734  -13.692 0.6999999881
38444  -33.499  -39.227  -13.095 0.6999999881
39376  -33.939  -38.812  -12.344 0.6999999881
38445  -34.192  -39.595  -12.295 0.6999999881
121228  -29.173  -46.201  -3.649 0.8000000119
31658  -28.922  -47.532  -3.589 0.6000000238
32493  -29.478  -46.860  -3.489 0.6000000238
109307  -30.671  -46.045  -3.480 0.8000000119
32531  -26.255  -44.957  -7.838 0.6000000238
32519  -26.295  -45.980  -7.087 0.5000000000
31669  -27.549  -47.795  -4.437 0.6000000238
31670  -28.165  -47.259  -3.973 0.6000000238
34274  -25.676  -43.653  -9.243 0.6000000238
33432  -26.102  -44.050  -8.993 0.6000000238
31687  -26.227  -46.805  -6.280 0.5000000000
31668  -26.875  -47.878  -4.918 0.5000000000
35025  -25.388  -42.574  -6.324 0.5000000000
35047  -26.289  -43.117  -8.678 0.5000000000
35048  -26.450  -43.073  -8.379 0.6000000238
34265  -26.544  -43.969  -8.000 0.6000000238
30816  -25.584  -48.476  -6.629 0.5000000000
31680  -26.438  -47.583  -5.563 0.5000000000
33404  -32.940  -45.766  -4.461 0.8000000119
34244  -33.981  -44.821  -5.186 0.8000000119
35033  -25.970  -42.899  -7.453 0.5000000000
30810  -26.572  -48.479  -5.256 0.5000000000
35024  -24.364  -42.824  -5.828 0.4000000060
34245  -34.462  -44.346  -5.500 0.6999999881
105455  -34.648  -43.438  -8.785 0.8000000119
34266  -34.534  -44.576  -7.016 0.8000000119
35051  -34.793  -43.842  -6.665 0.6999999881
108226  -33.063  -42.853  -11.246 0.8000000119
35081  -33.776  -43.193  -10.339 0.8000000119
118405  -34.711  -43.853  -7.774 0.8000000119
113163  -34.477  -43.002  -9.509 0.8000000119
37547  -30.630  -40.306  -13.455 0.8999999762
36649  -30.390  -41.169  -13.240 0.8999999762
35861  -31.316  -42.243  -12.321 0.8000000119
35860  -30.711  -42.465  -12.704 1.0000000000
36618  -31.869  -41.766  -12.048 0.8000000119
37567  -31.889  -40.983  -14.368 0.8000000119
37549  -32.350  -40.335  -14.052 0.6999999881
33391  -29.354  -45.520  -3.753 0.8000000119
33392  -30.151  -45.357  -3.579 0.8000000119
113313  -30.990  -45.243  -3.550 0.8000000119
34252  -27.255  -43.331  -7.846 0.6000000238
33390  -28.543  -45.811  -4.043 0.6000000238
32504  -28.016  -46.479  -4.181 0.6000000238
33393  -31.499  -45.939  -3.644 0.8000000119
108874  -31.840  -45.133  -3.694 0.8000000119
35034  -26.894  -42.793  -8.015 0.5000000000
34264  -26.086  -43.279  -8.889 0.6000000238
34251  -27.242  -44.372  -6.933 0.6000000238
32503  -27.386  -46.368  -4.654 0.6000000238
33395  -32.754  -45.021  -4.186 0.8000000119
34235  -33.585  -44.472  -4.551 0.6999999881
35818  -27.643  -42.744  -7.700 0.5000000000
33412  -27.014  -45.313  -5.696 0.6000000238
35806  -26.391  -42.409  -6.852 0.4000000060
35807  -27.295  -42.258  -7.129 0.4000000060
35028  -34.608  -43.691  -5.239 0.6999999881
113687  -26.530  -41.990  -6.359 0.4000000060
35036  -28.643  -43.038  -7.209 0.4000000060
35038  -34.765  -43.837  -5.859 0.6999999881
36564  -27.393  -41.277  -5.834 0.4000000060
36572  -28.590  -42.052  -6.825 0.5000000000
35052  -34.959  -43.016  -7.165 0.6999999881
36563  -26.512  -41.149  -5.699 0.3000000119
36565  -28.342  -41.411  -6.156 0.5000000000
36573  -29.096  -42.422  -6.671 0.5000000000
35082  -34.233  -42.512  -9.998 0.8000000119
122791  -34.788  -42.744  -8.871 0.8000000119
35820  -35.169  -42.261  -7.549 0.8000000119
35819  -34.949  -42.824  -8.130 0.8000000119
36634  -30.377  -41.146  -12.847 1.0000000000
36617  -31.483  -40.957  -12.190 0.8000000119
35849  -32.232  -42.506  -11.917 0.8000000119
35843  -33.593  -42.315  -10.635 0.8000000119
36609  -34.149  -41.771  -10.090 0.8000000119
37530  -30.264  -40.239  -12.921 1.0000000000
112020  -33.103  -40.542  -10.961 0.8000000119
37548  -31.455  -40.261  -13.983 0.8000000119
37531  -30.453  -40.724  -12.711 0.8000000119
37514  -32.581  -41.159  -11.579 0.8000000119
38459  -31.892  -39.454  -13.875 0.8999999762
39389  -32.646  -38.895  -13.573 0.6999999881
39359  -33.826  -38.079  -12.024 0.6999999881
39360  -34.547  -38.483  -11.652 0.6999999881
111034  -35.298  -38.010  -11.334 0.6999999881
40354  -34.013  -37.324  -11.762 0.6999999881
39349  -36.843  -38.195  -11.192 0.6000000238
39348  -36.123  -38.205  -11.071 0.6000000238
34222  -31.340  -44.420  -3.603 0.8000000119
34234  -29.245  -44.014  -4.387 0.8000000119
34998  -30.019  -43.784  -3.942 0.8000000119
34220  -29.633  -44.651  -3.832 0.8000000119
127539  -27.179  -42.898  -7.956 0.5000000000
35035  -27.908  -43.634  -7.039 0.6000000238
35026  -28.383  -43.646  -6.048 0.5000000000
33403  -28.868  -44.916  -4.241 0.8000000119
34224  -32.888  -44.240  -4.067 0.6999999881
35808  -28.114  -42.378  -7.332 0.4000000060
34233  -28.525  -44.289  -5.061 0.6999999881
34223  -32.166  -44.334  -3.731 0.6999999881
35002  -33.337  -43.729  -4.187 0.6999999881
35016  -33.990  -43.848  -4.508 0.6999999881
36570  -26.958  -41.692  -6.190 0.3000000119
34236  -34.291  -44.140  -4.875 0.6999999881
35802  -35.036  -42.598  -5.747 0.6999999881
37461  -28.905  -40.903  -5.547 0.5000000000
35810  -35.203  -42.276  -6.607 0.6999999881
37460  -27.808  -40.855  -5.337 0.4000000060
35835  -34.620  -42.162  -9.337 0.8000000119
37502  -33.963  -40.697  -10.130 0.8000000119
107386  -34.329  -40.078  -9.400 0.6999999881
37512  -31.174  -40.026  -12.287 0.8000000119
36608  -33.394  -41.420  -10.783 0.8000000119
38457  -30.299  -39.495  -13.186 0.8999999762
38458  -30.985  -39.679  -13.690 0.8999999762
38442  -29.933  -39.121  -12.885 0.8000000119
38443  -30.229  -39.642  -12.745 0.8000000119
38429  -31.805  -39.461  -11.654 0.8000000119
39388  -31.662  -38.611  -13.619 0.8999999762
39387  -30.873  -38.983  -13.555 0.8000000119
39374  -32.202  -38.163  -13.365 0.8999999762
40369  -32.520  -37.587  -12.824 0.8000000119
37517  -36.395  -40.204  -11.506 0.4000000060
39375  -33.192  -38.321  -12.884 0.8000000119
40353  -33.310  -37.533  -12.333 0.6999999881
114366  -34.487  -37.825  -11.609 0.6999999881
41260  -37.011  -36.354  -11.053 0.5000000000
34221  -30.461  -44.484  -3.626 0.8000000119
35013  -29.813  -43.307  -4.870 0.6999999881
35774  -32.305  -42.805  -3.981 0.6999999881
36571  -27.829  -41.840  -6.651 0.4000000060
35800  -30.396  -42.078  -5.415 0.6000000238
35015  -31.435  -42.992  -4.261 0.6999999881
35003  -33.820  -43.160  -4.327 0.6999999881
35777  -34.325  -42.631  -4.533 0.6999999881
35017  -34.356  -43.446  -4.746 0.6999999881
36566  -29.786  -41.517  -5.665 0.5000000000
35790  -35.028  -41.989  -5.275 0.6999999881
113193  -28.951  -40.413  -4.652 0.4000000060
118301  -35.238  -41.928  -5.877 0.6999999881
38381  -27.681  -39.786  -4.096 0.3000000119
37443  -28.128  -40.425  -4.626 0.3000000119
37444  -29.639  -40.747  -4.950 0.5000000000
36598  -34.439  -41.370  -9.521 0.6999999881
36590  -35.222  -41.645  -8.002 0.6999999881
36574  -35.376  -41.423  -6.384 0.6999999881
109238  -34.486  -40.788  -9.311 0.6999999881
36589  -34.859  -41.356  -8.788 0.6999999881
37489  -33.734  -39.699  -9.957 0.6999999881
38428  -30.598  -39.144  -12.177 0.8000000119
37513  -32.247  -40.298  -11.676 0.8000000119
37501  -32.738  -39.725  -11.066 0.8000000119
39372  -29.543  -38.352  -12.771 0.8000000119
40379  -30.674  -38.128  -13.526 0.8000000119
40367  -30.140  -37.407  -13.295 0.8000000119
39386  -29.937  -38.567  -13.200 0.8999999762
125124  -31.511  -38.095  -13.511 0.8999999762
41281  -31.945  -36.898  -12.683 0.8000000119
41270  -33.453  -36.815  -11.956 0.8000000119
40343  -35.805  -37.389  -11.061 0.6999999881
40344  -36.489  -37.521  -11.091 0.6000000238
41271  -34.357  -36.494  -11.498 0.6999999881
109523  -33.823  -35.036  -11.318 0.6999999881
34999  -30.900  -43.725  -3.812 0.6999999881
118148  -31.119  -41.571  -4.753 0.6000000238
35787  -30.944  -42.409  -4.844 0.6000000238
35788  -31.696  -42.177  -4.412 0.6999999881
35789  -32.325  -41.955  -4.087 0.6999999881
108739  -33.080  -42.940  -3.905 0.6999999881
35799  -29.731  -42.489  -6.159 0.5000000000
35786  -30.229  -42.678  -5.446 0.6000000238
35775  -32.907  -42.140  -3.803 0.6999999881
35776  -33.677  -42.247  -4.028 0.6999999881
37442  -27.201  -40.259  -4.831 0.3000000119
36550  -30.368  -41.242  -5.008 0.5000000000
37446  -31.482  -40.836  -4.385 0.6000000238
111378  -34.700  -41.992  -4.727 0.6999999881
38383  -29.514  -40.078  -4.143 0.4000000060
37445  -30.289  -40.504  -4.525 0.5000000000
37434  -31.009  -40.206  -4.172 0.6000000238
36553  -35.090  -41.257  -4.839 0.6999999881
37466  -35.443  -40.849  -6.896 0.6999999881
37462  -35.473  -40.649  -6.076 0.6999999881
109674  -35.350  -41.054  -7.551 0.6999999881
38371  -29.034  -39.414  -3.458 0.3000000119
38405  -35.070  -39.855  -8.021 0.6999999881
38422  -33.092  -39.257  -10.443 0.8000000119
38415  -34.095  -39.296  -9.348 0.6999999881
38404  -34.593  -39.612  -8.761 0.6999999881
39347  -32.734  -38.336  -10.312 0.8000000119
40366  -29.425  -37.605  -12.816 0.8000000119
39373  -29.821  -38.740  -12.520 0.8000000119
39357  -29.848  -38.383  -11.934 0.8000000119
39358  -31.170  -38.653  -11.535 0.8000000119
41280  -30.588  -36.744  -12.987 0.8000000119
41255  -28.636  -36.060  -11.285 0.8000000119
40340  -29.432  -37.094  -10.856 0.8000000119
125138  -29.344  -35.752  -10.169 0.8000000119
42089  -28.764  -35.467  -10.778 0.8000000119
42092  -36.508  -35.731  -10.730 0.6000000238
113690  -35.800  -36.005  -10.708 0.6999999881
42103  -33.267  -35.570  -11.653 0.8000000119
43874  -33.290  -33.634  -11.418 0.6999999881
42988  -34.129  -34.244  -11.152 0.6000000238
42090  -34.624  -35.052  -10.990 0.6000000238
36551  -31.893  -41.419  -4.283 0.6000000238
115577  -30.878  -40.861  -4.647 0.6000000238
36542  -33.371  -41.606  -3.743 0.6999999881
36543  -33.999  -41.452  -3.868 0.6999999881
106289  -31.837  -40.216  -3.949 0.6000000238
37437  -34.222  -40.685  -3.831 0.6999999881
36552  -34.572  -41.308  -4.317 0.6999999881
38372  -29.928  -39.429  -3.594 0.4000000060
38384  -30.283  -39.963  -4.015 0.4000000060
37436  -33.504  -40.928  -3.613 0.6999999881
38373  -31.507  -39.597  -3.591 0.5000000000
37448  -35.397  -40.417  -5.117 0.6999999881
36567  -35.322  -41.272  -5.572 0.6999999881
39298  -29.610  -38.725  -3.061 0.3000000119
39299  -30.477  -38.821  -3.149 0.4000000060
37476  -34.774  -40.425  -8.724 0.6999999881
38395  -35.512  -39.940  -5.791 0.6999999881
39275  -30.238  -38.050  -2.698 0.3000000119
38401  -35.335  -39.635  -7.255 0.6999999881
107704  -35.485  -39.974  -6.607 0.6999999881
38399  -35.400  -39.050  -6.709 0.6999999881
38421  -32.297  -38.912  -11.006 0.8000000119
39343  -33.914  -38.590  -9.353 0.6999999881
117839  -35.284  -38.265  -6.887 0.6999999881
39337  -34.376  -38.822  -8.826 0.6999999881
40318  -34.428  -37.473  -7.941 0.6999999881
39356  -29.310  -38.004  -12.302 0.8000000119
39345  -30.269  -37.885  -11.349 0.8000000119
38414  -33.494  -38.892  -9.843 0.6999999881
41240  -34.086  -36.546  -7.798 0.6999999881
39355  -29.272  -37.874  -12.507 0.8000000119
111899  -31.072  -37.339  -10.896 0.8000000119
40341  -32.002  -37.507  -10.380 0.8000000119
41248  -33.004  -36.565  -8.712 0.8000000119
41279  -29.331  -36.950  -12.606 0.8000000119
41246  -31.267  -36.292  -9.566 0.8000000119
41247  -32.260  -36.520  -9.068 0.8000000119
41267  -29.781  -36.149  -12.109 0.8000000119
41256  -28.889  -36.292  -10.784 0.8000000119
41257  -29.925  -36.362  -10.070 0.8000000119
42081  -31.551  -35.814  -8.941 0.8000000119
41268  -31.428  -36.147  -12.282 0.8000000119
42099  -28.737  -35.390  -11.160 0.8000000119
41245  -30.237  -35.569  -9.413 0.8000000119
42956  -31.361  -34.411  -8.649 0.8000000119
42101  -30.698  -35.415  -11.641 0.8000000119
42080  -29.124  -34.941  -9.957 0.8000000119
42093  -37.099  -35.170  -10.823 0.5000000000
42091  -35.679  -35.201  -10.665 0.6000000238
42986  -31.570  -34.657  -11.447 0.8000000119
42102  -32.228  -35.516  -11.815 0.8000000119
118447  -36.482  -34.984  -10.638 0.6000000238
42978  -36.065  -34.406  -10.601 0.6000000238
43875  -34.905  -33.635  -11.071 0.6000000238
43865  -35.676  -33.846  -10.715 0.6000000238
37435  -32.118  -40.794  -4.060 0.6999999881
36541  -32.713  -41.317  -3.791 0.6999999881
109771  -32.756  -40.359  -3.556 0.6999999881
38375  -33.656  -40.108  -3.462 0.6999999881
125217  -32.206  -39.691  -3.493 0.5000000000
39276  -31.075  -38.249  -2.785 0.4000000060
123128  -31.637  -38.466  -2.836 0.5000000000
38385  -35.146  -39.820  -4.538 0.6999999881
115873  -31.010  -37.311  -2.654 0.3000000119
39311  -35.442  -38.665  -4.894 0.6999999881
105848  -35.520  -39.214  -5.968 0.6999999881
39274  -29.312  -37.917  -2.619 0.3000000119
41175  -31.435  -36.425  -2.697 0.3000000119
116184  -35.583  -38.290  -6.073 0.6999999881
41174  -30.578  -36.421  -2.550 0.3000000119
40313  -35.397  -37.537  -6.437 0.6999999881
40342  -32.738  -37.644  -9.836 0.8000000119
40326  -34.089  -37.876  -8.934 0.6999999881
40319  -34.987  -37.551  -7.143 0.6999999881
39342  -33.467  -38.041  -9.670 0.6999999881
40325  -33.667  -36.962  -8.457 0.6999999881
40339  -28.663  -36.785  -11.489 0.8000000119
40330  -31.136  -36.806  -10.416 0.8000000119
40332  -33.069  -37.252  -9.167 0.6999999881
41239  -33.364  -36.159  -8.233 0.8000000119
40351  -28.813  -37.411  -12.139 0.8000000119
42070  -33.080  -35.376  -8.396 0.8000000119
41266  -28.644  -36.400  -11.653 0.8000000119
42068  -30.835  -35.017  -8.751 0.8000000119
42069  -32.043  -35.224  -8.646 0.8000000119
42100  -28.919  -35.393  -11.433 0.8000000119
112957  -29.680  -34.522  -9.177 0.8000000119
122715  -30.293  -34.233  -8.748 0.8000000119
43841  -31.868  -33.709  -8.753 0.8000000119
42985  -29.894  -34.537  -11.189 0.8000000119
42079  -28.880  -34.549  -10.608 0.8000000119
42967  -28.886  -33.919  -9.816 0.8000000119
43855  -31.005  -33.038  -9.166 0.8000000119
42987  -32.993  -34.657  -11.499 0.8000000119
118574  -31.247  -38.956  -3.133 0.5000000000
38374  -32.925  -39.412  -3.239 0.6000000238
39277  -32.168  -38.246  -2.820 0.5000000000
39302  -33.413  -38.672  -3.187 0.6999999881
122919  -33.789  -39.322  -3.436 0.6999999881
39310  -35.057  -39.077  -4.397 0.6999999881
40282  -32.878  -38.029  -2.895 0.6000000238
40283  -33.813  -37.904  -3.198 0.6999999881
39303  -34.409  -38.649  -3.718 0.6999999881
40295  -35.189  -38.239  -4.339 0.6999999881
117045  -31.828  -37.026  -2.820 0.3000000119
117462  -34.767  -37.589  -3.705 0.6999999881
41173  -29.675  -36.356  -2.516 0.3000000119
42893  -32.320  -35.102  -2.705 0.3000000119
40296  -35.327  -37.417  -4.509 0.6999999881
107122  -35.559  -37.976  -5.181 0.6999999881
43790  -30.158  -33.273  -3.513 0.3000000119
43791  -31.068  -33.430  -3.459 0.3000000119
42909  -31.314  -34.205  -3.081 0.3000000119
42910  -32.147  -34.390  -2.953 0.3000000119
44723  -29.950  -32.450  -3.715 0.3000000119
41232  -35.111  -36.851  -6.748 0.6999999881
42957  -32.604  -34.539  -8.614 0.8000000119
42984  -28.902  -34.515  -10.823 0.8000000119
42976  -29.217  -33.616  -10.583 0.8000000119
42975  -28.882  -33.667  -10.281 0.8000000119
44787  -29.383  -32.540  -9.903 0.8000000119
43854  -29.610  -32.941  -9.338 0.8000000119
43853  -28.891  -33.091  -9.786 0.8000000119
113157  -32.179  -33.819  -11.409 0.8000000119
110861  -32.548  -33.107  -11.513 0.6999999881
39301  -32.630  -38.678  -2.985 0.6000000238
42011  -32.556  -35.770  -2.666 0.4000000060
41198  -33.794  -36.530  -2.943 0.6000000238
42025  -34.457  -35.786  -3.412 0.4000000060
110842  -35.514  -37.180  -5.161 0.6999999881
40306  -35.588  -37.377  -5.800 0.6999999881
44726  -32.710  -32.887  -3.407 0.3000000119
116434  -35.475  -35.848  -4.551 0.6000000238
41222  -35.575  -36.551  -5.503 0.6999999881
41228  -35.499  -36.696  -6.160 0.6999999881
42055  -35.655  -35.809  -5.917 0.6999999881
117011  -35.301  -35.996  -6.590 0.6999999881
42062  -35.046  -35.487  -7.282 0.6999999881
41238  -32.546  -35.978  -8.617 0.8000000119
42968  -30.495  -33.632  -8.808 0.8000000119
43842  -33.159  -33.770  -8.726 0.8000000119
115432  -29.400  -33.618  -9.155 0.8000000119
44789  -31.650  -32.476  -9.551 0.8000000119
43873  -30.080  -32.919  -10.635 0.8000000119
43864  -29.237  -32.784  -10.141 0.8000000119
44788  -30.126  -32.346  -9.659 0.8000000119
44799  -29.697  -32.308  -10.243 0.8000000119
113342  -34.779  -32.916  -11.397 0.6000000238
126633  -34.104  -32.630  -11.530 0.6000000238
44811  -32.186  -32.352  -11.697 0.6999999881
45801  -32.362  -31.825  -12.074 0.6999999881
40265  -33.140  -37.218  -2.796 0.6000000238
41199  -34.646  -36.726  -3.522 0.6000000238
127538  -33.008  -35.201  -2.681 0.3000000119
40284  -35.175  -36.917  -4.007 0.6000000238
120690  -32.798  -33.914  -3.112 0.3000000119
42911  -33.758  -34.908  -3.133 0.3000000119
105285  -34.212  -34.144  -3.555 0.3000000119
42912  -34.686  -34.878  -3.756 0.5000000000
42049  -35.692  -35.677  -5.117 0.6999999881
45713  -32.368  -32.037  -3.632 0.3000000119
125639  -33.377  -32.799  -3.521 0.3000000119
42039  -35.885  -34.856  -5.013 0.4000000060
46616  -31.700  -30.679  -4.476 0.3000000119
42943  -36.084  -34.203  -6.107 0.6000000238
42951  -35.388  -34.699  -7.502 0.6000000238
43823  -35.875  -34.188  -7.070 0.6000000238
42950  -34.665  -35.023  -7.815 0.8000000119
43830  -35.923  -33.495  -7.395 0.6000000238
42958  -33.824  -34.662  -8.331 0.8000000119
42959  -34.942  -34.336  -8.178 0.6999999881
43829  -35.563  -33.948  -7.853 0.6999999881
43843  -34.354  -33.778  -8.612 0.6999999881
120445  -35.158  -33.672  -8.389 0.6999999881
43856  -32.428  -33.021  -8.936 0.8000000119
43857  -33.675  -33.038  -8.907 0.8000000119
45775  -34.256  -32.474  -9.327 0.6999999881
43844  -34.912  -33.033  -8.873 0.6999999881
44790  -33.048  -32.494  -9.309 0.8000000119
44791  -35.229  -32.274  -9.248 0.6999999881
44809  -30.090  -32.171  -10.718 0.8000000119
44800  -29.934  -31.944  -10.059 0.8000000119
44801  -30.977  -31.944  -10.089 0.8000000119
114977  -30.726  -33.757  -11.010 0.8000000119
45789  -30.187  -31.840  -10.620 0.8000000119
46665  -30.919  -30.964  -10.901 0.8000000119
110184  -31.352  -32.974  -11.317 0.8000000119
44810  -30.707  -32.083  -11.312 0.8000000119
45800  -31.345  -31.582  -11.766 0.6999999881
44813  -34.566  -32.202  -11.672 0.6000000238
44727  -33.491  -33.432  -3.445 0.3000000119
43795  -35.019  -34.154  -4.062 0.4000000060
42038  -35.609  -35.181  -4.657 0.5000000000
44728  -33.985  -32.661  -3.726 0.3000000119
42920  -36.105  -34.171  -5.182 0.5000000000
42931  -35.877  -34.957  -5.616 0.6000000238
116892  -34.030  -31.792  -3.977 0.3000000119
43807  -34.900  -32.502  -4.278 0.3000000119
46617  -33.074  -30.462  -4.473 0.3000000119
111320  -35.543  -32.032  -4.664 0.3000000119
47456  -31.485  -29.960  -4.856 0.3000000119
44765  -35.691  -33.100  -8.112 0.6999999881
44776  -35.571  -32.484  -8.621 0.6999999881
115581  -32.682  -31.106  -10.578 0.8000000119
45792  -33.407  -31.467  -10.308 0.6999999881
45793  -34.241  -31.355  -10.187 0.6999999881
44802  -32.437  -31.886  -10.115 0.6999999881
45791  -31.440  -31.293  -10.553 0.8000000119
46666  -31.899  -30.641  -10.942 0.6999999881
45799  -30.560  -31.192  -11.290 0.8000000119
46664  -30.563  -31.080  -11.236 0.6999999881
45815  -35.778  -31.327  -12.432 0.6000000238
45811  -30.685  -30.827  -12.193 0.6999999881
44822  -30.549  -31.165  -11.406 0.6999999881
45813  -32.816  -31.496  -12.627 0.6999999881
126630  -33.673  -31.454  -12.517 0.6999999881
45812  -31.744  -31.301  -12.570 0.6999999881
47541  -32.317  -28.690  -14.569 0.5000000000
106976  -36.260  -33.278  -5.606 0.6000000238
43824  -36.137  -33.439  -6.621 0.6000000238
44762  -36.376  -32.624  -6.312 0.6000000238
44766  -36.199  -32.815  -7.209 0.6000000238
44777  -36.154  -32.114  -7.893 0.6999999881
48342  -30.023  -28.433  -5.750 0.3000000119
119796  -34.723  -31.837  -9.739 0.6999999881
45764  -35.787  -31.823  -8.741 0.6999999881
45776  -35.460  -31.536  -9.409 0.6999999881
46667  -33.737  -30.768  -10.620 0.6999999881
45810  -30.402  -30.457  -12.152 0.6999999881
46674  -30.504  -30.319  -11.819 0.6999999881
47513  -30.512  -29.496  -12.084 0.6000000238
46681  -30.068  -30.122  -12.643 0.6999999881
45803  -34.395  -31.596  -12.106 0.6000000238
109320  -34.981  -31.305  -12.454 0.5000000000
45822  -32.230  -30.959  -13.235 0.6999999881
46692  -31.591  -30.271  -13.540 0.6999999881
117212  -32.746  -30.498  -13.712 0.6999999881
126619  -33.261  -30.121  -14.111 0.6000000238
44752  -36.377  -32.320  -5.494 0.5000000000
45734  -36.349  -31.552  -5.462 0.4000000060
107864  -36.604  -31.774  -6.065 0.5000000000
106583  -36.542  -31.986  -6.887 0.6000000238
119016  -36.605  -31.288  -6.572 0.5000000000
45765  -36.273  -31.272  -8.211 0.6000000238
49237  -29.814  -27.860  -6.095 0.3000000119
49238  -30.424  -27.842  -6.026 0.3000000119
45777  -35.955  -31.196  -8.895 0.6999999881
122156  -35.090  -31.153  -10.014 0.6000000238
46654  -35.773  -30.677  -9.414 0.6000000238
119310  -32.475  -30.051  -11.320 0.6000000238
46673  -30.390  -30.410  -12.002 0.6999999881
46675  -31.271  -30.138  -11.461 0.6000000238
127197  -32.921  -30.538  -10.925 0.6000000238
47512  -29.917  -29.578  -12.525 0.6999999881
47521  -29.957  -28.814  -12.554 0.6000000238
46682  -31.051  -30.589  -12.926 0.6999999881
46693  -33.680  -30.545  -13.745 0.6999999881
45814  -34.251  -31.059  -13.029 0.6000000238
46695  -35.603  -30.219  -13.666 0.5000000000
46694  -34.598  -30.422  -13.717 0.6000000238
47531  -34.906  -29.773  -14.398 0.5000000000
47528  -30.879  -29.590  -13.775 0.6000000238
47530  -34.022  -30.023  -14.316 0.5000000000
47529  -32.268  -29.733  -14.096 0.5000000000
47542  -34.297  -29.309  -14.730 0.5000000000
48412  -33.435  -28.585  -14.808 0.5000000000
49309  -33.528  -27.678  -15.077 0.5000000000
46631  -36.486  -30.275  -5.982 0.4000000060
45742  -36.581  -31.019  -5.979 0.4000000060
47469  -34.301  -29.423  -5.283 0.4000000060
45751  -36.514  -31.284  -7.338 0.6000000238
49239  -31.237  -27.823  -5.943 0.3000000119
49251  -31.630  -27.258  -6.356 0.3000000119
49240  -32.514  -28.068  -5.847 0.3000000119
50120  -31.092  -26.690  -6.833 0.3000000119
47493  -35.850  -29.794  -9.648 0.6000000238
46668  -34.582  -30.018  -10.761 0.5000000000
45794  -35.302  -30.371  -10.191 0.6000000238
47514  -33.065  -29.405  -11.594 0.6000000238
46676  -33.555  -30.085  -11.169 0.6000000238
117980  -31.720  -29.380  -11.744 0.6000000238
47515  -34.136  -29.375  -11.305 0.6000000238
47522  -30.766  -28.639  -12.312 0.6000000238
48389  -32.370  -28.594  -12.237 0.6000000238
47526  -29.668  -29.386  -13.035 0.6999999881
119408  -33.358  -29.515  -14.466 0.5000000000
117497  -31.917  -27.434  -15.127 0.5000000000
117313  -35.444  -29.679  -5.459 0.4000000060
46636  -36.602  -30.534  -6.746 0.4000000060
47470  -36.292  -29.599  -5.866 0.4000000060
48350  -35.940  -28.526  -5.920 0.4000000060
114086  -36.620  -29.913  -7.314 0.4000000060
106057  -36.523  -30.567  -7.694 0.4000000060
46655  -36.292  -30.589  -8.543 0.5000000000
50121  -32.005  -26.586  -6.633 0.3000000119
49252  -32.580  -27.335  -6.185 0.4000000060
106470  -36.302  -29.903  -8.896 0.4000000060
50137  -32.341  -25.849  -6.997 0.3000000119
49253  -33.590  -27.162  -6.213 0.4000000060
47503  -35.439  -29.506  -10.363 0.5000000000
47516  -35.018  -29.117  -10.994 0.5000000000
48390  -33.710  -28.734  -11.738 0.6000000238
48392  -35.230  -28.297  -11.181 0.5000000000
48400  -32.310  -27.597  -12.761 0.6000000238
49291  -29.870  -27.756  -13.086 0.6000000238
49292  -30.183  -27.312  -13.263 0.6000000238
48410  -30.360  -28.057  -13.945 0.5000000000
47540  -31.205  -28.841  -14.254 0.5000000000
48411  -31.140  -27.750  -14.556 0.5000000000
49320  -32.206  -26.562  -15.302 0.5000000000
49321  -33.826  -26.862  -15.288 0.5000000000
117661  -35.924  -29.062  -5.763 0.4000000060
47474  -36.555  -29.571  -6.633 0.4000000060
47480  -36.698  -29.097  -7.541 0.4000000060
106317  -36.608  -28.697  -6.925 0.4000000060
48366  -36.767  -28.364  -8.135 0.4000000060
47489  -36.607  -29.137  -8.446 0.4000000060
50136  -31.403  -26.044  -7.171 0.3000000119
47504  -35.971  -28.914  -9.737 0.4000000060
47494  -36.295  -29.238  -9.145 0.5000000000
51869  -31.185  -24.847  -7.648 0.3000000119
48381  -35.621  -28.616  -10.515 0.4000000060
119823  -34.571  -28.697  -11.366 0.5000000000
49279  -35.891  -27.784  -10.752 0.4000000060
123892  -33.397  -28.171  -12.284 0.6000000238
48391  -34.426  -27.988  -11.740 0.5000000000
49288  -35.391  -27.478  -11.465 0.5000000000
48399  -30.835  -27.706  -12.717 0.6000000238
49294  -33.596  -27.425  -12.473 0.5000000000
49306  -30.472  -26.972  -13.993 0.5000000000
49300  -30.283  -27.197  -13.365 0.6000000238
49293  -30.852  -26.896  -13.506 0.6000000238
121236  -32.306  -26.715  -13.254 0.6000000238
49301  -30.612  -26.599  -13.874 0.6000000238
118341  -30.913  -26.723  -14.693 0.5000000000
49308  -30.997  -26.214  -14.925 0.5000000000
49307  -30.677  -26.288  -14.381 0.5000000000
53668  -30.610  -23.002  -7.926 0.3000000119
53669  -31.251  -22.847  -8.070 0.4000000060
53678  -31.990  -22.623  -8.073 0.4000000060
54573  -30.610  -21.444  -7.730 0.4000000060
49302  -30.788  -25.888  -13.926 0.5000000000
51046  -33.962  -24.906  -12.985 0.5000000000
51047  -34.943  -25.808  -12.355 0.5000000000
50178  -30.936  -25.058  -14.214 0.5000000000
50172  -33.791  -25.865  -12.969 0.5000000000
50177  -30.811  -25.674  -14.304 0.6000000238
50196  -34.211  -26.084  -15.405 0.5000000000
50195  -32.774  -25.848  -15.349 0.6000000238
51072  -31.719  -24.841  -15.113 0.5000000000
51074  -34.536  -25.380  -15.399 0.4000000060
54574  -31.403  -21.995  -8.029 0.4000000060
114833  -33.272  -23.188  -7.999 0.4000000060
51053  -31.404  -24.515  -14.490 0.5000000000
51052  -31.036  -24.864  -14.496 0.5000000000
51917  -31.810  -23.951  -14.636 0.5000000000
51918  -32.505  -24.246  -13.903 0.5000000000
50185  -31.120  -25.480  -15.056 0.5000000000
110079  -33.820  -24.773  -15.594 0.4000000060
51931  -32.488  -24.285  -15.472 0.5000000000
51073  -33.305  -25.249  -15.464 0.5000000000
54576  -33.086  -21.307  -8.083 0.4000000060
55382  -31.180  -19.946  -7.992 0.4000000060
51054  -32.341  -25.005  -13.763 0.5000000000
51910  -34.864  -24.319  -12.424 0.4000000060
51925  -31.564  -24.266  -14.746 0.4000000060
52821  -32.906  -23.624  -15.799 0.4000000060
51932  -33.621  -24.165  -15.773 0.5000000000
52822  -34.120  -23.610  -15.813 0.3000000119
51909  -33.828  -23.937  -13.237 0.4000000060
114246  -32.011  -23.696  -15.126 0.4000000060
119828  -33.484  -23.009  -15.930 0.4000000060
52806  -32.087  -23.317  -14.857 0.4000000060
53733  -36.080  -22.174  -14.373 0.4000000060
52814  -32.457  -23.123  -15.464 0.4000000060
53739  -33.929  -22.421  -15.820 0.4000000060
54616  -33.219  -21.423  -14.506 0.4000000060
108569  -34.572  -21.920  -15.709 0.4000000060
53732  -35.310  -22.096  -15.328 0.4000000060
108709  -35.692  -21.519  -14.849 0.4000000060
54621  -32.902  -21.978  -15.082 0.4000000060
54628  -33.688  -21.813  -15.553 0.3000000119
54629  -34.480  -20.949  -15.494 0.4000000060
54622  -33.656  -21.197  -15.120 0.4000000060
54623  -35.048  -21.273  -15.512 0.4000000060
54617  -36.370  -21.320  -13.943 0.4000000060
55420  -35.018  -20.328  -15.913 0.4000000060
54624  -35.632  -20.750  -14.971 0.5000000000
55419  -34.129  -20.342  -15.561 0.4000000060
55428  -34.779  -19.802  -16.068 0.4000000060
28154  -31.537  -51.903  -6.554 0.6999999881
23786  -24.714  -56.365  -7.395 0.6000000238
27187  -30.119  -52.367  -3.926 0.6999999881
115174  -32.248  -49.862  -5.966 0.8000000119
112662  -27.963  -50.992  -3.946 0.6000000238
115649  -29.445  -49.453  -3.645 0.6000000238
117249  -30.568  -49.001  -3.977 0.6999999881
28175  -23.754  -51.278  -8.895 0.4000000060
35107  -30.699  -43.032  -13.553 0.8000000119
31686  -25.435  -47.741  -7.387 0.5000000000
33414  -34.221  -45.036  -5.811 0.8000000119
33394  -32.292  -45.833  -3.999 0.8000000119
34232  -28.087  -45.072  -4.688 0.6000000238
35049  -27.920  -42.949  -7.726 0.5000000000
35012  -29.073  -43.507  -5.404 0.6000000238
35000  -31.768  -43.671  -3.776 0.6999999881
107219  -33.364  -39.980  -10.513 0.6999999881
123313  -34.294  -41.928  -4.283 0.6999999881
38376  -34.455  -39.738  -3.937 0.6999999881
41231  -34.661  -36.227  -7.207 0.6999999881
41200  -35.202  -36.237  -3.981 0.6000000238
42913  -35.302  -34.810  -4.242 0.5000000000
125860  -34.619  -30.733  -10.374 0.6000000238
47473  -36.364  -28.949  -6.241 0.4000000060
25479  -30.896  -54.606  -11.847 0.6999999881
23052  -25.538  -57.442  -5.563 0.5000000000
30901  -31.837  -48.655  -14.581 0.6999999881
27225  -31.348  -52.407  -7.274 0.6999999881
28177  -31.286  -51.009  -8.227 0.6999999881
111696  -31.125  -49.974  -11.191 0.6999999881
29097  -31.283  -50.559  -10.584 0.6999999881
31749  -30.944  -47.562  -11.590 0.6999999881
32608  -32.445  -46.048  -14.792 0.6999999881
29973  -31.511  -49.733  -8.467 0.6999999881
112471  -27.262  -54.902  -4.436 0.6000000238
29043  -31.578  -51.034  -6.678 0.8000000119
33484  -35.011  -44.967  -12.746 0.4000000060
29026  -31.499  -50.625  -4.942 0.8000000119
26302  -25.632  -53.197  -5.910 0.6000000238
28126  -28.691  -51.627  -3.748 0.6999999881
122813  -32.410  -49.188  -6.174 0.6999999881
25464  -24.887  -54.764  -9.778 0.5000000000
32543  -33.128  -46.786  -8.877 0.8000000119
35110  -34.035  -43.619  -13.302 0.5000000000
123958  -31.416  -49.198  -4.536 0.6999999881
27211  -25.431  -52.547  -6.303 0.6000000238
31689  -33.287  -47.220  -6.536 0.8000000119
36651  -33.232  -41.480  -13.832 0.6999999881
35862  -34.501  -42.447  -12.549 0.6000000238
30799  -31.708  -48.579  -4.476 0.6999999881
29033  -26.290  -50.599  -5.271 0.6000000238
36637  -34.242  -41.675  -12.619 0.6000000238
106675  -35.886  -42.300  -11.753 0.4000000060
114146  -23.589  -50.791  -9.891 0.3000000119
28153  -25.142  -51.868  -6.768 0.5000000000
28152  -24.386  -51.841  -7.787 0.5000000000
27223  -24.356  -52.873  -7.948 0.5000000000
26339  -23.777  -52.558  -10.015 0.4000000060
37566  -31.033  -40.991  -13.977 0.8000000119
30798  -28.299  -48.108  -3.889 0.6000000238
32496  -31.967  -46.588  -3.889 0.8000000119
30796  -27.112  -48.578  -4.719 0.5000000000
29042  -25.300  -50.390  -6.562 0.5000000000
35072  -34.129  -43.794  -9.522 0.8000000119
37532  -33.766  -40.225  -12.944 0.6999999881
39361  -35.484  -38.957  -11.265 0.6000000238
38423  -36.477  -38.945  -11.207 0.4000000060
30839  -25.152  -47.904  -8.548 0.5000000000
29951  -25.413  -49.136  -6.706 0.5000000000
29942  -25.741  -49.142  -6.120 0.5000000000
32492  -28.701  -46.687  -3.742 0.6000000238
32530  -25.787  -45.552  -8.387 0.5000000000
112497  -26.521  -46.009  -5.991 0.6000000238
33419  -26.715  -45.207  -6.907 0.6000000238
32518  -25.788  -46.800  -7.261 0.5000000000
35062  -26.208  -43.323  -9.039 0.6000000238
31679  -25.902  -47.650  -6.470 0.5000000000
32512  -26.876  -46.175  -5.215 0.6000000238
30809  -26.077  -48.423  -5.906 0.5000000000
32502  -26.950  -47.047  -4.867 0.5000000000
35797  -25.808  -42.062  -6.018 0.4000000060
35029  -34.835  -43.254  -5.613 0.6999999881
35039  -34.981  -43.164  -6.236 0.6999999881
36619  -32.861  -42.010  -11.427 0.8000000119
36635  -30.699  -41.646  -12.577 0.8999999762
34243  -27.702  -44.497  -5.688 0.6000000238
32513  -27.249  -45.759  -4.976 0.6000000238
35050  -28.232  -42.851  -7.530 0.4000000060
122709  -29.150  -43.110  -6.461 0.5000000000
35037  -29.170  -42.881  -6.653 0.5000000000
109847  -29.176  -41.736  -6.337 0.5000000000
35828  -34.982  -42.175  -8.544 0.6999999881
41258  -35.421  -36.595  -11.053 0.6999999881
35014  -30.643  -43.117  -4.556 0.6999999881
36580  -35.344  -41.586  -7.187 0.6999999881
41282  -32.812  -37.058  -12.377 0.8000000119
35027  -29.761  -43.029  -6.104 0.6000000238
38382  -28.540  -39.938  -3.993 0.3000000119
37477  -35.179  -40.793  -8.106 0.6999999881
40368  -31.362  -37.507  -13.329 0.8999999762
41269  -32.718  -36.319  -12.107 0.8000000119
110718  -33.576  -36.168  -11.704 0.6000000238
42105  -34.988  -35.824  -11.034 0.6000000238
42104  -34.114  -35.672  -11.411 0.6000000238
116980  -30.746  -39.500  -3.632 0.4000000060
39331  -34.657  -38.394  -8.215 0.6999999881
37447  -34.881  -40.524  -4.384 0.6999999881
39300  -32.019  -39.040  -3.012 0.5000000000
38386  -35.471  -39.397  -5.134 0.6999999881
40262  -29.954  -37.197  -2.447 0.3000000119
39332  -35.107  -38.931  -7.548 0.6999999881
116854  -34.932  -38.137  -7.539 0.6999999881
112281  -34.604  -36.915  -7.332 0.6999999881
40331  -32.102  -37.012  -9.622 0.8000000119
40263  -31.682  -37.794  -2.735 0.5000000000
40264  -32.309  -37.501  -2.809 0.5000000000
39320  -35.537  -38.692  -5.453 0.6999999881
42008  -30.196  -35.624  -2.648 0.3000000119
117373  -32.922  -34.587  -2.848 0.3000000119
43792  -32.059  -33.582  -3.289 0.3000000119
124502  -32.760  -33.445  -3.263 0.3000000119
44812  -33.363  -32.803  -11.562 0.6999999881
41215  -35.439  -36.559  -4.701 0.6999999881
42942  -35.668  -35.058  -6.584 0.6000000238
45802  -33.509  -32.018  -11.848 0.6000000238
43793  -33.446  -34.184  -3.225 0.3000000119
42024  -33.416  -35.754  -2.766 0.5000000000
42026  -35.204  -35.474  -4.082 0.5000000000
45724  -31.996  -31.338  -4.092 0.3000000119
45714  -33.281  -32.203  -3.593 0.3000000119
45774  -33.708  -31.974  -9.828 0.6999999881
45823  -33.234  -31.042  -13.245 0.6999999881
43794  -34.555  -33.372  -3.848 0.3000000119
45725  -33.050  -31.294  -3.943 0.3000000119
119398  -32.313  -30.177  -4.691 0.3000000119
47458  -33.684  -29.983  -4.841 0.3000000119
46691  -30.170  -29.972  -13.266 0.6999999881
46683  -35.226  -30.839  -13.029 0.5000000000
48397  -29.664  -28.608  -12.895 0.6000000238
48398  -29.916  -27.997  -12.808 0.6000000238
48413  -34.557  -28.556  -15.101 0.4000000060
118212  -36.090  -30.167  -5.543 0.4000000060
48346  -33.847  -28.616  -5.534 0.4000000060
46646  -36.585  -29.863  -8.058 0.4000000060
50122  -32.962  -26.507  -6.538 0.4000000060
48382  -36.210  -28.053  -9.935 0.4000000060
53679  -33.023  -22.359  -7.992 0.4000000060
50179  -32.439  -25.924  -13.575 0.5000000000
53738  -32.988  -22.480  -15.524 0.4000000060
53731  -32.402  -22.693  -15.046 0.4000000060
111548  -33.947  -20.035  -14.981 0.4000000060
55413  -36.293  -20.312  -14.214 0.3000000119
22430  -30.004  -58.617  -9.213 0.5000000000
23091  -30.203  -57.443  -10.337 0.5000000000
21770  -29.574  -59.431  -6.233 0.4000000060
21771  -29.900  -59.067  -7.017 0.5000000000
21777  -29.905  -59.666  -7.580 0.5000000000
22422  -30.096  -58.067  -8.432 0.5000000000
23084  -30.186  -57.707  -9.172 0.6000000238
105722  -30.325  -56.769  -9.963 0.6000000238
21762  -29.200  -59.171  -5.615 0.5000000000
22417  -30.018  -58.244  -7.556 0.5000000000
23069  -30.192  -57.580  -7.833 0.5000000000
22403  -29.373  -58.339  -5.527 0.5000000000
23792  -30.438  -56.550  -8.535 0.6000000238
106633  -30.543  -56.032  -8.992 0.6000000238
23802  -30.361  -56.843  -9.228 0.6000000238
122360  -30.459  -56.251  -9.610 0.6000000238
24648  -30.642  -55.405  -10.436 0.6000000238
120042  -31.006  -54.790  -9.836 0.6000000238
26354  -31.181  -53.818  -11.488 0.6000000238
120539  -31.026  -54.565  -10.765 0.6000000238
23062  -29.802  -57.957  -6.133 0.5000000000
23063  -30.118  -57.518  -6.931 0.5000000000
105753  -30.527  -55.905  -8.166 0.6000000238
23054  -29.019  -57.715  -5.061 0.5000000000
123643  -29.556  -57.651  -5.568 0.5000000000
24632  -30.694  -55.114  -8.717 0.6000000238
22390  -27.712  -58.253  -4.803 0.5000000000
22391  -28.300  -58.046  -4.817 0.5000000000
126505  -30.863  -54.878  -9.292 0.6000000238
120063  -31.255  -54.142  -9.984 0.6000000238
108073  -31.066  -53.073  -12.118 0.6000000238
23782  -30.212  -56.560  -6.622 0.5000000000
24624  -30.425  -55.868  -7.221 0.5000000000
23776  -29.912  -56.388  -5.772 0.5000000000
23056  -29.912  -57.181  -6.026 0.5000000000
23043  -27.622  -57.464  -4.584 0.5000000000
23044  -28.444  -57.208  -4.666 0.5000000000
22389  -27.049  -58.062  -4.829 0.5000000000
23042  -26.824  -57.397  -4.725 0.5000000000
120603  -31.088  -54.044  -9.087 0.6000000238
26340  -31.344  -53.561  -9.808 0.6000000238
26348  -31.335  -53.686  -10.543 0.6000000238
23765  -29.367  -56.255  -5.106 0.5000000000
119965  -30.703  -54.759  -6.306 0.5000000000
127383  -30.568  -55.207  -6.914 0.6000000238
26303  -30.956  -53.996  -6.613 0.6000000238
23764  -28.678  -56.429  -4.656 0.5000000000
113305  -30.597  -55.158  -7.717 0.6000000238
25454  -30.733  -54.544  -7.193 0.6000000238
23053  -26.269  -57.801  -5.093 0.5000000000
23781  -24.989  -57.116  -6.080 0.5000000000
113584  -31.438  -52.955  -10.209 0.6000000238
27272  -31.424  -52.272  -10.765 0.6000000238
24594  -29.763  -55.031  -4.956 0.5000000000
24605  -29.891  -55.644  -5.429 0.5000000000
25434  -30.349  -54.923  -5.553 0.5000000000
23763  -27.929  -56.572  -4.384 0.5000000000
23762  -26.963  -56.588  -4.531 0.5000000000
24591  -27.527  -55.772  -4.359 0.6000000238
25426  -30.249  -54.313  -4.911 0.6000000238
26293  -30.834  -54.058  -5.616 0.5000000000
126428  -31.168  -53.474  -6.136 0.6000000238
117889  -28.086  -55.080  -4.222 0.6000000238
24593  -28.985  -55.195  -4.477 0.6000000238
27212  -31.165  -53.242  -6.988 0.6000000238
24590  -26.705  -55.582  -4.664 0.5000000000
23773  -24.843  -56.448  -6.359 0.4000000060
25424  -28.671  -54.452  -4.122 0.6000000238
25425  -29.509  -54.447  -4.441 0.6000000238
111229  -30.682  -53.511  -4.819 0.6000000238
26294  -31.131  -53.153  -5.436 0.6000000238
37515  -35.160  -40.886  -11.624 0.5000000000
42071  -34.032  -35.636  -7.785 0.6000000238
106654  -34.127  -33.315  -11.362 0.5000000000
44814  -35.242  -32.511  -11.526 0.5000000000
56232  -36.877  -19.773  -13.511 0.3000000119
56233  -37.345  -19.262  -12.832 0.3000000119
57097  -37.575  -18.753  -12.082 0.3000000119
21120  -29.242  -60.847  -6.299 0.4000000060
21130  -29.894  -60.372  -7.627 0.5000000000
119799  -29.937  -59.856  -8.268 0.5000000000
23809  -30.283  -56.677  -10.669 0.5000000000
21106  -29.182  -60.012  -5.869 0.4000000060
106646  -30.398  -56.082  -10.213 0.6000000238
106645  -30.283  -55.952  -10.952 0.5000000000
24655  -30.619  -55.301  -11.299 0.5000000000
21104  -27.812  -60.407  -5.430 0.4000000060
22402  -28.754  -58.654  -5.156 0.5000000000
21759  -26.767  -59.372  -5.358 0.5000000000
21748  -28.087  -58.858  -4.962 0.5000000000
22400  -26.495  -58.572  -5.238 0.3000000119
22411  -25.100  -58.671  -6.436 0.4000000060
22416  -24.680  -57.886  -8.159 0.4000000060
35851  -35.264  -42.680  -12.006 0.4000000060
36620  -35.859  -41.420  -11.576 0.4000000060
117225  -32.371  -36.902  -2.806 0.5000000000
41177  -32.874  -36.425  -2.651 0.4000000060
44815  -35.932  -32.420  -11.501 0.5000000000
124009  -35.287  -31.840  -11.870 0.5000000000
56239  -37.091  -18.864  -14.054 0.3000000119
58014  -37.867  -17.874  -12.528 0.3000000119
21105  -28.535  -60.617  -5.754 0.4000000060
25465  -30.757  -54.344  -8.100 0.6000000238
124348  -25.186  -55.673  -5.785 0.5000000000
23775  -26.155  -57.015  -5.028 0.5000000000
114721  -26.061  -56.149  -5.090 0.6000000238
22399  -25.679  -58.250  -5.647 0.4000000060
126018  -30.245  -57.381  -9.714 0.6000000238
21121  -29.725  -60.089  -6.738 0.4000000060
23074  -30.292  -57.242  -8.505 0.6000000238
21761  -28.484  -59.641  -5.345 0.5000000000
24616  -30.349  -55.644  -6.224 0.5000000000
24592  -28.351  -55.817  -4.407 0.5000000000
56238  -36.500  -19.388  -14.928 0.4000000060
23814  -30.274  -56.590  -11.507 0.4000000060
120748  -30.613  -55.237  -12.139 0.4000000060
21760  -27.626  -59.576  -5.181 0.4000000060
30825  -24.781  -48.781  -8.709 0.3000000119
29960  -24.775  -49.485  -8.018 0.4000000060
29052  -24.273  -50.789  -8.120 0.4000000060
31711  -25.087  -47.003  -9.516 0.4000000060
31698  -25.442  -46.830  -8.383 0.4000000060
34272  -23.802  -44.501  -9.468 0.4000000060
34285  -25.098  -44.335  -9.831 0.4000000060
32542  -25.352  -45.817  -9.519 0.4000000060
33417  -23.795  -44.897  -6.749 0.3000000119
34263  -24.050  -44.142  -8.820 0.3000000119
34249  -23.912  -44.139  -6.431 0.4000000060
33418  -24.173  -44.092  -7.670 0.4000000060
118820  -24.781  -43.646  -8.555 0.5000000000
34250  -24.579  -43.645  -7.251 0.4000000060
35046  -25.442  -43.356  -7.993 0.4000000060
35061  -25.673  -43.465  -9.066 0.5000000000
35032  -24.987  -43.169  -6.771 0.4000000060
41176  -32.105  -36.398  -2.787 0.3000000119
42919  -35.740  -34.283  -4.586 0.3000000119
43808  -35.451  -33.400  -4.301 0.3000000119
43809  -36.097  -33.401  -4.743 0.3000000119
44740  -35.860  -32.688  -4.609 0.3000000119
44741  -36.266  -32.730  -4.941 0.3000000119
46627  -35.532  -30.532  -5.215 0.3000000119
121732  -33.676  -26.614  -12.715 0.4000000060
48347  -35.121  -28.679  -5.638 0.3000000119
49241  -33.282  -27.933  -5.843 0.3000000119
50166  -35.524  -26.564  -11.802 0.4000000060
126496  -34.627  -26.435  -12.365 0.4000000060
52807  -32.613  -23.443  -14.094 0.3000000119
48351  -36.259  -28.240  -6.445 0.3000000119
49242  -34.452  -27.727  -5.870 0.3000000119
49243  -35.571  -27.897  -5.982 0.3000000119
49254  -36.050  -27.482  -6.600 0.3000000119
120151  -36.709  -28.351  -7.544 0.3000000119
110270  -35.177  -27.197  -6.320 0.3000000119
49261  -36.446  -27.072  -7.346 0.3000000119
111046  -36.767  -27.689  -7.818 0.3000000119
48374  -36.570  -28.391  -9.041 0.3000000119
116150  -33.895  -26.492  -6.609 0.3000000119
126893  -34.361  -27.014  -6.346 0.3000000119
50138  -33.339  -25.800  -6.931 0.3000000119
51011  -32.731  -25.100  -7.419 0.3000000119
51871  -32.774  -24.399  -7.741 0.3000000119
49289  -36.203  -27.015  -11.135 0.3000000119
50167  -36.296  -26.308  -11.317 0.3000000119
55369  -31.514  -20.885  -7.739 0.3000000119
55368  -30.718  -20.538  -7.700 0.3000000119
126333  -32.477  -22.888  -14.552 0.3000000119
50123  -34.786  -26.533  -6.648 0.3000000119
50124  -35.694  -26.724  -6.814 0.3000000119
49266  -36.738  -26.835  -8.103 0.3000000119
109430  -36.753  -27.579  -8.550 0.3000000119
50139  -34.321  -25.842  -6.936 0.3000000119
50140  -35.320  -25.978  -7.057 0.3000000119
50141  -36.122  -26.300  -7.383 0.3000000119
111748  -36.692  -26.790  -8.932 0.3000000119
109302  -36.571  -27.464  -9.394 0.3000000119
51012  -33.744  -25.189  -7.349 0.3000000119
51872  -34.045  -24.621  -7.656 0.3000000119
51014  -35.935  -25.430  -7.626 0.3000000119
49280  -36.418  -27.271  -10.286 0.3000000119
51870  -31.996  -24.608  -7.621 0.3000000119
118700  -33.322  -24.696  -7.639 0.3000000119
50162  -36.547  -26.403  -10.535 0.3000000119
51041  -36.497  -25.760  -11.118 0.3000000119
52763  -32.510  -23.284  -7.985 0.3000000119
51040  -35.900  -25.619  -11.692 0.3000000119
54575  -32.241  -21.649  -7.994 0.3000000119
108711  -35.146  -25.094  -12.213 0.3000000119
55370  -32.437  -20.683  -7.909 0.3000000119
52799  -33.762  -23.218  -13.309 0.3000000119
53724  -32.818  -22.228  -14.583 0.3000000119
112291  -33.172  -22.665  -13.789 0.3000000119
126992  -36.501  -26.591  -7.726 0.3000000119
124175  -36.437  -26.104  -7.940 0.3000000119
50148  -36.573  -26.113  -8.614 0.3000000119
118864  -34.839  -24.549  -7.826 0.3000000119
51873  -35.541  -24.776  -7.824 0.3000000119
51874  -36.079  -24.666  -8.159 0.3000000119
51015  -36.357  -25.370  -8.290 0.3000000119
105262  -36.600  -26.801  -9.736 0.3000000119
51882  -32.994  -23.811  -7.914 0.3000000119
52764  -33.831  -23.583  -7.999 0.3000000119
52749  -34.370  -24.089  -8.000 0.3000000119
110804  -36.447  -24.990  -11.190 0.3000000119
51035  -36.578  -25.453  -10.434 0.3000000119
55371  -33.206  -20.424  -8.197 0.3000000119
51902  -35.704  -24.623  -11.731 0.3000000119
55384  -32.619  -19.837  -8.022 0.3000000119
55385  -33.346  -19.706  -8.395 0.3000000119
52792  -35.476  -23.897  -11.906 0.3000000119
52800  -34.744  -23.388  -12.541 0.3000000119
51020  -36.511  -25.441  -8.936 0.3000000119
52765  -34.787  -23.363  -8.289 0.3000000119
52766  -35.722  -23.168  -8.681 0.3000000119
126670  -36.343  -23.955  -8.925 0.3000000119
50154  -36.603  -26.017  -9.527 0.3000000119
52767  -36.260  -23.445  -9.022 0.3000000119
51027  -36.516  -24.997  -9.554 0.3000000119
53680  -34.051  -22.696  -8.188 0.3000000119
53681  -35.018  -22.552  -8.569 0.3000000119
54577  -33.837  -21.770  -8.256 0.3000000119
127326  -33.781  -20.222  -8.561 0.3000000119
55372  -34.393  -20.448  -8.939 0.3000000119
117050  -35.626  -23.170  -11.688 0.3000000119
56190  -33.961  -19.716  -8.855 0.3000000119
54610  -34.328  -21.928  -12.615 0.3000000119
114572  -34.118  -22.582  -12.942 0.3000000119
53715  -33.497  -21.812  -13.490 0.3000000119
51884  -36.155  -23.956  -8.619 0.3000000119
51890  -36.451  -23.984  -9.432 0.3000000119
51896  -36.553  -24.485  -10.378 0.3000000119
127277  -34.542  -22.014  -8.517 0.3000000119
113900  -35.540  -22.376  -8.955 0.3000000119
53682  -35.973  -22.679  -9.255 0.3000000119
113265  -34.509  -21.310  -8.719 0.3000000119
55373  -34.996  -21.104  -9.234 0.3000000119
53709  -36.237  -22.971  -10.916 0.3000000119
57077  -33.821  -18.519  -9.156 0.3000000119
56213  -34.405  -19.707  -9.385 0.3000000119
56212  -33.507  -19.082  -8.761 0.3000000119
57058  -34.075  -19.178  -9.193 0.3000000119
53708  -35.730  -22.278  -11.399 0.3000000119
53716  -35.019  -22.469  -12.230 0.3000000119
108128  -33.398  -20.896  -13.626 0.3000000119
52778  -36.298  -23.090  -9.603 0.3000000119
52785  -36.448  -23.533  -10.278 0.3000000119
53691  -35.576  -21.795  -9.475 0.3000000119
53692  -36.085  -22.279  -9.871 0.3000000119
117258  -35.286  -20.992  -9.742 0.3000000119
54597  -36.130  -22.130  -10.593 0.3000000119
55386  -34.792  -20.381  -9.571 0.3000000119
108941  -35.810  -21.522  -11.038 0.3000000119
57078  -34.527  -18.836  -9.682 0.3000000119
56214  -34.743  -19.590  -9.961 0.3000000119
54603  -34.936  -21.522  -11.861 0.3000000119
54609  -33.893  -21.174  -12.659 0.3000000119
56247  -34.440  -19.484  -15.996 0.3000000119
56237  -33.966  -19.422  -14.586 0.3000000119
112972  -33.567  -20.117  -13.917 0.3000000119
54596  -35.697  -21.402  -10.292 0.3000000119
113340  -34.308  -17.949  -9.498 0.3000000119
57079  -34.991  -18.075  -9.958 0.3000000119
55394  -34.982  -20.364  -10.263 0.3000000119
105518  -35.186  -20.813  -11.104 0.3000000119
55400  -34.354  -20.582  -12.028 0.3000000119
56225  -34.155  -19.771  -12.297 0.3000000119
57102  -34.155  -18.717  -13.983 0.3000000119
56231  -33.767  -19.494  -13.307 0.3000000119
55406  -33.639  -20.322  -12.863 0.3000000119
57992  -33.912  -17.133  -9.282 0.3000000119
57993  -34.726  -17.306  -9.743 0.3000000119
112651  -34.975  -18.757  -10.290 0.3000000119
56221  -34.825  -19.454  -10.704 0.3000000119
55401  -34.600  -20.050  -11.303 0.3000000119
57089  -35.118  -18.558  -11.053 0.3000000119
56226  -34.826  -19.162  -11.663 0.3000000119
57095  -34.309  -18.837  -12.768 0.3000000119
119492  -34.677  -18.060  -13.417 0.3000000119
57109  -34.461  -18.786  -15.434 0.3000000119
57110  -34.790  -18.103  -14.767 0.3000000119
56248  -35.140  -19.487  -16.276 0.3000000119
57118  -34.886  -18.897  -16.345 0.3000000119
55421  -35.694  -19.877  -15.470 0.3000000119
122311  -35.184  -17.449  -10.350 0.3000000119
127045  -35.185  -18.112  -10.525 0.3000000119
58004  -35.328  -17.717  -11.126 0.3000000119
57096  -35.019  -18.112  -12.092 0.3000000119
56258  -35.426  -18.666  -16.290 0.3000000119
56249  -35.706  -18.928  -16.222 0.3000000119
33431  -23.828  -44.640  -7.837 0.3000000119
33445  -25.480  -44.548  -9.527 0.4000000060
34273  -24.814  -43.895  -9.419 0.4000000060
45727  -36.125  -32.090  -4.937 0.3000000119
48359  -36.563  -27.939  -7.128 0.3000000119
49295  -34.654  -27.129  -12.116 0.4000000060
51881  -32.225  -23.980  -7.874 0.3000000119
55383  -31.947  -20.058  -7.707 0.3000000119
33430  -23.386  -44.894  -8.712 0.4000000060
33444  -23.249  -45.144  -9.422 0.4000000060
33453  -24.509  -44.919  -10.266 0.4000000060
32555  -25.091  -45.151  -10.072 0.4000000060
51013  -34.849  -25.162  -7.382 0.3000000119
52748  -33.514  -24.216  -7.826 0.3000000119
117474  -36.368  -24.597  -8.794 0.3000000119
51883  -35.419  -24.077  -8.220 0.3000000119
51903  -36.281  -23.950  -11.203 0.3000000119
107897  -33.834  -20.896  -8.451 0.3000000119
57076  -33.008  -18.350  -8.633 0.3000000119
54578  -35.107  -21.820  -8.893 0.3000000119
53699  -36.306  -22.784  -10.197 0.3000000119
57119  -35.154  -18.360  -15.975 0.3000000119
58013  -35.359  -17.153  -11.872 0.3000000119
32529  -23.433  -45.987  -8.004 0.4000000060
35101  -35.354  -43.409  -12.282 0.4000000060
23808  -25.151  -56.781  -12.308 0.3000000119
23098  -24.776  -57.355  -12.849 0.3000000119
24654  -25.007  -56.021  -12.215 0.3000000119
105211  -25.123  -57.007  -10.193 0.3000000119
34242  -24.142  -43.507  -6.184 0.3000000119
32568  -24.364  -46.296  -10.506 0.3000000119
121097  -23.531  -45.583  -10.193 0.3000000119
120773  -24.630  -45.557  -10.381 0.3000000119
122098  -24.389  -44.511  -9.810 0.3000000119
32554  -24.919  -46.128  -10.152 0.3000000119
32540  -22.931  -45.805  -9.409 0.3000000119
33465  -24.019  -45.484  -10.534 0.3000000119
34316  -35.648  -44.235  -12.549 0.3000000119
22401  -27.326  -58.789  -5.044 0.5000000000
22412  -29.688  -58.726  -6.169 0.5000000000
23045  -29.014  -56.923  -4.936 0.5000000000
23055  -29.497  -57.017  -5.366 0.5000000000
23061  -25.049  -57.810  -6.252 0.5000000000
23083  -25.180  -57.606  -10.830 0.4000000060
23787  -30.359  -56.750  -7.684 0.6000000238
23801  -25.455  -55.845  -10.744 0.4000000060
23813  -24.838  -56.831  -12.674 0.3000000119
24604  -29.417  -55.595  -4.939 0.5000000000
24642  -30.668  -55.524  -9.589 0.6000000238
26280  -26.803  -53.254  -4.646 0.6000000238
26284  -30.033  -53.725  -4.344 0.6000000238
27213  -31.339  -52.752  -6.292 0.6000000238
27224  -31.109  -53.002  -7.845 0.6999999881
28128  -30.333  -51.685  -4.007 0.6999999881
28187  -31.302  -51.460  -9.343 0.6999999881
29016  -28.992  -50.159  -3.684 0.6000000238
29131  -31.972  -50.347  -14.873 0.5000000000
29923  -27.970  -49.455  -4.050 0.6000000238
29925  -30.264  -49.600  -3.798 0.6999999881
29932  -26.734  -49.283  -4.996 0.5000000000
29934  -31.513  -49.881  -4.669 0.8000000119
29961  -25.146  -49.617  -7.080 0.5000000000
30789  -32.054  -47.886  -4.329 0.6999999881
30817  -32.597  -48.781  -6.661 0.8000000119
33402  -27.767  -45.789  -4.543 0.6000000238
33443  -23.242  -45.440  -9.762 0.3000000119
33452  -23.699  -44.954  -10.063 0.3000000119
34275  -33.744  -45.028  -8.682 0.8999999762
35001  -32.553  -43.610  -3.878 0.6999999881
35801  -34.720  -42.834  -5.102 0.6999999881
35809  -28.670  -42.693  -7.137 0.5000000000
35852  -35.868  -42.966  -11.979 0.4000000060
35859  -30.418  -42.485  -13.008 0.8000000119
35869  -33.288  -42.264  -13.932 0.6999999881
37469  -35.355  -40.372  -7.425 0.6999999881
37516  -35.845  -40.545  -11.399 0.6000000238
37533  -34.361  -41.024  -12.340 0.6999999881
38432  -36.757  -39.584  -11.508 0.4000000060
39338  -34.784  -39.136  -8.276 0.6999999881
39346  -31.677  -38.100  -10.933 0.8000000119
39371  -29.459  -38.040  -12.933 0.8000000119
40345  -36.806  -37.033  -11.174 0.6000000238
40352  -29.060  -37.584  -11.723 0.8000000119
40355  -34.952  -37.253  -11.400 0.6999999881
40365  -29.243  -37.765  -12.507 0.8000000119
40378  -29.836  -37.941  -13.289 0.8000000119
41259  -36.261  -36.665  -10.866 0.6999999881
42977  -35.174  -34.387  -10.794 0.6000000238
43866  -36.400  -33.695  -10.704 0.6000000238
43876  -35.635  -33.099  -11.068 0.5000000000
45790  -30.426  -31.549  -10.613 0.8000000119
46628  -36.223  -30.808  -5.482 0.4000000060
47527  -29.944  -29.334  -13.420 0.5000000000
47539  -30.299  -28.876  -13.797 0.5000000000
48343  -30.845  -28.487  -5.645 0.3000000119
48404  -29.782  -28.481  -13.286 0.6000000238
48409  -30.082  -27.602  -13.446 0.5000000000
55412  -33.598  -20.676  -14.660 0.4000000060
56257  -35.051  -19.123  -16.440 0.3000000119
105371  -25.375  -56.888  -11.424 0.3000000119
105666  -30.078  -58.040  -9.859 0.6000000238
106276  -33.690  -46.066  -5.786 0.8000000119
106333  -29.858  -46.141  -3.519 0.6000000238
106892  -30.387  -55.885  -11.853 0.4000000060
108223  -29.962  -58.986  -8.177 0.5000000000
109469  -34.072  -37.211  -3.152 0.6000000238
111285  -27.595  -46.985  -4.390 0.6000000238
111324  -25.368  -51.227  -6.429 0.5000000000
111703  -27.488  -45.268  -5.055 0.6000000238
114168  -31.292  -44.216  -14.056 0.8000000119
114177  -29.918  -58.295  -6.771 0.5000000000
114352  -34.605  -39.166  -11.688 0.6999999881
114606  -30.125  -51.038  -3.873 0.8000000119
119985  -35.117  -42.230  -8.077 0.6999999881
120428  -25.159  -57.962  -11.263 0.4000000060
120587  -28.961  -55.850  -4.714 0.5000000000
121357  -25.214  -53.121  -6.557 0.6000000238
124198  -31.985  -27.800  -5.985 0.3000000119
124534  -26.564  -46.715  -5.524 0.6000000238
125609  -37.028  -35.740  -10.890 0.5000000000
126475  -27.160  -51.901  -4.336 0.6000000238
