#!ascii label  , from subject freesurfer vox2ras=TkReg
482
115005  -30.439  -66.319  -15.432 0.6999999881
16918  -31.121  -65.726  -15.740 0.6000000238
123851  -31.734  -64.979  -15.763 0.6000000238
16931  -31.659  -65.956  -17.166 0.4000000060
16848  -28.738  -65.405  -9.442 0.6999999881
17789  -29.131  -64.687  -9.333 0.6999999881
15882  -28.304  -66.081  -9.722 0.6999999881
16849  -29.226  -65.129  -9.882 0.6000000238
15899  -28.511  -66.379  -10.461 0.6999999881
16863  -29.468  -65.209  -10.599 0.6000000238
15911  -28.707  -66.637  -11.252 0.6000000238
17819  -29.699  -64.929  -11.456 0.6000000238
15926  -29.397  -66.337  -12.438 0.6000000238
19631  -29.913  -63.184  -12.502 0.5000000000
16904  -29.649  -65.577  -12.913 0.5000000000
18772  -29.882  -63.965  -12.790 0.5000000000
18775  -30.349  -64.115  -14.084 0.6000000238
17840  -30.544  -64.712  -14.438 0.6000000238
18778  -30.681  -63.909  -14.526 0.6000000238
18781  -31.157  -63.619  -15.046 0.6000000238
18782  -31.591  -63.321  -15.562 0.6000000238
16822  -28.456  -64.979  -8.743 0.6000000238
18729  -29.529  -63.928  -9.356 0.6000000238
18752  -29.816  -63.713  -10.143 0.6000000238
108628  -30.008  -63.470  -10.932 0.6000000238
19626  -30.124  -62.249  -11.408 0.6000000238
106891  -29.761  -64.288  -10.809 0.6000000238
109793  -29.918  -63.950  -11.787 0.6000000238
120009  -29.724  -62.520  -13.065 0.6000000238
18774  -30.083  -63.999  -13.532 0.6000000238
19634  -29.783  -62.649  -13.804 0.6999999881
19636  -30.016  -62.654  -14.433 0.6000000238
115768  -30.286  -62.474  -14.977 0.6000000238
117596  -31.773  -64.152  -15.584 0.5000000000
18787  -32.139  -63.516  -16.116 0.5000000000
17757  -28.424  -64.299  -8.123 0.6000000238
105768  -29.510  -63.307  -8.560 0.6000000238
19588  -30.243  -62.223  -9.685 0.6000000238
110742  -30.168  -62.972  -10.281 0.6000000238
20434  -30.038  -61.369  -11.013 0.6000000238
20433  -29.913  -61.574  -11.903 0.6000000238
111346  -29.946  -62.385  -12.232 0.6000000238
20442  -29.673  -61.718  -12.738 0.6000000238
19637  -30.564  -63.088  -14.701 0.6000000238
19641  -30.981  -62.667  -15.383 0.6000000238
18788  -32.598  -63.615  -16.992 0.4000000060
18695  -29.112  -63.105  -7.690 0.6000000238
18706  -28.930  -63.739  -8.124 0.6000000238
19568  -29.965  -62.466  -8.815 0.6000000238
126126  -30.205  -61.567  -10.221 0.6000000238
21168  -29.787  -60.406  -11.006 0.5000000000
21167  -29.784  -60.853  -11.620 0.6000000238
123826  -29.589  -60.385  -12.742 0.6999999881
113024  -29.312  -60.697  -14.991 0.6000000238
20445  -29.537  -61.826  -13.671 0.6000000238
20447  -29.550  -61.526  -14.504 0.6000000238
19640  -29.822  -62.041  -14.851 0.6000000238
20450  -30.245  -61.800  -15.606 0.6000000238
19646  -31.129  -61.923  -16.148 0.6000000238
19642  -31.686  -62.665  -16.031 0.6000000238
19647  -32.247  -62.676  -16.747 0.4000000060
19549  -28.497  -62.875  -6.998 0.5000000000
19550  -29.259  -62.390  -7.145 0.6000000238
19567  -29.651  -62.497  -7.956 0.6000000238
20396  -30.023  -60.961  -8.776 0.6000000238
20406  -30.104  -61.232  -9.579 0.5000000000
125208  -29.946  -60.256  -9.512 0.5000000000
20420  -29.945  -60.762  -10.277 0.5000000000
22450  -29.686  -58.972  -12.273 0.6000000238
21818  -29.644  -59.979  -11.870 0.6999999881
21183  -29.503  -60.266  -13.538 0.6999999881
115642  -29.520  -61.043  -13.172 0.6999999881
114014  -28.964  -58.973  -15.084 0.6000000238
114701  -29.431  -60.958  -14.068 0.6999999881
21186  -29.267  -60.051  -14.567 0.6000000238
21190  -28.789  -59.797  -15.763 0.6000000238
122358  -29.202  -60.516  -15.767 0.6000000238
20453  -29.554  -60.916  -16.184 0.6000000238
21195  -29.560  -60.475  -17.112 0.6000000238
123152  -31.728  -62.054  -16.656 0.5000000000
111908  -32.054  -61.684  -17.730 0.4000000060
19535  -28.806  -62.171  -6.621 0.6000000238
20374  -29.735  -61.773  -7.449 0.6000000238
20395  -29.983  -61.785  -8.294 0.5000000000
21793  -29.835  -59.333  -9.765 0.5000000000
21159  -29.787  -59.910  -10.338 0.6000000238
116551  -29.857  -58.683  -10.005 0.5000000000
117930  -29.699  -59.679  -10.999 0.6000000238
21807  -29.752  -59.143  -10.509 0.5000000000
21819  -29.757  -59.035  -11.345 0.5000000000
22457  -29.654  -58.225  -12.701 0.5000000000
22456  -29.485  -58.722  -13.195 0.6000000238
126794  -29.363  -57.052  -13.847 0.5000000000
23102  -29.413  -57.826  -13.517 0.5000000000
114540  -29.426  -59.348  -13.911 0.6999999881
116306  -29.070  -57.271  -14.564 0.4000000060
22461  -28.707  -57.651  -15.617 0.5000000000
21836  -28.565  -58.621  -16.236 0.6000000238
22463  -28.714  -57.736  -16.709 0.5000000000
123887  -28.620  -59.243  -16.603 0.6000000238
22471  -28.837  -58.071  -17.210 0.5000000000
21201  -29.168  -59.746  -17.333 0.6000000238
20459  -31.406  -60.676  -18.081 0.5000000000
123233  -28.708  -59.242  -17.110 0.6000000238
21202  -29.919  -60.038  -17.716 0.6000000238
113858  -31.233  -61.346  -17.114 0.6000000238
21129  -29.784  -61.015  -7.024 0.5000000000
108371  -29.947  -60.488  -8.288 0.5000000000
21783  -29.968  -59.524  -8.975 0.5000000000
22441  -29.982  -58.292  -10.708 0.4000000060
22451  -30.026  -58.123  -11.866 0.5000000000
122402  -30.192  -57.245  -12.000 0.5000000000
23819  -29.412  -55.843  -14.377 0.4000000060
23106  -29.531  -56.485  -13.675 0.4000000060
23105  -29.036  -56.366  -14.725 0.4000000060
23828  -28.983  -56.318  -15.569 0.5000000000
23109  -28.831  -56.732  -15.406 0.5000000000
23829  -29.337  -56.182  -15.582 0.5000000000
23111  -28.876  -56.849  -16.112 0.5000000000
23119  -29.012  -57.427  -16.780 0.5000000000
107818  -31.237  -59.536  -18.076 0.5000000000
21203  -30.874  -60.069  -18.043 0.5000000000
118109  -29.628  -59.352  -17.644 0.6000000238
23814  -30.274  -56.590  -11.507 0.4000000060
106892  -30.387  -55.885  -11.853 0.5000000000
23817  -30.059  -56.469  -12.592 0.5000000000
23820  -30.262  -55.561  -12.844 0.5000000000
23822  -29.240  -55.877  -15.103 0.4000000060
23112  -29.405  -56.697  -16.064 0.5000000000
21840  -31.522  -59.148  -17.564 0.5000000000
113682  -32.300  -59.645  -18.244 0.3000000119
23830  -30.234  -56.152  -15.494 0.5000000000
22464  -30.012  -57.578  -16.525 0.5000000000
22473  -30.831  -58.445  -16.821 0.5000000000
24660  -29.927  -55.076  -13.976 0.4000000060
25484  -30.480  -54.647  -12.953 0.4000000060
26364  -30.798  -53.433  -14.240 0.4000000060
25490  -30.286  -54.122  -14.051 0.4000000060
127501  -30.444  -55.211  -14.730 0.4000000060
25491  -30.577  -54.204  -14.310 0.4000000060
24663  -31.051  -54.778  -14.602 0.5000000000
116810  -32.861  -58.722  -16.191 0.4000000060
112579  -32.586  -59.207  -17.090 0.4000000060
23113  -30.829  -57.137  -15.693 0.5000000000
22474  -32.014  -58.654  -16.439 0.5000000000
23831  -31.558  -56.586  -15.174 0.5000000000
23114  -32.064  -57.465  -15.409 0.5000000000
22465  -31.456  -58.012  -15.956 0.5000000000
25492  -31.395  -54.015  -14.573 0.4000000060
22466  -32.532  -58.209  -15.710 0.4000000060
24664  -31.961  -55.300  -14.704 0.5000000000
26365  -31.760  -53.293  -14.688 0.4000000060
23115  -33.137  -57.472  -15.351 0.4000000060
23833  -33.998  -56.834  -15.495 0.3000000119
25493  -32.161  -54.715  -14.722 0.5000000000
23825  -32.265  -56.012  -14.899 0.5000000000
109140  -32.503  -56.822  -15.139 0.5000000000
112643  -31.300  -52.743  -14.430 0.4000000060
23832  -33.204  -56.293  -15.160 0.3000000119
24669  -34.073  -55.854  -15.639 0.3000000119
25496  -32.358  -53.964  -14.918 0.4000000060
25497  -32.976  -54.666  -15.032 0.5000000000
116325  -32.019  -51.709  -14.849 0.4000000060
113105  -34.081  -55.088  -15.795 0.3000000119
24672  -34.728  -55.308  -16.309 0.3000000119
27301  -32.099  -52.478  -14.871 0.4000000060
25498  -33.663  -54.528  -15.587 0.4000000060
26367  -32.584  -53.200  -15.187 0.4000000060
114071  -33.139  -53.858  -15.378 0.4000000060
29131  -31.972  -50.347  -14.873 0.5000000000
26369  -33.828  -53.750  -15.985 0.3000000119
25501  -34.303  -54.472  -16.167 0.4000000060
111636  -34.849  -53.131  -16.527 0.4000000060
25502  -35.026  -54.452  -16.616 0.4000000060
115583  -32.617  -51.861  -15.355 0.4000000060
26368  -33.279  -53.058  -15.752 0.5000000000
27303  -32.790  -52.549  -15.454 0.5000000000
27304  -33.343  -52.117  -16.012 0.5000000000
27305  -34.013  -52.004  -16.476 0.4000000060
26372  -34.049  -52.873  -16.325 0.4000000060
27309  -34.816  -52.333  -16.507 0.4000000060
26374  -35.253  -53.711  -16.782 0.3000000119
28236  -32.346  -51.084  -15.170 0.5000000000
28240  -33.054  -51.184  -15.795 0.5000000000
29138  -34.980  -50.304  -16.149 0.4000000060
125257  -35.644  -50.421  -15.980 0.3000000119
30908  -32.731  -48.814  -15.185 0.5000000000
29137  -34.284  -50.699  -16.365 0.4000000060
28242  -34.463  -51.459  -16.469 0.4000000060
29143  -34.887  -50.936  -16.448 0.4000000060
28246  -35.244  -51.590  -16.492 0.4000000060
117488  -35.572  -52.198  -16.618 0.3000000119
30038  -32.356  -49.527  -15.033 0.5000000000
29136  -33.579  -50.498  -16.126 0.5000000000
28241  -33.749  -51.313  -16.304 0.5000000000
29135  -32.833  -50.242  -15.558 0.5000000000
30045  -34.687  -49.472  -15.833 0.4000000060
30902  -32.845  -48.009  -15.129 0.5000000000
29144  -35.653  -50.921  -16.279 0.3000000119
30043  -33.161  -49.324  -15.575 0.5000000000
30909  -33.556  -48.539  -15.506 0.5000000000
30044  -33.966  -49.185  -15.939 0.5000000000
116422  -34.183  -49.928  -16.173 0.5000000000
117619  -33.541  -49.790  -15.981 0.5000000000
30911  -35.288  -49.084  -15.367 0.4000000060
31777  -32.875  -47.000  -14.937 0.5000000000
31779  -34.374  -47.259  -14.735 0.5000000000
30039  -36.077  -49.289  -15.082 0.3000000119
32609  -33.339  -46.305  -14.734 0.5000000000
109128  -33.681  -46.948  -14.885 0.5000000000
31778  -33.779  -47.694  -15.235 0.5000000000
16917  -30.649  -65.528  -14.890 0.6000000238
16924  -31.745  -65.498  -16.490 0.5000000000
17830  -29.760  -64.802  -12.350 0.6000000238
21179  -29.664  -60.931  -12.332 0.6999999881
20454  -30.311  -61.215  -16.649 0.6000000238
21831  -29.574  -59.623  -12.878 0.6999999881
20458  -30.545  -60.607  -17.495 0.6000000238
21194  -28.884  -60.045  -16.631 0.6000000238
23103  -29.697  -57.361  -12.847 0.5000000000
122739  -29.825  -55.893  -13.547 0.5000000000
114670  -29.246  -58.318  -14.295 0.4000000060
22472  -29.483  -58.121  -17.243 0.5000000000
121235  -30.423  -59.580  -17.876 0.5000000000
24662  -30.192  -55.000  -14.413 0.4000000060
23823  -29.911  -55.587  -15.084 0.5000000000
124452  -30.260  -54.375  -13.759 0.4000000060
24668  -33.485  -55.318  -15.302 0.4000000060
26373  -34.542  -53.738  -16.404 0.4000000060
16928  -21.919  -64.311  -16.934 0.5000000000
17852  -21.230  -63.252  -17.977 0.5000000000
107306  -21.217  -63.674  -17.778 0.5000000000
16946  -23.479  -65.010  -19.185 0.5000000000
16945  -22.280  -65.004  -19.035 0.5000000000
16937  -21.534  -63.988  -18.466 0.4000000060
16920  -22.800  -64.903  -16.211 0.5000000000
18785  -22.115  -62.582  -17.226 0.6000000238
117330  -22.433  -63.603  -16.528 0.6000000238
17867  -22.668  -63.986  -18.818 0.5000000000
18799  -22.365  -62.568  -18.093 0.5000000000
16013  -25.369  -65.461  -19.797 0.4000000060
15012  -23.093  -67.296  -14.880 0.6999999881
15955  -23.581  -66.259  -14.807 0.6999999881
16914  -23.528  -64.985  -15.964 0.6999999881
17847  -23.100  -63.151  -16.527 0.5000000000
16921  -23.081  -64.107  -16.193 0.6999999881
17868  -23.660  -64.174  -18.828 0.5000000000
17861  -23.788  -63.542  -18.185 0.5000000000
18794  -23.333  -62.874  -17.287 0.5000000000
117492  -25.920  -65.148  -19.329 0.5000000000
16947  -24.510  -64.923  -19.308 0.5000000000
14123  -22.885  -69.050  -12.778 0.5000000000
114662  -22.880  -68.764  -13.668 0.6999999881
14973  -24.083  -67.589  -12.887 0.6999999881
14142  -23.233  -67.904  -14.178 0.6999999881
14997  -23.827  -67.097  -13.511 0.6999999881
116289  -23.368  -65.728  -15.549 0.6000000238
16922  -24.233  -64.759  -16.414 0.6999999881
16915  -24.001  -65.188  -15.844 0.6000000238
17862  -24.660  -64.503  -18.206 0.5000000000
17854  -23.981  -63.780  -17.444 0.6000000238
17848  -23.787  -63.766  -16.789 0.6000000238
17870  -25.297  -64.807  -18.935 0.5000000000
16948  -26.619  -65.711  -19.475 0.5000000000
14102  -23.671  -68.423  -12.240 0.5000000000
14124  -23.561  -68.158  -13.211 0.6999999881
15941  -24.356  -66.491  -13.868 0.6999999881
15942  -25.005  -66.621  -13.741 0.6999999881
14998  -24.511  -67.009  -13.336 0.6999999881
15966  -24.468  -65.838  -15.102 0.8000000119
15957  -24.984  -66.296  -14.360 0.6999999881
108731  -25.257  -66.117  -16.353 0.6000000238
16916  -24.642  -65.593  -15.903 0.6999999881
16930  -25.184  -65.264  -17.821 0.6999999881
15975  -25.568  -66.165  -17.288 0.6000000238
16939  -26.423  -65.426  -19.009 0.6000000238
15985  -25.947  -65.847  -18.312 0.6000000238
15997  -27.479  -66.254  -18.913 0.6000000238
14080  -22.592  -68.995  -10.970 0.5000000000
14066  -23.904  -68.295  -10.669 0.6000000238
14101  -22.844  -69.044  -11.778 0.5000000000
14082  -24.167  -68.248  -11.522 0.6000000238
14103  -24.326  -67.993  -12.286 0.6000000238
14974  -24.742  -67.525  -12.693 0.6999999881
14999  -25.353  -67.120  -13.202 0.6999999881
115783  -26.008  -67.390  -12.756 0.6000000238
15013  -25.565  -66.834  -13.878 0.6999999881
110405  -25.271  -66.315  -15.375 0.6999999881
15986  -26.306  -66.772  -17.752 0.6999999881
15066  -28.020  -66.857  -18.423 0.6999999881
15987  -27.162  -66.963  -18.167 0.6999999881
14065  -23.088  -68.465  -10.445 0.5000000000
109713  -25.410  -67.791  -11.113 0.6000000238
122456  -25.644  -67.690  -11.719 0.6000000238
14975  -25.497  -67.560  -12.395 0.6000000238
15014  -26.384  -67.361  -14.165 0.8000000119
15001  -27.014  -67.625  -13.594 0.5000000000
14976  -26.874  -67.743  -12.704 0.6000000238
117202  -26.063  -67.123  -15.539 0.6999999881
15029  -26.610  -67.458  -15.055 0.6999999881
15043  -28.556  -67.304  -16.917 0.6999999881
15031  -28.500  -67.417  -16.055 0.6999999881
15067  -28.704  -67.140  -18.666 0.5000000000
15056  -28.615  -67.340  -17.761 0.6999999881
15058  -30.345  -67.137  -17.574 0.5000000000
14044  -23.681  -67.952  -9.865 0.5000000000
14919  -24.578  -67.514  -9.636 0.5000000000
14921  -26.218  -66.878  -9.882 0.6000000238
108078  -25.111  -67.705  -10.382 0.6000000238
14939  -25.836  -67.408  -10.492 0.6000000238
14956  -26.092  -67.561  -11.194 0.6000000238
15898  -27.617  -66.676  -10.242 0.6000000238
14957  -26.735  -67.515  -11.307 0.6000000238
15910  -28.086  -66.883  -10.865 0.6000000238
15003  -28.923  -67.107  -13.813 0.6000000238
14978  -28.461  -67.334  -13.014 0.5000000000
14958  -28.086  -67.214  -11.553 0.5000000000
122774  -28.544  -67.403  -15.316 0.6000000238
15017  -29.020  -67.150  -14.746 0.6000000238
15968  -30.029  -66.903  -16.058 0.6000000238
15032  -29.207  -67.128  -15.634 0.6000000238
15970  -31.168  -66.200  -16.625 0.5000000000
126839  -23.854  -67.470  -9.248 0.5000000000
15879  -25.808  -66.592  -9.216 0.6000000238
15897  -26.892  -66.633  -9.880 0.6000000238
15912  -29.285  -66.263  -11.639 0.5000000000
111191  -29.566  -66.666  -14.298 0.4000000060
15943  -29.397  -66.600  -13.593 0.5000000000
120408  -29.465  -66.286  -13.124 0.5000000000
14898  -23.594  -67.036  -8.703 0.5000000000
15853  -25.282  -66.314  -8.399 0.6000000238
15855  -26.967  -65.908  -8.732 0.6000000238
15880  -26.595  -66.384  -9.306 0.6000000238
16911  -30.201  -65.380  -14.202 0.5000000000
16905  -29.899  -65.275  -13.579 0.4000000060
15851  -23.319  -66.286  -8.161 0.5000000000
15852  -24.312  -66.533  -8.359 0.5000000000
16820  -26.528  -65.585  -8.107 0.6000000238
16821  -27.693  -65.558  -8.678 0.6000000238
15850  -22.397  -66.271  -8.455 0.5000000000
15840  -24.007  -65.954  -7.812 0.5000000000
16819  -25.636  -65.685  -7.916 0.6000000238
113096  -27.206  -65.441  -8.251 0.6000000238
16803  -22.853  -65.496  -7.967 0.5000000000
16804  -24.199  -65.216  -7.620 0.5000000000
16805  -25.139  -65.084  -7.527 0.5000000000
120872  -27.230  -64.548  -7.549 0.6000000238
16807  -26.905  -65.043  -7.757 0.6000000238
17751  -23.105  -64.662  -7.756 0.5000000000
17753  -24.731  -64.280  -7.417 0.5000000000
111348  -23.442  -63.897  -7.686 0.5000000000
107362  -27.809  -64.198  -7.568 0.5000000000
113660  -24.114  -63.797  -7.481 0.5000000000
17754  -25.648  -64.387  -7.287 0.5000000000
18705  -23.083  -63.260  -8.060 0.5000000000
18692  -26.207  -63.847  -6.911 0.5000000000
18693  -27.076  -64.026  -7.087 0.4000000060
18689  -23.897  -63.026  -7.673 0.5000000000
18691  -25.452  -63.676  -7.119 0.5000000000
18674  -26.891  -63.199  -6.694 0.4000000060
18675  -27.768  -63.523  -7.079 0.4000000060
117494  -25.298  -63.006  -7.021 0.4000000060
19532  -26.410  -62.448  -6.465 0.4000000060
19533  -27.317  -62.396  -6.440 0.4000000060
15959  -30.113  -66.139  -14.629 0.6000000238
15969  -30.672  -66.421  -16.132 0.5000000000
15925  -28.844  -67.029  -12.144 0.6000000238
123725  -27.723  -62.874  -6.698 0.4000000060
20355  -28.553  -61.532  -6.201 0.4000000060
15956  -24.182  -66.127  -14.503 0.6999999881
15967  -25.763  -66.893  -14.674 0.6999999881
15976  -25.966  -66.933  -16.529 0.6999999881
15041  -26.780  -67.492  -16.057 0.6999999881
113336  -27.626  -67.575  -13.095 0.6000000238
107528  -27.207  -67.596  -11.811 0.6000000238
15055  -27.871  -67.290  -17.540 0.6999999881
15015  -27.274  -67.566  -14.445 0.6999999881
15030  -27.658  -67.612  -15.448 0.6999999881
15977  -29.818  -67.128  -16.956 0.6000000238
14043  -22.773  -68.046  -9.834 0.5000000000
14081  -23.404  -68.618  -11.243 0.5000000000
14920  -25.459  -67.145  -9.797 0.6000000238
14938  -24.708  -68.109  -10.963 0.6000000238
14940  -26.690  -67.191  -10.538 0.6000000238
14941  -27.407  -67.230  -11.037 0.6000000238
14955  -24.959  -67.952  -11.844 0.6000000238
14977  -27.867  -67.495  -12.369 0.6000000238
14979  -29.121  -66.866  -12.994 0.5000000000
15000  -26.152  -67.305  -13.366 0.6999999881
15002  -28.035  -67.486  -13.825 0.6000000238
15016  -28.219  -67.483  -14.655 0.6000000238
15042  -27.710  -67.555  -16.540 0.6999999881
15044  -29.239  -67.163  -16.457 0.6000000238
15054  -26.910  -67.352  -17.145 0.6999999881
15057  -29.441  -67.404  -17.890 0.6999999881
15854  -26.163  -66.095  -8.617 0.6000000238
15878  -25.012  -66.937  -9.031 0.5000000000
15881  -27.461  -66.169  -9.371 0.6000000238
15900  -29.165  -66.029  -10.855 0.6000000238
15940  -23.670  -66.708  -14.167 0.6999999881
15944  -29.778  -66.002  -13.752 0.5000000000
15958  -29.792  -66.792  -15.138 0.6999999881
15978  -30.530  -66.724  -16.807 0.5000000000
15984  -21.238  -65.326  -17.610 0.5000000000
15988  -31.151  -66.556  -17.492 0.4000000060
15996  -26.752  -66.142  -18.624 0.6000000238
16806  -26.039  -65.049  -7.594 0.6000000238
16816  -22.016  -65.610  -8.517 0.5000000000
16817  -23.565  -65.622  -7.801 0.5000000000
16818  -24.743  -65.847  -7.798 0.5000000000
16847  -28.168  -65.691  -9.128 0.6999999881
16862  -28.981  -65.775  -10.087 0.6999999881
16877  -29.586  -65.619  -11.989 0.6000000238
16910  -23.879  -65.696  -15.247 0.8000000119
16923  -24.899  -65.419  -16.803 0.6000000238
16929  -24.488  -64.541  -17.207 0.6000000238
16936  -20.854  -64.017  -18.207 0.5000000000
16938  -25.639  -65.039  -18.774 0.5000000000
16940  -26.964  -65.863  -19.131 0.5000000000
17752  -23.838  -64.489  -7.577 0.5000000000
17755  -26.489  -64.484  -7.317 0.5000000000
17756  -27.722  -64.904  -8.058 0.6000000238
17768  -29.057  -64.189  -8.677 0.6000000238
17836  -29.864  -64.717  -13.169 0.5000000000
17837  -30.148  -64.679  -13.853 0.6000000238
17843  -23.649  -64.261  -16.299 0.6999999881
17844  -31.146  -64.706  -15.071 0.6000000238
17846  -22.214  -62.841  -16.810 0.6000000238
17849  -32.273  -64.585  -16.440 0.4000000060
17853  -21.617  -62.879  -17.520 0.6000000238
17859  -21.977  -63.127  -18.308 0.5000000000
17860  -22.952  -63.116  -18.471 0.5000000000
17869  -24.541  -64.513  -18.801 0.5000000000
18673  -25.942  -63.141  -6.697 0.5000000000
18688  -22.730  -64.079  -8.037 0.5000000000
18690  -24.721  -63.336  -7.334 0.5000000000
18694  -28.428  -63.648  -7.607 0.6000000238
18777  -30.165  -63.372  -14.064 0.6000000238
18786  -22.780  -62.538  -17.004 0.6000000238
18791  -21.667  -62.705  -17.944 0.5000000000
18792  -21.990  -62.488  -17.745 0.5000000000
18793  -22.953  -62.468  -17.520 0.5000000000
18800  -23.085  -62.586  -17.971 0.5000000000
19534  -28.140  -62.300  -6.468 0.4000000060
19587  -29.942  -63.131  -9.466 0.6000000238
19611  -30.177  -62.824  -10.969 0.6000000238
19612  -30.246  -62.237  -10.596 0.6000000238
19625  -30.092  -63.023  -11.648 0.6000000238
19645  -22.466  -62.462  -17.449 0.6000000238
19650  -22.592  -62.437  -17.822 0.5000000000
20356  -29.308  -61.660  -6.697 0.5000000000
20375  -29.928  -61.083  -7.893 0.6000000238
20449  -29.560  -61.270  -15.287 0.6000000238
21138  -29.975  -60.201  -8.788 0.6000000238
21838  -28.581  -58.528  -16.993 0.6000000238
21839  -30.316  -58.910  -17.707 0.5000000000
21845  -28.793  -58.680  -17.283 0.6000000238
21846  -28.997  -59.129  -17.441 0.6000000238
22481  -29.250  -58.653  -17.461 0.5000000000
23824  -31.064  -55.604  -14.878 0.5000000000
24659  -29.659  -55.483  -14.658 0.4000000060
24665  -32.736  -55.402  -14.897 0.5000000000
28247  -36.028  -51.678  -16.494 0.3000000119
30046  -35.658  -49.894  -15.630 0.3000000119
105667  -30.199  -57.418  -11.163 0.4000000060
110375  -26.294  -67.618  -11.974 0.6000000238
110704  -24.269  -67.159  -8.936 0.5000000000
113594  -29.679  -62.188  -14.269 0.6000000238
114735  -29.882  -63.268  -13.301 0.5000000000
116636  -25.234  -64.893  -19.268 0.5000000000
118072  -29.134  -67.239  -17.162 0.6999999881
119099  -36.097  -48.717  -14.704 0.3000000119
119833  -35.719  -48.920  -14.919 0.4000000060
120221  -22.472  -69.175  -13.299 0.5000000000
120519  -23.495  -65.107  -7.690 0.5000000000
121070  -29.513  -64.491  -10.008 0.6000000238
121179  -29.039  -56.443  -15.875 0.5000000000
122022  -30.129  -61.749  -9.015 0.5000000000
123007  -29.469  -65.630  -11.292 0.6000000238
125531  -28.579  -67.314  -14.251 0.6000000238
126389  -24.430  -67.988  -10.280 0.6000000238
127053  -21.742  -63.289  -16.973 0.6000000238
