#!ascii label  , from subject freesurfer vox2ras=TkReg
1726
8712  -13.590  -75.503  -26.134 0.5000000000
5864  -12.093  -79.221  -26.115 0.5000000000
122657  -11.876  -79.736  -25.908 0.5000000000
124786  -10.601  -80.252  -25.812 0.5000000000
9470  -13.815  -73.857  -23.938 0.5000000000
9484  -13.828  -74.199  -24.759 0.5000000000
8680  -12.628  -74.988  -23.993 0.5000000000
8695  -12.129  -75.749  -24.180 0.5000000000
8679  -11.698  -75.433  -23.239 0.6000000238
7949  -12.680  -76.137  -25.159 0.5000000000
5190  -9.825  -80.349  -25.796 0.5000000000
6593  -12.399  -78.577  -26.206 0.5000000000
5189  -8.996  -80.528  -25.235 0.5000000000
5855  -12.143  -79.275  -25.397 0.6000000238
5173  -10.343  -80.495  -24.738 0.6000000238
114444  -12.252  -79.578  -24.633 0.6000000238
5191  -11.465  -80.191  -25.403 0.6000000238
107079  -9.019  -80.562  -23.984 0.6999999881
5175  -12.283  -80.099  -24.157 0.6999999881
121467  -12.041  -80.370  -23.578 0.6999999881
5158  -11.017  -80.469  -23.614 0.6999999881
5157  -9.897  -80.718  -23.331 0.6999999881
9460  -13.638  -74.161  -22.936 0.5000000000
9459  -13.091  -74.553  -22.612 0.6000000238
9449  -13.590  -74.340  -21.910 0.6000000238
9448  -12.533  -74.922  -21.908 0.6000000238
7243  -12.061  -77.192  -24.206 0.5000000000
125669  -8.515  -80.588  -24.564 0.5000000000
118781  -7.064  -80.599  -25.079 0.5000000000
5134  -5.988  -80.812  -23.065 0.6999999881
5172  -8.080  -80.586  -23.919 0.6999999881
5155  -7.318  -80.637  -23.240 0.6999999881
6576  -12.265  -78.817  -25.210 0.6000000238
6559  -12.300  -78.246  -23.716 0.6999999881
111276  -8.048  -80.548  -22.868 0.6999999881
5849  -12.432  -79.461  -23.685 0.6999999881
5841  -12.524  -79.592  -22.703 0.6999999881
5120  -8.986  -80.692  -21.706 0.6999999881
5141  -12.378  -80.070  -22.357 0.6999999881
5159  -11.491  -80.475  -22.908 0.6999999881
5139  -10.519  -80.670  -22.456 0.6999999881
4605  -9.441  -81.196  -21.352 0.6999999881
126223  -12.086  -80.269  -21.920 0.6999999881
5121  -11.458  -80.622  -20.897 0.6999999881
4606  -10.114  -81.139  -21.192 0.6999999881
5112  -11.443  -80.977  -20.088 0.6999999881
10255  -13.653  -73.537  -22.550 0.5000000000
10245  -13.903  -73.808  -21.440 0.6000000238
117537  -13.917  -72.898  -20.150 0.6000000238
9440  -13.995  -74.212  -20.901 0.6000000238
10234  -14.148  -73.849  -20.331 0.6000000238
9458  -12.016  -74.937  -22.647 0.6000000238
7937  -11.694  -76.355  -23.568 0.6000000238
4613  -6.100  -81.351  -22.797 0.6999999881
7232  -12.036  -77.306  -23.376 0.6999999881
4614  -6.935  -81.507  -22.456 0.6999999881
3531  -6.887  -82.674  -22.837 0.6999999881
116078  -7.581  -83.212  -22.994 0.6999999881
7217  -11.804  -76.945  -22.834 0.6999999881
4095  -7.277  -82.174  -22.318 0.6999999881
106449  -7.931  -83.492  -23.685 0.6999999881
7218  -12.273  -77.811  -22.677 0.6999999881
122519  -12.248  -77.689  -21.833 0.6999999881
5137  -8.272  -80.765  -22.036 0.6999999881
4077  -7.804  -81.550  -21.897 0.6999999881
3532  -7.831  -82.765  -22.427 0.6999999881
3549  -8.317  -83.419  -22.980 0.6999999881
6542  -12.487  -78.805  -22.967 0.6999999881
7204  -12.462  -78.018  -21.196 0.6999999881
4604  -8.660  -81.234  -21.516 0.6999999881
111126  -8.567  -83.099  -22.394 0.6999999881
5122  -12.328  -80.088  -21.331 0.6999999881
4079  -9.235  -81.849  -21.186 0.6999999881
3515  -8.870  -82.390  -21.483 0.6999999881
5113  -12.196  -80.418  -20.163 0.6999999881
4066  -10.176  -81.634  -20.875 0.6999999881
3517  -10.372  -82.923  -21.485 0.6999999881
113176  -12.239  -80.895  -19.623 0.6999999881
4067  -10.771  -82.112  -20.556 0.6999999881
4582  -12.046  -81.367  -19.680 0.6999999881
111985  -13.369  -72.448  -22.146 0.5000000000
119209  -13.615  -71.867  -20.480 0.6000000238
11004  -14.053  -72.327  -19.614 0.6000000238
11755  -13.663  -71.323  -19.793 0.5000000000
11756  -14.205  -71.818  -18.987 0.6000000238
12548  -12.522  -69.848  -20.892 0.5000000000
11763  -13.128  -70.669  -20.766 0.5000000000
10235  -14.229  -73.296  -19.437 0.6000000238
10997  -14.947  -72.243  -17.718 0.6000000238
124809  -14.333  -73.672  -19.061 0.6000000238
10224  -14.517  -73.375  -18.612 0.6000000238
108676  -12.835  -74.874  -21.092 0.6000000238
7909  -11.698  -76.175  -21.646 0.6999999881
9439  -13.109  -74.811  -20.207 0.6999999881
7910  -12.025  -77.015  -21.175 0.6999999881
8641  -12.196  -75.448  -20.444 0.6999999881
3565  -8.879  -83.579  -24.818 0.6999999881
7197  -12.345  -77.527  -20.529 0.6999999881
7881  -12.094  -76.086  -19.946 0.6999999881
106475  -8.886  -83.629  -23.903 0.6999999881
3566  -9.638  -83.520  -24.735 0.6999999881
7188  -12.451  -77.544  -19.683 0.6999999881
3550  -9.287  -83.448  -22.878 0.6999999881
3567  -10.571  -83.568  -24.727 0.6999999881
121700  -9.223  -83.486  -25.524 0.6999999881
108403  -12.960  -78.520  -19.497 0.6000000238
3535  -9.933  -83.198  -22.188 0.6999999881
114704  -10.903  -83.565  -23.918 0.6999999881
114537  -11.127  -83.694  -25.497 0.6999999881
3583  -10.192  -83.504  -25.654 0.6999999881
3601  -10.252  -83.408  -26.773 0.6999999881
5816  -12.795  -79.604  -20.708 0.6999999881
119418  -11.165  -83.096  -21.458 0.6999999881
127188  -11.659  -83.296  -22.125 0.6000000238
3552  -11.739  -83.702  -23.833 0.6999999881
3568  -11.557  -83.766  -24.731 0.6999999881
4068  -11.525  -81.848  -20.127 0.6999999881
126632  -11.819  -82.315  -20.335 0.6999999881
4081  -11.407  -82.601  -20.720 0.6999999881
3518  -11.948  -83.095  -21.493 0.6000000238
122984  -11.923  -83.548  -22.922 0.6000000238
124249  -13.082  -81.161  -19.468 0.6000000238
4069  -12.277  -82.023  -20.038 0.6000000238
4082  -12.230  -82.617  -20.828 0.6000000238
3520  -13.818  -82.601  -21.664 0.5000000000
123578  -12.297  -83.266  -22.280 0.5000000000
3537  -13.798  -83.060  -22.402 0.5000000000
4595  -13.655  -81.432  -19.604 0.6000000238
113377  -14.154  -81.823  -20.308 0.5000000000
110775  -14.015  -82.088  -21.005 0.5000000000
11750  -13.736  -70.885  -19.029 0.6000000238
12528  -13.212  -69.765  -18.963 0.6000000238
11743  -14.693  -71.460  -17.320 0.5000000000
117545  -14.811  -71.011  -16.154 0.6999999881
12541  -12.998  -70.074  -19.968 0.5000000000
13308  -12.454  -68.720  -19.756 0.6000000238
12517  -13.442  -69.562  -18.030 0.6000000238
13306  -12.013  -68.125  -20.050 0.6000000238
12540  -12.183  -69.098  -20.510 0.6000000238
11744  -15.423  -72.117  -17.107 0.4000000060
106192  -12.062  -67.907  -19.485 0.6000000238
10998  -14.927  -72.914  -18.045 0.5000000000
9399  -14.836  -73.762  -17.945 0.6000000238
9415  -13.885  -74.323  -18.987 0.6000000238
8625  -12.446  -75.489  -19.560 0.6999999881
9429  -13.134  -74.882  -19.273 0.6000000238
7882  -12.316  -76.216  -19.092 0.6999999881
111688  -12.558  -77.927  -18.695 0.6000000238
7178  -12.441  -77.365  -18.010 0.6000000238
5806  -13.366  -79.297  -19.246 0.6000000238
119976  -13.033  -83.768  -24.552 0.6000000238
3569  -12.348  -83.860  -25.100 0.6000000238
3585  -12.279  -83.669  -25.844 0.6999999881
3602  -11.178  -83.517  -26.812 0.6999999881
5103  -13.387  -80.263  -19.171 0.6000000238
118958  -13.345  -83.623  -23.768 0.6000000238
3621  -10.593  -83.002  -27.523 0.6999999881
4572  -14.371  -80.754  -18.627 0.6000000238
4097  -14.380  -82.898  -22.067 0.4000000060
115810  -14.079  -83.429  -23.326 0.4000000060
120217  -13.913  -83.544  -24.280 0.5000000000
126088  -13.651  -83.535  -24.975 0.6000000238
3604  -12.835  -83.204  -26.232 0.6000000238
3622  -11.473  -82.931  -27.394 0.6000000238
4583  -14.451  -81.207  -19.078 0.5000000000
4597  -15.761  -81.707  -20.080 0.5000000000
4071  -15.001  -82.115  -20.760 0.5000000000
4083  -14.641  -82.569  -21.524 0.5000000000
3587  -14.379  -83.199  -24.905 0.4000000060
12511  -14.034  -70.369  -16.277 0.6000000238
12518  -14.056  -70.584  -17.612 0.6000000238
126264  -15.122  -71.201  -15.512 0.6000000238
13293  -12.334  -68.122  -18.516 0.6000000238
13287  -12.995  -68.565  -17.763 0.5000000000
13278  -12.239  -68.494  -16.776 0.6000000238
117203  -11.211  -68.690  -15.986 0.6000000238
11737  -15.507  -71.708  -16.189 0.6000000238
13292  -11.829  -67.956  -19.335 0.6999999881
14162  -11.484  -68.475  -16.977 0.6000000238
14150  -10.719  -68.859  -16.256 0.6000000238
10976  -16.329  -72.892  -17.303 0.5000000000
10975  -16.159  -72.496  -16.920 0.6000000238
13285  -10.416  -69.559  -17.953 0.6000000238
13277  -10.220  -69.080  -16.302 0.6999999881
9400  -15.661  -73.727  -17.410 0.5000000000
117131  -10.148  -69.019  -17.031 0.6999999881
116294  -14.806  -74.274  -17.303 0.6000000238
111122  -9.914  -70.698  -16.128 0.6000000238
8608  -12.628  -75.624  -18.528 0.6000000238
9398  -13.947  -74.569  -17.834 0.6000000238
118316  -13.536  -75.313  -17.015 0.6000000238
8592  -12.635  -76.054  -17.678 0.6000000238
6478  -12.652  -78.086  -17.871 0.6000000238
6479  -13.280  -78.471  -17.241 0.6000000238
5778  -15.592  -79.629  -16.771 0.6000000238
5084  -14.242  -79.938  -17.764 0.6000000238
5086  -16.282  -79.964  -17.136 0.6000000238
4573  -15.139  -80.978  -18.451 0.6000000238
4130  -13.774  -83.026  -25.708 0.6000000238
4145  -13.441  -82.561  -26.651 0.6000000238
3623  -12.493  -82.635  -27.203 0.6000000238
4584  -15.444  -81.372  -19.187 0.5000000000
4072  -16.120  -82.205  -20.811 0.5000000000
4670  -12.661  -81.138  -28.944 0.6000000238
3588  -15.226  -82.952  -24.879 0.4000000060
4146  -14.295  -82.335  -26.345 0.6000000238
4659  -13.893  -81.829  -27.103 0.6000000238
12500  -13.479  -70.081  -15.458 0.6000000238
12488  -13.239  -69.898  -14.674 0.5000000000
12489  -13.928  -70.527  -14.645 0.6000000238
12472  -14.271  -70.612  -13.909 0.5000000000
110165  -13.423  -69.618  -16.393 0.6000000238
13256  -12.454  -69.203  -14.739 0.6000000238
12501  -14.381  -70.766  -15.418 0.5000000000
11694  -14.878  -71.165  -14.464 0.5000000000
13267  -12.013  -68.861  -15.504 0.5000000000
12487  -12.728  -69.560  -15.146 0.6000000238
11725  -15.698  -71.588  -15.212 0.6000000238
12499  -9.802  -69.778  -15.604 0.6999999881
13255  -9.548  -69.022  -14.944 0.6000000238
12486  -9.709  -70.043  -14.690 0.6000000238
9380  -15.138  -74.444  -16.480 0.5000000000
11711  -10.579  -71.412  -14.705 0.5000000000
9379  -14.232  -74.870  -16.684 0.5000000000
7862  -13.037  -76.080  -16.845 0.5000000000
7160  -13.043  -77.063  -16.575 0.6000000238
6472  -15.286  -78.370  -16.115 0.6000000238
6470  -13.935  -78.275  -16.372 0.5000000000
5765  -15.407  -79.095  -16.453 0.6000000238
118563  -14.910  -79.453  -16.689 0.6000000238
4575  -17.284  -80.761  -18.534 0.5000000000
4132  -15.654  -82.564  -25.543 0.5000000000
4147  -15.154  -82.119  -26.221 0.5000000000
124361  -14.247  -81.245  -27.638 0.6000000238
124022  -13.502  -81.357  -28.101 0.6000000238
13240  -12.389  -68.668  -14.253 0.6000000238
13241  -13.165  -69.556  -14.131 0.6000000238
14115  -11.360  -67.559  -14.399 0.6000000238
107711  -14.841  -71.018  -13.503 0.5000000000
14136  -11.189  -68.146  -15.096 0.6000000238
14135  -9.962  -67.734  -14.359 0.6999999881
11712  -15.662  -71.707  -14.283 0.6000000238
13239  -9.307  -69.044  -14.151 0.6000000238
107549  -9.496  -68.424  -14.397 0.6000000238
10964  -16.189  -72.247  -15.830 0.6000000238
12469  -9.813  -70.000  -13.820 0.6000000238
13220  -9.487  -69.157  -13.314 0.6000000238
10194  -16.411  -73.247  -16.632 0.5000000000
8577  -14.611  -75.253  -15.774 0.5000000000
10950  -11.099  -72.515  -14.542 0.5000000000
11692  -10.517  -70.938  -14.169 0.6000000238
7161  -13.745  -77.463  -16.025 0.5000000000
7163  -15.388  -77.643  -15.802 0.6000000238
7162  -14.617  -77.831  -15.835 0.5000000000
7170  -16.434  -77.862  -16.896 0.5000000000
5779  -16.106  -79.329  -16.773 0.5000000000
4148  -16.034  -82.011  -26.218 0.6000000238
4647  -15.489  -81.423  -26.925 0.6000000238
14116  -12.542  -68.103  -13.742 0.6000000238
117160  -13.257  -68.984  -13.547 0.5000000000
117356  -14.037  -69.018  -12.997 0.5000000000
14988  -11.774  -67.200  -13.872 0.6999999881
12455  -14.690  -70.389  -13.119 0.5000000000
14986  -9.907  -67.437  -13.334 0.6999999881
14987  -10.717  -67.292  -13.837 0.6000000238
12456  -15.323  -70.943  -12.854 0.5000000000
14114  -9.405  -68.306  -13.633 0.6000000238
11695  -15.454  -71.457  -13.537 0.5000000000
113224  -16.631  -72.556  -14.335 0.6000000238
13221  -10.019  -69.092  -12.407 0.6999999881
10952  -16.704  -72.819  -15.291 0.6000000238
12453  -10.542  -70.130  -12.968 0.6000000238
110432  -16.671  -73.349  -15.727 0.6000000238
11676  -12.424  -71.891  -12.156 0.6999999881
12470  -11.116  -71.114  -13.480 0.6999999881
9359  -15.604  -74.815  -15.720 0.5000000000
9382  -16.452  -73.952  -15.830 0.5000000000
11675  -11.825  -72.137  -13.022 0.6000000238
8555  -14.938  -75.712  -15.394 0.5000000000
10910  -12.215  -72.529  -12.318 0.5000000000
7838  -15.266  -76.300  -15.376 0.6000000238
8554  -14.301  -75.955  -15.559 0.5000000000
10111  -11.384  -73.118  -12.467 0.6000000238
7150  -14.972  -77.040  -15.432 0.5000000000
124023  -15.815  -77.989  -16.252 0.6000000238
117623  -17.079  -77.282  -17.921 0.5000000000
107331  -12.286  -66.332  -13.919 0.6999999881
14989  -12.892  -67.445  -13.626 0.5000000000
14095  -14.333  -68.382  -12.911 0.5000000000
15932  -11.304  -66.093  -13.580 0.8000000119
107511  -11.366  -66.462  -13.818 0.6999999881
124482  -14.582  -68.899  -12.774 0.5000000000
13223  -15.615  -69.667  -12.525 0.5000000000
14951  -10.726  -67.340  -11.597 0.6999999881
15921  -10.593  -66.847  -13.007 0.6999999881
110662  -10.812  -66.940  -13.429 0.8000000119
105744  -9.733  -68.082  -12.622 0.6999999881
114409  -16.007  -70.603  -12.499 0.5000000000
13205  -11.003  -69.122  -11.713 0.6999999881
14093  -10.214  -68.433  -11.932 0.6999999881
11696  -16.635  -72.066  -13.010 0.6000000238
11677  -16.134  -71.499  -12.867 0.5000000000
123151  -12.816  -70.458  -11.424 0.6000000238
112966  -12.186  -69.923  -11.602 0.6000000238
10174  -17.138  -73.589  -14.962 0.6000000238
11660  -12.977  -71.689  -11.438 0.6999999881
12444  -12.492  -70.948  -11.791 0.6999999881
9360  -16.563  -74.791  -15.509 0.6000000238
10173  -17.074  -74.042  -15.303 0.6000000238
10894  -12.592  -72.344  -11.509 0.6000000238
8557  -16.816  -75.563  -15.505 0.6000000238
7852  -15.693  -76.910  -15.640 0.6000000238
10892  -10.982  -72.820  -11.555 0.6000000238
7165  -16.767  -77.178  -16.606 0.6000000238
7171  -16.854  -77.449  -17.353 0.5000000000
16896  -11.546  -64.960  -13.738 0.6000000238
15933  -11.832  -65.069  -14.335 0.5000000000
111773  -13.386  -66.513  -13.903 0.5000000000
14096  -15.142  -68.684  -12.701 0.5000000000
114220  -10.817  -66.586  -11.907 0.8000000119
14097  -16.129  -68.867  -12.773 0.5000000000
14076  -10.951  -68.202  -11.398 0.6999999881
10931  -17.724  -72.702  -13.245 0.6000000238
14016  -9.411  -68.289  -7.640 0.6000000238
13206  -12.069  -69.031  -11.256 0.8000000119
13152  -10.801  -69.034  -7.962 0.6000000238
12445  -13.325  -70.958  -11.187 0.6999999881
13207  -13.089  -69.924  -11.103 0.8000000119
10129  -17.463  -73.132  -13.774 0.6000000238
13176  -10.223  -69.955  -9.245 0.6000000238
10873  -13.306  -71.873  -10.490 0.6000000238
110794  -17.428  -74.862  -15.213 0.6000000238
8558  -17.776  -75.594  -15.348 0.6000000238
11635  -11.084  -71.587  -9.773 0.6000000238
11648  -11.696  -72.193  -10.237 0.6000000238
10883  -12.294  -72.394  -10.687 0.6000000238
7840  -17.151  -76.185  -15.669 0.6000000238
7841  -18.112  -76.183  -15.700 0.6000000238
10882  -11.755  -72.609  -11.059 0.5000000000
7863  -17.499  -76.970  -17.109 0.5000000000
7872  -17.533  -76.873  -18.200 0.5000000000
7864  -18.354  -76.546  -17.467 0.5000000000
16898  -12.531  -64.215  -14.535 0.5000000000
15934  -12.875  -65.232  -14.531 0.5000000000
16886  -11.244  -65.024  -12.810 0.6000000238
16887  -11.713  -64.266  -13.416 0.5000000000
14931  -11.476  -66.598  -11.131 0.8000000119
16872  -11.041  -65.687  -11.935 0.6999999881
14932  -12.050  -67.368  -10.813 0.8000000119
14077  -12.044  -68.139  -10.957 0.8000000119
10911  -17.298  -72.156  -12.808 0.6000000238
13225  -17.283  -69.778  -12.750 0.5000000000
14882  -9.861  -67.635  -6.198 0.6000000238
13191  -12.996  -68.879  -10.755 0.8000000119
11680  -18.196  -71.652  -12.768 0.5000000000
14018  -11.074  -68.843  -7.159 0.6999999881
14017  -10.183  -68.583  -7.319 0.6000000238
12430  -14.263  -70.624  -10.072 0.8000000119
120369  -18.247  -73.990  -14.259 0.6000000238
10130  -18.251  -73.427  -13.702 0.6000000238
10912  -18.029  -72.143  -12.772 0.6000000238
13153  -11.458  -69.295  -7.729 0.6000000238
9362  -18.232  -74.974  -14.942 0.6000000238
9361  -17.765  -74.229  -14.759 0.6000000238
10131  -19.234  -73.267  -13.642 0.6000000238
12406  -11.019  -70.109  -8.979 0.6000000238
11637  -12.769  -71.761  -9.559 0.6000000238
11639  -14.111  -71.063  -9.765 0.5000000000
8560  -19.553  -75.492  -15.522 0.6000000238
11636  -11.947  -71.721  -9.587 0.6000000238
7855  -18.316  -76.482  -16.442 0.6000000238
8579  -19.841  -75.774  -16.275 0.6000000238
8594  -20.004  -75.873  -17.195 0.5000000000
8609  -19.948  -75.686  -18.128 0.5000000000
7873  -18.337  -76.424  -18.539 0.5000000000
116362  -19.172  -75.937  -18.793 0.5000000000
16873  -11.423  -64.792  -12.129 0.6000000238
15818  -10.783  -66.411  -5.439 0.6000000238
14869  -9.843  -66.914  -5.893 0.6000000238
14058  -12.961  -67.742  -10.551 0.8000000119
12473  -17.794  -70.381  -12.913 0.5000000000
14871  -11.169  -67.446  -5.212 0.6000000238
14059  -14.058  -68.694  -10.311 0.8000000119
12474  -18.334  -70.647  -13.332 0.5000000000
13990  -11.036  -68.156  -5.737 0.6999999881
13177  -14.956  -69.677  -9.205 0.8000000119
10933  -19.369  -72.409  -13.489 0.6000000238
11698  -19.281  -71.689  -13.542 0.6000000238
13143  -12.426  -69.301  -6.315 0.8000000119
12419  -14.505  -70.466  -9.309 0.6999999881
9346  -19.521  -74.400  -14.584 0.6000000238
10132  -20.078  -73.010  -13.825 0.6000000238
12395  -12.176  -69.854  -7.893 0.6999999881
12408  -12.754  -70.669  -8.411 0.6999999881
11626  -13.947  -71.074  -9.037 0.6000000238
9363  -19.977  -74.852  -15.109 0.6000000238
10155  -20.927  -73.103  -14.901 0.6000000238
12418  -11.461  -70.932  -9.226 0.6000000238
9364  -20.591  -74.509  -15.370 0.5000000000
8580  -20.551  -75.230  -16.642 0.5000000000
16859  -11.909  -64.837  -11.072 0.6000000238
113177  -12.597  -64.180  -11.347 0.5000000000
17723  -10.804  -64.903  -5.024 0.6000000238
115676  -12.111  -65.771  -10.433 0.6999999881
124100  -10.866  -65.286  -5.390 0.6000000238
108593  -12.399  -66.736  -10.478 0.6999999881
15870  -13.386  -66.112  -9.728 0.6000000238
15819  -11.449  -66.536  -4.901 0.6000000238
16774  -11.483  -66.247  -4.697 0.6000000238
111884  -13.821  -67.592  -10.168 0.6000000238
14934  -14.595  -67.939  -9.703 0.6999999881
13991  -11.690  -68.329  -5.196 0.8000000119
117397  -14.792  -69.032  -9.739 0.6999999881
14912  -15.287  -67.606  -9.128 0.6000000238
14006  -12.251  -68.942  -5.495 0.8000000119
13167  -14.882  -70.111  -8.630 0.8000000119
14019  -15.780  -68.904  -7.657 0.6999999881
110728  -13.113  -69.649  -6.474 0.6999999881
13155  -13.498  -69.972  -7.035 0.6999999881
12388  -14.225  -70.000  -6.947 0.6000000238
13156  -15.298  -69.613  -7.407 0.8000000119
17708  -9.832  -64.753  -3.425 0.6000000238
116279  -11.379  -65.961  -4.163 0.6000000238
15808  -12.008  -66.732  -4.448 0.6999999881
14895  -15.663  -67.364  -8.513 0.6000000238
14858  -11.850  -67.406  -4.735 0.6999999881
127340  -12.972  -67.778  -4.101 0.6999999881
14889  -16.127  -67.934  -7.979 0.6999999881
14020  -16.290  -68.406  -7.115 0.6000000238
13992  -12.753  -68.878  -4.899 0.8000000119
13116  -13.593  -69.124  -4.759 0.6000000238
122024  -14.252  -69.464  -5.429 0.5000000000
14007  -15.845  -69.062  -6.809 0.6999999881
14008  -16.464  -68.576  -6.200 0.6999999881
111525  -16.715  -67.939  -6.678 0.6000000238
13133  -13.138  -69.368  -5.638 0.8000000119
13134  -15.133  -69.450  -5.720 0.6000000238
13146  -15.309  -69.491  -6.530 0.6000000238
17707  -9.200  -64.433  -3.090 0.6000000238
17698  -10.374  -65.143  -2.935 0.6000000238
16759  -11.708  -65.818  -3.319 0.6999999881
16752  -11.013  -65.534  -3.489 0.6000000238
16775  -11.941  -66.353  -3.957 0.6999999881
15809  -12.587  -66.696  -3.958 0.6999999881
14859  -12.538  -67.210  -4.298 0.6999999881
15810  -13.254  -67.149  -3.809 0.6000000238
14890  -16.471  -67.414  -7.396 0.6000000238
13963  -13.659  -68.053  -3.841 0.6000000238
13974  -14.830  -68.892  -4.218 0.6000000238
15838  -16.359  -66.328  -7.563 0.5000000000
14883  -17.078  -67.851  -6.012 0.6000000238
15832  -17.667  -66.364  -6.478 0.5000000000
16802  -17.687  -64.944  -7.096 0.5000000000
14872  -17.349  -67.638  -5.251 0.6000000238
15833  -18.166  -66.407  -5.754 0.5000000000
18617  -9.542  -63.584  -1.445 0.6000000238
17697  -9.622  -64.564  -2.507 0.6000000238
16753  -11.161  -65.356  -2.623 0.6999999881
115797  -10.486  -64.824  -2.238 0.6999999881
16754  -12.000  -65.551  -2.499 0.6999999881
16760  -12.568  -66.034  -3.340 0.6999999881
16761  -13.588  -65.994  -2.977 0.6000000238
15798  -13.861  -66.683  -3.389 0.5000000000
15799  -14.779  -66.842  -3.180 0.6999999881
115010  -15.147  -66.132  -3.086 0.6000000238
14851  -15.122  -67.634  -3.446 0.6000000238
14852  -15.982  -67.761  -3.689 0.6000000238
15801  -16.528  -66.467  -3.478 0.6000000238
13977  -16.999  -67.950  -4.712 0.6000000238
15811  -17.848  -66.676  -4.459 0.5000000000
15812  -18.207  -66.008  -4.453 0.5000000000
17732  -19.044  -65.008  -5.820 0.5000000000
21044  -9.532  -61.049  0.095 0.6999999881
20286  -10.234  -61.545  -0.491 0.6999999881
21045  -10.334  -60.794  -0.154 0.6999999881
19480  -10.202  -62.983  -1.202 0.6000000238
20299  -10.629  -62.100  -1.081 0.6999999881
21046  -10.886  -60.782  -0.758 0.6999999881
113044  -11.598  -59.801  -1.570 0.6999999881
21729  -12.013  -59.277  -2.118 0.6000000238
18618  -10.232  -63.739  -1.517 0.6999999881
19481  -11.080  -62.560  -1.416 0.6999999881
117902  -11.346  -61.726  -1.516 0.6999999881
21057  -11.397  -60.583  -1.534 0.6999999881
17687  -11.413  -64.019  -1.599 0.6999999881
18619  -10.913  -63.439  -1.477 0.6999999881
20300  -11.657  -61.006  -1.831 0.6999999881
16755  -12.917  -65.441  -2.683 0.6999999881
124194  -14.276  -64.871  -2.758 0.6000000238
115666  -14.393  -66.222  -2.984 0.6000000238
125173  -15.991  -64.924  -3.437 0.6000000238
18644  -16.745  -63.731  -3.577 0.6000000238
15800  -15.723  -66.890  -3.340 0.6000000238
16764  -16.401  -65.492  -3.459 0.6000000238
17713  -17.400  -64.311  -3.711 0.6000000238
112260  -17.270  -66.064  -3.662 0.5000000000
17714  -18.279  -64.138  -3.960 0.6000000238
18646  -18.553  -63.242  -4.009 0.6000000238
123134  -17.781  -66.330  -3.989 0.5000000000
16777  -18.381  -65.398  -4.335 0.5000000000
17724  -19.044  -64.060  -4.472 0.5000000000
21033  -9.939  -60.306  0.388 0.6999999881
123829  -11.256  -60.154  -0.984 0.6999999881
21721  -11.869  -59.024  -1.611 0.6000000238
22367  -12.086  -58.407  -2.318 0.6000000238
22373  -12.279  -58.432  -3.136 0.4000000060
21067  -12.650  -60.447  -2.857 0.6000000238
21066  -11.963  -60.239  -2.148 0.5000000000
21730  -12.371  -59.452  -2.690 0.5000000000
22382  -13.446  -58.102  -4.126 0.4000000060
23036  -13.519  -57.266  -5.131 0.5000000000
17699  -11.452  -64.926  -1.901 0.6999999881
18620  -11.805  -63.146  -1.565 0.8000000119
20301  -12.040  -61.547  -1.958 0.6999999881
21074  -13.089  -60.831  -3.638 0.5000000000
21734  -13.328  -59.971  -3.340 0.4000000060
22375  -13.448  -59.083  -3.595 0.4000000060
123948  -14.098  -57.913  -4.565 0.4000000060
113325  -14.740  -57.786  -5.201 0.4000000060
17700  -12.158  -64.187  -1.707 0.8000000119
18631  -12.773  -63.275  -1.880 0.8000000119
19482  -12.430  -62.313  -1.933 0.8000000119
20312  -13.440  -61.547  -3.166 0.8000000119
118751  -13.300  -61.104  -3.945 0.6000000238
21075  -13.531  -60.823  -3.883 0.5000000000
21735  -14.066  -59.764  -3.609 0.4000000060
22384  -14.725  -58.235  -4.597 0.4000000060
118471  -12.426  -65.004  -2.084 0.6999999881
17702  -13.938  -64.370  -2.502 0.8000000119
18633  -14.589  -63.525  -2.687 0.6999999881
109351  -15.403  -63.708  -3.146 0.5000000000
21076  -14.537  -60.592  -4.012 0.5000000000
21743  -15.183  -59.196  -4.300 0.4000000060
22385  -15.631  -58.516  -4.567 0.4000000060
17710  -14.848  -64.521  -2.960 0.6000000238
17711  -15.697  -64.466  -3.344 0.5000000000
18643  -16.105  -63.136  -3.389 0.5000000000
114517  -16.941  -63.057  -3.558 0.6000000238
18645  -17.597  -63.489  -3.700 0.6000000238
19510  -18.585  -62.262  -4.008 0.6000000238
21705  -10.853  -60.068  -0.169 0.6000000238
21695  -11.160  -59.228  0.285 0.5000000000
127312  -11.896  -58.675  -1.036 0.5000000000
22363  -12.056  -58.223  -1.805 0.4000000060
23025  -11.974  -57.434  -2.805 0.5000000000
23028  -12.025  -57.386  -3.714 0.5000000000
23029  -12.622  -57.408  -4.396 0.5000000000
110860  -12.741  -56.787  -5.010 0.5000000000
126982  -13.762  -57.197  -6.162 0.5000000000
24596  -13.530  -56.973  -7.325 0.5000000000
23037  -14.135  -57.492  -5.726 0.5000000000
24597  -13.688  -56.801  -8.155 0.5000000000
19491  -13.261  -62.375  -2.399 0.6999999881
19498  -13.939  -61.401  -3.730 0.6000000238
20318  -14.628  -61.348  -3.957 0.5000000000
105149  -13.855  -61.122  -4.033 0.5000000000
23038  -14.227  -57.562  -6.518 0.5000000000
23768  -14.539  -57.418  -7.199 0.5000000000
17701  -13.042  -64.215  -2.087 0.8000000119
18632  -13.697  -63.355  -2.276 0.6999999881
18642  -15.203  -62.806  -2.975 0.6000000238
21077  -15.491  -60.993  -4.025 0.5000000000
21744  -15.970  -59.535  -4.346 0.4000000060
126856  -16.510  -58.295  -4.501 0.5000000000
118285  -15.513  -57.583  -5.108 0.4000000060
19500  -15.726  -62.249  -3.450 0.5000000000
20320  -16.095  -61.670  -3.716 0.5000000000
21086  -16.153  -60.320  -4.128 0.5000000000
22386  -16.663  -59.084  -4.392 0.5000000000
107532  -17.414  -58.650  -4.376 0.5000000000
19501  -16.597  -62.406  -3.533 0.5000000000
20321  -17.074  -61.676  -3.625 0.5000000000
21078  -16.533  -60.989  -3.806 0.5000000000
21745  -17.530  -59.435  -4.249 0.5000000000
19502  -17.653  -62.524  -3.653 0.6000000238
21088  -18.232  -60.746  -4.008 0.6000000238
22340  -11.326  -58.553  0.584 0.5000000000
22990  -11.761  -57.850  0.457 0.5000000000
23002  -12.196  -57.804  -0.813 0.5000000000
23019  -12.338  -56.955  -1.565 0.4000000060
22978  -11.253  -57.358  1.247 0.5000000000
23003  -12.404  -56.883  -0.578 0.4000000060
23027  -11.791  -56.988  -3.466 0.5000000000
23035  -11.875  -56.705  -4.471 0.6000000238
23755  -12.299  -56.309  -4.965 0.5000000000
23756  -13.446  -56.719  -5.867 0.5000000000
24588  -13.409  -56.447  -6.171 0.4000000060
25429  -13.823  -55.686  -7.779 0.4000000060
23704  -12.402  -56.279  0.024 0.4000000060
23731  -11.956  -56.737  -2.732 0.4000000060
114230  -11.450  -56.367  -3.609 0.5000000000
23754  -11.337  -56.141  -4.418 0.5000000000
24586  -11.581  -55.836  -4.626 0.5000000000
112727  -11.099  -55.718  -3.746 0.4000000060
24581  -11.049  -55.374  -3.866 0.4000000060
25417  -11.636  -55.217  -4.365 0.5000000000
24582  -13.262  -55.542  -4.889 0.4000000060
25419  -13.501  -56.263  -6.957 0.4000000060
25420  -14.340  -55.355  -5.786 0.4000000060
24531  -12.430  -55.449  -0.308 0.4000000060
24547  -12.341  -55.422  -1.435 0.4000000060
23732  -12.229  -56.106  -2.149 0.4000000060
25372  -12.428  -54.542  -0.807 0.4000000060
25390  -12.307  -54.107  -1.880 0.4000000060
24575  -11.237  -55.243  -3.410 0.4000000060
25411  -11.948  -54.289  -4.022 0.4000000060
25418  -12.364  -54.867  -4.372 0.5000000000
24583  -13.952  -55.536  -5.007 0.4000000060
26268  -12.651  -53.641  -4.063 0.4000000060
25403  -15.266  -54.379  -3.164 0.4000000060
25414  -15.259  -54.818  -3.864 0.4000000060
25421  -15.607  -54.855  -4.732 0.4000000060
106974  -12.154  -53.706  -0.063 0.4000000060
118461  -12.521  -53.610  -0.843 0.3000000119
114785  -11.780  -54.092  -3.046 0.3000000119
26258  -11.794  -54.162  -3.566 0.4000000060
110045  -12.477  -52.263  -2.807 0.4000000060
26246  -12.652  -53.102  -1.876 0.3000000119
26259  -12.236  -53.183  -3.217 0.3000000119
122795  -12.498  -53.155  -3.610 0.4000000060
27168  -14.332  -52.671  -3.391 0.5000000000
26260  -14.826  -53.617  -3.023 0.4000000060
25404  -16.128  -54.270  -2.981 0.4000000060
110505  -17.240  -53.599  -5.094 0.3000000119
28108  -14.447  -51.887  -3.372 0.5000000000
27169  -15.203  -52.753  -2.774 0.5000000000
26261  -15.782  -53.648  -2.713 0.4000000060
26262  -16.645  -53.352  -2.711 0.4000000060
26270  -16.955  -53.714  -3.288 0.3000000119
120932  -12.257  -52.678  -0.424 0.4000000060
27167  -12.648  -51.446  -2.215 0.4000000060
27178  -12.578  -51.748  -3.140 0.4000000060
27179  -12.824  -52.050  -3.514 0.5000000000
27180  -13.428  -52.042  -3.739 0.5000000000
28107  -12.616  -50.984  -2.955 0.4000000060
28122  -13.676  -51.173  -3.718 0.5000000000
114887  -14.398  -51.080  -3.470 0.5000000000
28109  -15.357  -51.656  -2.641 0.4000000060
27171  -17.083  -52.431  -2.468 0.4000000060
27181  -17.503  -52.964  -2.940 0.3000000119
115612  -14.204  -49.805  -3.483 0.3000000119
29003  -14.782  -50.561  -3.075 0.3000000119
112673  -15.894  -50.775  -2.424 0.3000000119
27158  -12.641  -52.053  -1.246 0.4000000060
28994  -12.794  -50.303  -2.384 0.3000000119
29907  -13.353  -49.753  -3.243 0.4000000060
28111  -17.490  -51.547  -2.325 0.3000000119
29899  -13.020  -49.130  -1.967 0.3000000119
12529  -13.782  -70.509  -18.340 0.6000000238
12510  -13.618  -69.647  -17.105 0.5000000000
13994  -16.818  -68.276  -5.339 0.6000000238
13975  -15.684  -68.815  -4.580 0.6000000238
5862  -11.237  -79.846  -26.288 0.5000000000
5863  -12.149  -79.964  -25.155 0.6000000238
7948  -12.132  -76.462  -24.412 0.5000000000
5174  -11.771  -80.326  -24.483 0.6999999881
106219  -8.816  -80.501  -22.619 0.6999999881
5830  -12.573  -79.565  -21.737 0.6999999881
110392  -9.820  -80.885  -21.677 0.6999999881
115763  -10.604  -80.801  -21.426 0.6999999881
9430  -14.026  -74.234  -19.960 0.5000000000
3533  -8.408  -82.560  -21.874 0.6999999881
6504  -12.716  -78.274  -20.375 0.6999999881
106326  -12.796  -78.884  -21.078 0.6999999881
3534  -9.059  -82.998  -21.952 0.6999999881
113855  -13.057  -79.916  -19.781 0.6999999881
11751  -14.320  -71.428  -18.184 0.6000000238
120311  -11.183  -83.539  -23.229 0.6999999881
5791  -13.237  -78.747  -18.420 0.6000000238
5091  -13.990  -80.254  -18.508 0.6000000238
4070  -13.264  -81.883  -20.137 0.5000000000
14175  -12.134  -68.190  -18.254 0.6999999881
5792  -13.697  -79.573  -18.380 0.6000000238
3586  -13.007  -83.612  -25.413 0.6000000238
3603  -11.980  -83.398  -26.622 0.6000000238
5092  -14.744  -80.497  -18.003 0.5000000000
4585  -16.507  -81.374  -19.250 0.5000000000
4131  -14.760  -82.707  -25.586 0.5000000000
13286  -12.567  -68.329  -17.686 0.6000000238
14167  -10.943  -68.546  -17.836 0.6999999881
10965  -16.479  -72.860  -16.382 0.6000000238
122987  -13.275  -77.811  -16.620 0.5000000000
5776  -13.806  -79.255  -17.610 0.5000000000
5093  -15.767  -80.547  -17.741 0.6000000238
4574  -16.188  -80.973  -18.439 0.5000000000
4166  -13.217  -82.057  -27.390 0.6000000238
4646  -14.659  -81.600  -26.914 0.6000000238
4133  -16.610  -82.434  -25.482 0.5000000000
126346  -9.504  -68.638  -12.973 0.6000000238
12458  -17.383  -70.747  -12.589 0.5000000000
13164  -9.789  -69.225  -8.943 0.6000000238
11647  -10.779  -72.178  -10.555 0.6000000238
7854  -17.423  -76.652  -16.161 0.6000000238
13165  -10.523  -69.459  -8.629 0.6000000238
13192  -13.851  -69.702  -10.525 0.8000000119
13166  -11.307  -69.638  -8.342 0.6000000238
9347  -20.328  -74.159  -14.790 0.6000000238
11624  -12.341  -71.176  -9.030 0.6000000238
8561  -20.344  -75.125  -15.783 0.6000000238
13178  -15.245  -68.749  -9.163 0.8000000119
11699  -19.939  -72.185  -13.961 0.6000000238
12410  -14.370  -70.558  -8.297 0.6000000238
12409  -13.579  -70.737  -8.331 0.6999999881
13144  -13.800  -69.726  -6.302 0.6000000238
13964  -14.519  -68.262  -3.721 0.6000000238
114194  -15.805  -69.156  -5.989 0.6999999881
13966  -16.119  -68.303  -4.098 0.6000000238
15821  -18.290  -66.251  -5.053 0.5000000000
16762  -14.510  -65.452  -2.896 0.5000000000
14853  -16.738  -67.776  -4.089 0.6000000238
112783  -19.208  -64.615  -5.107 0.5000000000
19467  -9.693  -62.366  -0.733 0.6000000238
20287  -11.073  -61.310  -1.259 0.6999999881
123148  -11.714  -62.201  -1.651 0.8000000119
110567  -12.917  -61.020  -3.423 0.6000000238
21706  -11.496  -59.402  -0.748 0.6000000238
120683  -12.735  -59.209  -3.276 0.5000000000
125302  -12.881  -60.012  -3.072 0.5000000000
22349  -11.684  -58.615  -0.220 0.5000000000
23767  -13.832  -57.374  -7.529 0.5000000000
19492  -14.183  -62.385  -2.878 0.6000000238
20319  -15.346  -61.615  -3.730 0.6000000238
21087  -17.583  -60.190  -4.070 0.5000000000
108171  -11.817  -57.091  0.860 0.5000000000
113481  -13.185  -56.364  -5.543 0.5000000000
24585  -11.153  -55.607  -4.231 0.6000000238
25357  -12.179  -54.668  0.243 0.4000000060
126881  -12.124  -54.819  -2.007 0.4000000060
24566  -11.744  -55.308  -2.625 0.4000000060
25401  -11.338  -54.791  -3.506 0.4000000060
25412  -13.355  -54.730  -4.132 0.5000000000
25413  -14.403  -54.974  -3.883 0.4000000060
117530  -14.157  -54.266  -3.537 0.4000000060
25415  -16.340  -54.396  -3.755 0.4000000060
26277  -16.447  -54.245  -5.105 0.4000000060
114365  -12.820  -52.645  -3.898 0.4000000060
26269  -13.468  -53.010  -3.764 0.4000000060
26278  -17.209  -53.827  -4.152 0.4000000060
28110  -16.477  -51.654  -2.273 0.5000000000
27170  -16.078  -52.606  -2.430 0.4000000060
28120  -12.829  -51.210  -3.405 0.5000000000
29001  -12.887  -50.570  -3.305 0.5000000000
29013  -13.873  -50.473  -3.708 0.4000000060
115607  -16.965  -50.825  -2.154 0.4000000060
29920  -13.543  -50.064  -3.619 0.4000000060
29906  -12.918  -49.987  -2.944 0.3000000119
115072  -13.616  -48.985  -2.787 0.3000000119
29908  -13.983  -49.251  -3.276 0.3000000119
3011  -8.709  -84.455  -28.751 0.5000000000
117748  -9.557  -84.178  -29.142 0.5000000000
2446  -10.771  -85.630  -27.768 0.5000000000
3013  -10.994  -85.171  -28.599 0.5000000000
2447  -11.432  -85.642  -27.884 0.5000000000
3014  -11.675  -85.054  -28.626 0.5000000000
2437  -11.895  -85.983  -27.221 0.6000000238
3021  -8.805  -83.540  -29.531 0.5000000000
3029  -9.900  -83.466  -29.649 0.5000000000
3030  -10.999  -84.090  -29.931 0.5000000000
125183  -11.632  -84.052  -29.923 0.5000000000
2438  -12.635  -85.912  -27.132 0.6000000238
107077  -12.863  -84.254  -29.107 0.6000000238
3015  -12.491  -84.844  -28.531 0.6000000238
3632  -7.557  -83.166  -29.652 0.4000000060
3578  -4.707  -83.257  -26.290 0.4000000060
121568  -6.195  -82.901  -26.688 0.4000000060
126384  -5.968  -82.848  -27.838 0.5000000000
4160  -6.134  -82.963  -28.259 0.5000000000
4171  -6.046  -83.553  -28.454 0.5000000000
4173  -7.323  -82.879  -29.319 0.5000000000
4162  -7.676  -82.678  -28.546 0.5000000000
3627  -7.010  -83.415  -29.129 0.5000000000
4181  -7.860  -82.931  -29.937 0.5000000000
1943  -14.000  -86.354  -26.401 0.6000000238
1944  -14.864  -86.194  -26.619 0.6000000238
3634  -9.088  -82.742  -29.820 0.5000000000
3642  -10.044  -82.930  -30.122 0.5000000000
4184  -10.165  -81.927  -30.118 0.5000000000
2450  -14.052  -85.007  -27.655 0.6000000238
3651  -11.158  -83.380  -30.472 0.5000000000
3635  -12.815  -83.691  -29.765 0.6000000238
3016  -13.355  -84.559  -28.435 0.6000000238
2439  -14.446  -85.734  -27.056 0.6000000238
3026  -14.291  -83.766  -29.355 0.6000000238
2451  -15.031  -84.588  -27.990 0.6000000238
2441  -15.777  -85.063  -27.158 0.6999999881
3628  -15.651  -84.047  -28.519 0.6000000238
3006  -15.920  -84.462  -27.855 0.6999999881
4118  -5.138  -82.682  -23.734 0.6000000238
3563  -6.591  -83.234  -24.547 0.6000000238
3564  -7.490  -83.415  -24.312 0.6000000238
3579  -5.775  -83.107  -25.668 0.5000000000
3580  -6.780  -83.216  -25.827 0.5000000000
119839  -7.656  -83.251  -26.235 0.6000000238
3617  -6.223  -82.787  -27.667 0.5000000000
3599  -6.816  -82.990  -26.782 0.5000000000
3619  -8.275  -82.963  -27.388 0.5000000000
4174  -8.089  -82.641  -29.442 0.5000000000
4163  -8.793  -82.603  -28.335 0.5000000000
4175  -8.964  -82.484  -29.508 0.5000000000
1502  -14.993  -87.471  -25.385 0.6999999881
1933  -15.191  -86.666  -26.224 0.6000000238
1920  -16.218  -86.958  -25.663 0.8000000119
4190  -10.585  -82.205  -30.411 0.5000000000
111314  -11.836  -82.781  -30.492 0.5000000000
3645  -12.705  -82.767  -30.301 0.6000000238
2424  -15.517  -85.884  -26.748 0.6999999881
1935  -16.591  -86.195  -25.996 0.6999999881
3025  -13.558  -83.958  -29.299 0.6000000238
3007  -16.278  -84.616  -27.397 0.6999999881
3637  -14.758  -83.342  -29.683 0.6000000238
3638  -15.656  -83.405  -29.260 0.6000000238
3639  -16.453  -83.018  -29.225 0.6999999881
3018  -16.686  -83.830  -28.112 0.6999999881
3605  -17.611  -83.629  -27.095 0.6000000238
113401  -4.912  -82.146  -23.375 0.5000000000
3547  -6.430  -82.968  -23.466 0.6000000238
3582  -8.371  -83.460  -25.434 0.6000000238
3600  -8.632  -83.309  -26.358 0.6000000238
3620  -9.234  -83.129  -27.065 0.6000000238
4164  -9.793  -82.387  -28.634 0.5000000000
4165  -10.799  -82.333  -28.308 0.6000000238
1496  -16.385  -87.705  -24.508 0.6999999881
4176  -10.310  -81.868  -29.438 0.5000000000
4669  -11.730  -81.399  -29.206 0.5000000000
1909  -17.871  -87.041  -24.723 0.5000000000
1489  -17.797  -87.941  -23.724 0.6000000238
4668  -10.888  -81.559  -29.786 0.6000000238
4193  -12.938  -81.678  -30.378 0.5000000000
107689  -17.346  -86.031  -25.618 0.6000000238
3646  -13.646  -82.178  -30.451 0.5000000000
2425  -16.158  -85.484  -26.715 0.6999999881
2426  -16.990  -85.430  -26.233 0.6000000238
3647  -14.475  -82.544  -30.291 0.5000000000
2995  -17.458  -84.495  -26.444 0.6000000238
3606  -18.351  -83.445  -26.412 0.6000000238
4196  -15.901  -81.688  -30.175 0.5000000000
4186  -16.670  -82.082  -29.884 0.6000000238
3624  -17.454  -83.394  -27.841 0.5000000000
4179  -18.603  -82.064  -28.673 0.5000000000
114675  -19.176  -82.759  -27.171 0.5000000000
4093  -5.517  -81.827  -22.962 0.6000000238
4108  -5.815  -82.423  -23.148 0.6000000238
5153  -5.407  -81.070  -23.176 0.4000000060
4177  -11.766  -82.023  -28.210 0.5000000000
1498  -18.344  -87.431  -24.147 0.6000000238
4678  -12.258  -81.188  -29.650 0.5000000000
1922  -18.105  -86.336  -24.980 0.5000000000
5249  -14.128  -80.767  -30.336 0.5000000000
2415  -17.759  -85.424  -25.571 0.5000000000
2405  -18.860  -86.275  -24.435 0.5000000000
1911  -19.280  -86.704  -23.977 0.5000000000
5250  -15.036  -80.404  -30.060 0.5000000000
2996  -18.306  -84.490  -25.523 0.5000000000
3589  -19.104  -83.779  -25.631 0.5000000000
5251  -16.010  -80.310  -30.016 0.6000000238
5245  -16.635  -79.768  -29.700 0.6000000238
124219  -19.361  -83.158  -26.414 0.6000000238
4681  -17.716  -80.670  -29.808 0.6000000238
4682  -18.500  -80.644  -29.439 0.5000000000
5154  -6.480  -80.629  -23.487 0.4000000060
109368  -13.435  -80.704  -29.050 0.5000000000
2406  -19.525  -86.060  -24.159 0.5000000000
4671  -13.935  -80.407  -29.577 0.5000000000
5234  -14.737  -80.088  -29.393 0.5000000000
109165  -19.932  -84.068  -25.214 0.5000000000
2977  -21.377  -85.218  -23.830 0.5000000000
2391  -22.161  -85.086  -22.957 0.5000000000
2970  -22.540  -84.423  -22.634 0.5000000000
4090  -22.659  -82.314  -21.178 0.5000000000
5236  -16.475  -79.461  -28.996 0.6000000238
5906  -17.049  -79.305  -29.057 0.6000000238
5913  -17.986  -79.362  -29.279 0.6000000238
3609  -21.517  -83.117  -26.188 0.5000000000
5914  -18.702  -79.464  -29.208 0.5000000000
5238  -19.863  -79.924  -28.989 0.5000000000
4648  -16.433  -81.371  -26.969 0.5000000000
109298  -20.703  -85.119  -24.186 0.5000000000
120146  -22.072  -84.962  -23.536 0.5000000000
117852  -22.681  -84.281  -23.472 0.5000000000
110997  -22.680  -83.731  -22.251 0.5000000000
4660  -15.859  -80.510  -27.772 0.5000000000
4661  -16.992  -80.503  -27.678 0.6000000238
2997  -20.748  -84.242  -24.905 0.5000000000
106247  -22.318  -84.445  -24.129 0.5000000000
3544  -23.318  -83.136  -22.634 0.5000000000
113355  -23.296  -81.722  -21.598 0.5000000000
120750  -23.238  -81.148  -20.779 0.5000000000
5907  -17.697  -79.215  -29.035 0.5000000000
121826  -21.383  -83.643  -25.424 0.5000000000
3593  -22.627  -83.009  -25.567 0.5000000000
4149  -16.931  -81.932  -26.319 0.5000000000
123662  -24.044  -83.034  -23.802 0.5000000000
4112  -24.030  -82.815  -23.162 0.5000000000
4102  -23.760  -82.375  -22.489 0.5000000000
5127  -24.595  -80.392  -21.316 0.4000000060
4103  -24.541  -82.217  -23.014 0.4000000060
11771  -13.118  -71.153  -21.687 0.4000000060
14003  -9.606  -67.959  -6.813 0.5000000000
16781  -10.776  -65.418  -5.701 0.5000000000
15817  -10.192  -65.895  -6.089 0.5000000000
17722  -10.230  -64.421  -4.474 0.5000000000
17731  -10.703  -64.729  -5.767 0.5000000000
14881  -9.245  -67.244  -6.464 0.5000000000
20285  -9.155  -61.783  -0.231 0.5000000000
21032  -8.886  -60.455  0.583 0.5000000000
21694  -10.380  -59.582  0.752 0.5000000000
106393  -14.924  -80.877  -27.667 0.5000000000
105418  -14.235  -80.583  -28.584 0.5000000000
2449  -12.981  -85.331  -27.748 0.6000000238
3032  -11.920  -83.655  -30.194 0.6000000238
3017  -14.232  -84.282  -28.596 0.6000000238
3636  -13.766  -83.231  -29.988 0.6000000238
3629  -16.255  -83.698  -28.616 0.6999999881
3581  -7.530  -83.401  -25.159 0.6000000238
4683  -11.571  -81.695  -30.352 0.5000000000
4185  -15.860  -82.528  -29.799 0.6000000238
3630  -17.294  -83.105  -28.566 0.6000000238
3640  -17.129  -82.745  -29.186 0.6000000238
1497  -17.419  -87.652  -24.378 0.6999999881
4679  -13.094  -80.819  -29.765 0.5000000000
4686  -14.761  -80.989  -30.459 0.5000000000
4688  -16.366  -81.047  -30.278 0.6000000238
4680  -17.471  -81.832  -29.592 0.6000000238
3631  -18.070  -82.681  -28.234 0.5000000000
3590  -20.031  -83.295  -26.019 0.5000000000
2417  -19.068  -84.690  -24.890 0.5000000000
2986  -19.837  -85.038  -24.402 0.5000000000
5244  -15.812  -79.899  -29.667 0.5000000000
5248  -19.129  -80.099  -29.347 0.5000000000
4672  -15.173  -80.169  -28.561 0.5000000000
5237  -17.229  -79.378  -28.708 0.5000000000
5224  -16.462  -79.881  -28.453 0.5000000000
2978  -23.380  -83.538  -23.652 0.5000000000
3573  -22.480  -83.635  -24.821 0.5000000000
2988  -23.047  -83.770  -24.149 0.5000000000
5126  -23.860  -80.766  -21.358 0.5000000000
3574  -23.216  -83.168  -24.777 0.4000000060
5144  -24.725  -80.840  -22.112 0.4000000060
1470  -19.862  -88.070  -19.816 0.5000000000
1471  -20.041  -87.897  -20.521 0.6000000238
1883  -20.589  -87.399  -21.964 0.6000000238
1078  -19.382  -87.927  -21.684 0.6000000238
1478  -18.703  -87.809  -21.609 0.4000000060
1884  -20.824  -86.870  -21.189 0.4000000060
1902  -21.023  -86.420  -23.015 0.4000000060
1891  -20.565  -87.099  -22.745 0.5000000000
1486  -20.144  -87.607  -22.406 0.6000000238
119821  -20.111  -87.292  -23.017 0.5000000000
1912  -19.909  -86.466  -23.750 0.4000000060
1085  -18.582  -87.890  -22.457 0.5000000000
1499  -19.031  -87.175  -23.818 0.5000000000
107946  -18.029  -88.102  -23.009 0.6000000238
1094  -16.157  -87.872  -24.046 0.6000000238
119268  -14.903  -87.833  -24.587 0.6000000238
115409  -14.653  -87.678  -25.092 0.6000000238
1506  -14.474  -87.206  -25.498 0.6000000238
1500  -13.419  -86.912  -25.353 0.6000000238
1931  -14.061  -86.752  -25.826 0.5000000000
1942  -12.477  -86.229  -26.602 0.5000000000
1941  -11.740  -86.289  -26.712 0.4000000060
2436  -11.243  -86.015  -27.228 0.5000000000
5116  -24.270  -80.252  -20.507 0.3000000119
2445  -9.228  -85.262  -27.874 0.4000000060
11713  -19.718  -71.401  -14.205 0.4000000060
11726  -19.990  -71.126  -14.970 0.4000000060
10966  -20.840  -72.462  -15.096 0.5000000000
18656  -19.429  -62.990  -4.877 0.5000000000
19511  -19.241  -62.100  -4.615 0.5000000000
20334  -19.653  -61.588  -5.200 0.5000000000
124504  -19.286  -61.271  -4.664 0.4000000060
21746  -18.433  -59.820  -4.301 0.4000000060
122627  -20.653  -59.837  -8.045 0.4000000060
119964  -18.156  -59.022  -4.283 0.4000000060
22387  -18.962  -58.922  -4.430 0.4000000060
21747  -19.357  -59.803  -4.660 0.4000000060
115593  -18.924  -58.089  -4.511 0.4000000060
21766  -20.933  -59.065  -6.477 0.4000000060
23040  -18.305  -57.458  -4.571 0.4000000060
23041  -19.326  -57.424  -4.764 0.4000000060
23058  -21.053  -57.448  -6.236 0.4000000060
23039  -17.094  -57.629  -4.583 0.4000000060
23761  -18.487  -56.626  -4.851 0.4000000060
23759  -15.955  -56.936  -5.439 0.4000000060
24589  -17.657  -56.033  -5.390 0.4000000060
24607  -13.803  -56.093  -9.050 0.3000000119
24598  -13.822  -56.941  -8.364 0.4000000060
25430  -14.926  -54.635  -6.624 0.3000000119
24618  -13.988  -55.558  -9.434 0.3000000119
25437  -14.038  -54.932  -8.750 0.3000000119
21116  -20.574  -60.478  -6.738 0.4000000060
21101  -20.405  -60.365  -5.785 0.4000000060
21100  -19.720  -60.646  -5.047 0.4000000060
111412  -20.064  -61.149  -5.620 0.4000000060
21756  -20.088  -59.688  -5.174 0.4000000060
22397  -20.228  -58.725  -5.277 0.4000000060
21767  -21.277  -58.480  -6.973 0.4000000060
22398  -20.723  -58.670  -5.849 0.4000000060
23051  -20.551  -57.863  -5.666 0.4000000060
22388  -19.563  -58.360  -4.763 0.4000000060
115730  -29.222  -84.235  -15.911 0.3000000119
2863  -29.495  -85.018  -16.338 0.3000000119
3449  -27.702  -84.106  -16.252 0.4000000060
115439  -27.151  -84.304  -16.651 0.3000000119
2880  -27.716  -85.126  -16.954 0.4000000060
3468  -25.384  -84.716  -17.215 0.3000000119
2878  -26.077  -84.829  -17.367 0.3000000119
2896  -26.486  -85.563  -17.936 0.4000000060
109143  -23.812  -83.154  -16.706 0.3000000119
3467  -24.845  -85.216  -17.385 0.3000000119
2895  -25.485  -85.593  -18.037 0.3000000119
3445  -24.064  -84.377  -16.842 0.3000000119
3466  -24.308  -85.783  -17.401 0.3000000119
126013  -24.400  -86.649  -17.888 0.3000000119
2877  -22.835  -85.580  -16.657 0.3000000119
2328  -22.935  -86.603  -17.082 0.3000000119
2339  -23.327  -87.188  -17.811 0.3000000119
2327  -21.922  -86.017  -16.458 0.3000000119
1837  -22.386  -87.080  -17.254 0.3000000119
1848  -21.775  -87.563  -17.567 0.3000000119
2874  -19.544  -84.774  -15.923 0.3000000119
123514  -21.086  -85.095  -16.202 0.3000000119
2326  -20.818  -85.809  -16.369 0.3000000119
1847  -20.816  -87.312  -17.345 0.3000000119
1432  -21.213  -87.860  -17.901 0.3000000119
2325  -19.977  -85.484  -16.329 0.4000000060
2330  -27.813  -85.460  -17.639 0.3000000119
4039  -26.073  -82.880  -16.335 0.4000000060
122742  -26.409  -85.454  -18.391 0.4000000060
3446  -24.680  -83.691  -16.797 0.3000000119
2341  -24.851  -86.053  -18.354 0.4000000060
108787  -22.670  -84.365  -16.551 0.3000000119
2340  -24.200  -86.784  -18.143 0.4000000060
1850  -23.307  -87.186  -18.102 0.4000000060
119143  -21.417  -83.552  -16.072 0.3000000119
1434  -21.916  -87.719  -18.150 0.4000000060
2862  -19.869  -84.137  -15.546 0.3000000119
124549  -20.371  -83.684  -15.525 0.4000000060
1445  -20.663  -87.974  -18.357 0.4000000060
1444  -19.941  -88.152  -18.759 0.3000000119
114273  -19.997  -83.274  -15.030 0.3000000119
2881  -28.592  -85.277  -16.983 0.3000000119
2343  -28.967  -85.229  -17.878 0.3000000119
2882  -29.944  -84.987  -16.546 0.3000000119
2358  -27.595  -85.455  -18.192 0.3000000119
114007  -27.931  -85.104  -18.483 0.3000000119
4558  -26.278  -81.995  -15.887 0.4000000060
2922  -26.050  -85.174  -18.907 0.3000000119
3486  -25.828  -84.887  -19.131 0.3000000119
4038  -25.104  -82.659  -16.593 0.4000000060
2921  -25.354  -85.486  -18.829 0.4000000060
2920  -24.655  -85.256  -18.837 0.3000000119
2356  -23.812  -86.782  -18.348 0.4000000060
2919  -23.590  -85.524  -18.639 0.4000000060
113296  -23.087  -83.522  -16.621 0.3000000119
4554  -22.482  -81.502  -16.257 0.3000000119
2355  -22.835  -87.012  -18.331 0.4000000060
2354  -21.770  -85.928  -18.894 0.4000000060
4034  -21.598  -82.707  -16.092 0.3000000119
119147  -21.136  -81.095  -15.271 0.3000000119
2363  -21.347  -86.861  -19.225 0.4000000060
108621  -21.204  -85.666  -19.714 0.5000000000
4024  -21.162  -81.978  -15.592 0.3000000119
1874  -20.700  -87.695  -19.246 0.4000000060
1877  -20.413  -87.595  -20.263 0.4000000060
4022  -19.233  -83.042  -14.376 0.3000000119
2924  -28.750  -85.002  -18.333 0.3000000119
2898  -29.496  -84.937  -17.605 0.3000000119
5075  -24.967  -81.087  -16.273 0.4000000060
3485  -24.511  -84.066  -18.807 0.4000000060
3483  -22.602  -84.007  -19.026 0.4000000060
4555  -23.441  -81.371  -16.436 0.4000000060
2918  -22.187  -84.953  -19.088 0.4000000060
2942  -21.568  -84.765  -19.666 0.5000000000
121778  -21.630  -85.015  -21.190 0.4000000060
4543  -22.236  -80.779  -15.753 0.3000000119
2374  -21.050  -85.749  -20.633 0.4000000060
5053  -20.903  -80.697  -14.614 0.3000000119
2383  -21.358  -85.881  -21.749 0.4000000060
2390  -21.503  -85.784  -22.601 0.4000000060
4541  -20.603  -81.511  -14.841 0.3000000119
4013  -19.934  -82.271  -14.318 0.3000000119
126158  -18.754  -82.447  -13.458 0.3000000119
3488  -27.361  -84.491  -18.662 0.3000000119
121756  -25.273  -84.913  -19.024 0.3000000119
3484  -23.608  -84.167  -18.768 0.3000000119
5074  -23.755  -80.578  -16.151 0.4000000060
4063  -22.475  -82.912  -19.459 0.5000000000
105416  -22.241  -83.005  -20.780 0.4000000060
5055  -22.552  -80.173  -15.326 0.4000000060
2384  -22.034  -85.159  -22.221 0.4000000060
5022  -20.872  -80.852  -13.088 0.3000000119
5041  -21.402  -80.164  -14.376 0.3000000119
4521  -20.369  -81.033  -13.440 0.3000000119
4520  -19.860  -81.568  -13.336 0.3000000119
3387  -18.519  -82.913  -12.470 0.3000000119
4507  -19.464  -81.923  -12.779 0.3000000119
106943  -25.332  -84.045  -18.945 0.3000000119
4576  -23.092  -82.556  -19.022 0.4000000060
3509  -21.970  -83.081  -19.994 0.4000000060
4509  -21.084  -81.393  -12.587 0.3000000119
3991  -21.592  -82.212  -12.296 0.3000000119
4508  -20.224  -81.475  -12.820 0.3000000119
3980  -20.959  -82.869  -11.949 0.3000000119
108513  -19.853  -82.050  -12.333 0.3000000119
3396  -22.147  -83.223  -12.324 0.3000000119
105379  -22.125  -84.277  -12.414 0.3000000119
2829  -21.218  -83.783  -12.107 0.3000000119
2828  -20.525  -84.305  -12.043 0.3000000119
3389  -20.263  -83.408  -11.714 0.3000000119
5097  -23.792  -81.155  -18.906 0.3000000119
4602  -23.051  -81.342  -19.923 0.4000000060
2840  -23.110  -84.854  -12.538 0.3000000119
111417  -22.062  -85.190  -12.504 0.3000000119
117214  -27.027  -81.467  -18.159 0.3000000119
107679  -25.959  -80.908  -18.381 0.3000000119
5106  -23.632  -80.843  -19.364 0.3000000119
5100  -26.655  -80.164  -18.145 0.3000000119
5099  -25.036  -80.477  -18.687 0.3000000119
5795  -24.750  -79.981  -19.125 0.3000000119
20329  -18.745  -61.415  -4.187 0.5000000000
24599  -15.473  -56.542  -7.431 0.5000000000
23769  -16.422  -56.346  -5.827 0.4000000060
21089  -18.996  -60.612  -4.431 0.4000000060
1092  -17.302  -88.117  -23.396 0.6000000238
1093  -18.910  -87.810  -22.870 0.5000000000
2395  -20.929  -86.048  -23.429 0.4000000060
3524  -22.273  -83.622  -21.410 0.4000000060
4609  -22.836  -81.688  -20.723 0.4000000060
5107  -24.159  -80.314  -19.587 0.3000000119
19529  -20.088  -62.772  -6.069 0.5000000000
20351  -20.327  -61.218  -6.314 0.4000000060
116109  -20.808  -59.729  -7.188 0.4000000060
3448  -26.446  -84.020  -16.693 0.3000000119
2876  -21.807  -84.541  -16.331 0.3000000119
3443  -20.770  -84.162  -15.887 0.3000000119
125196  -26.619  -82.640  -15.986 0.4000000060
1875  -21.411  -87.550  -18.639 0.4000000060
4556  -24.783  -81.811  -16.455 0.4000000060
4037  -24.166  -82.270  -16.599 0.3000000119
4035  -22.345  -82.514  -16.404 0.3000000119
4530  -20.209  -81.149  -14.026 0.3000000119
2958  -21.649  -83.934  -20.392 0.4000000060
4529  -19.683  -81.844  -13.650 0.3000000119
4589  -22.934  -81.996  -19.371 0.4000000060
5023  -21.575  -80.431  -13.325 0.3000000119
3388  -19.395  -83.120  -11.873 0.3000000119
4577  -23.612  -81.943  -18.821 0.3000000119
2839  -21.306  -84.655  -12.371 0.3000000119
122761  -13.103  -86.608  -25.772 0.5000000000
1492  -12.879  -86.892  -25.079 0.5000000000
1493  -13.788  -87.434  -24.838 0.5000000000
1899  -15.330  -87.568  -23.560 0.5000000000
1483  -17.221  -87.826  -22.651 0.4000000060
4649  -17.660  -81.532  -26.292 0.4000000060
1469  -19.518  -87.875  -20.404 0.5000000000
1458  -19.462  -87.918  -19.722 0.3000000119
1861  -18.987  -86.587  -18.452 0.3000000119
125551  -19.916  -88.210  -19.258 0.4000000060
2337  -19.584  -85.894  -16.982 0.3000000119
1846  -19.941  -86.949  -17.391 0.3000000119
5042  -22.198  -79.880  -14.471 0.3000000119
5749  -23.765  -79.720  -15.055 0.3000000119
5056  -23.371  -80.093  -15.519 0.3000000119
3425  -27.591  -83.226  -15.855 0.3000000119
5731  -23.901  -79.562  -14.369 0.3000000119
119223  -24.663  -79.779  -15.355 0.3000000119
5058  -25.010  -80.235  -15.776 0.3000000119
4545  -26.618  -81.128  -15.480 0.3000000119
4546  -27.597  -81.523  -15.363 0.3000000119
5061  -28.170  -80.779  -15.040 0.3000000119
5751  -25.165  -79.542  -15.073 0.3000000119
116528  -26.587  -80.078  -15.342 0.3000000119
5059  -25.876  -80.156  -15.548 0.3000000119
5060  -27.296  -80.441  -15.186 0.3000000119
4025  -27.082  -82.369  -15.687 0.3000000119
4027  -28.866  -83.087  -15.496 0.3000000119
5752  -26.104  -79.489  -15.007 0.3000000119
4547  -28.515  -81.859  -15.322 0.3000000119
5062  -29.057  -81.130  -15.034 0.3000000119
2435  -10.550  -85.904  -27.104 0.3000000119
1484  -18.060  -87.914  -22.386 0.5000000000
1482  -16.375  -87.810  -23.251 0.4000000060
1487  -14.065  -87.677  -24.318 0.5000000000
1873  -19.221  -87.392  -18.964 0.3000000119
22415  -21.640  -57.854  -7.515 0.3000000119
22409  -21.352  -57.826  -6.730 0.3000000119
23770  -18.612  -55.993  -5.175 0.3000000119
1929  -11.550  -86.537  -26.250 0.4000000060
1907  -12.294  -86.764  -24.485 0.4000000060
2935  -12.694  -84.415  -19.306 0.4000000060
2378  -12.341  -85.646  -21.442 0.4000000060
2389  -13.631  -85.864  -22.157 0.4000000060
1887  -14.053  -86.478  -22.809 0.4000000060
1878  -15.010  -86.715  -22.701 0.4000000060
1885  -12.298  -86.173  -22.872 0.4000000060
1897  -13.640  -86.934  -23.648 0.4000000060
1898  -14.465  -87.343  -23.602 0.4000000060
3436  -12.548  -83.600  -16.546 0.3000000119
2936  -13.584  -84.373  -19.306 0.4000000060
2369  -14.635  -85.369  -20.814 0.4000000060
1896  -12.738  -86.583  -23.649 0.4000000060
2951  -12.352  -84.997  -19.964 0.4000000060
2388  -12.771  -85.848  -22.173 0.4000000060
3477  -12.519  -83.475  -17.725 0.3000000119
2952  -13.218  -84.876  -20.042 0.4000000060
2368  -13.696  -85.315  -20.767 0.4000000060
1886  -13.183  -86.247  -22.875 0.4000000060
112356  -14.064  -85.595  -21.468 0.4000000060
108357  -15.205  -86.022  -21.822 0.4000000060
3437  -13.204  -83.551  -16.669 0.3000000119
3478  -13.350  -83.453  -17.731 0.3000000119
2953  -14.133  -84.882  -20.093 0.3000000119
2914  -13.920  -83.868  -18.489 0.3000000119
2381  -16.039  -85.787  -21.478 0.3000000119
2382  -17.185  -85.763  -21.474 0.3000000119
117626  -15.215  -85.621  -21.236 0.3000000119
1882  -18.102  -86.339  -21.291 0.3000000119
112793  -18.594  -87.402  -21.275 0.3000000119
1477  -17.964  -87.400  -21.933 0.3000000119
1879  -15.884  -86.470  -22.281 0.3000000119
1890  -17.201  -86.991  -22.272 0.3000000119
1888  -15.843  -87.103  -22.986 0.3000000119
123862  -22.569  -87.161  -10.439 0.3000000119
119489  -22.732  -85.590  -10.478 0.3000000119
3993  -23.712  -82.388  -12.472 0.3000000119
2816  -24.396  -84.695  -9.704 0.3000000119
2817  -25.672  -84.508  -9.476 0.3000000119
2823  -26.740  -84.835  -9.913 0.3000000119
2824  -27.295  -84.554  -10.522 0.3000000119
3391  -27.331  -84.244  -10.994 0.3000000119
3390  -26.796  -83.686  -11.475 0.3000000119
3995  -25.517  -83.070  -11.896 0.3000000119
3994  -24.581  -82.373  -12.172 0.3000000119
3380  -25.586  -83.776  -9.242 0.3000000119
3381  -26.585  -83.450  -9.616 0.3000000119
2818  -27.169  -84.066  -9.994 0.3000000119
3385  -27.488  -83.736  -10.436 0.3000000119
3392  -27.476  -83.340  -10.885 0.3000000119
2370  -15.592  -85.261  -20.792 0.3000000119
114932  -23.712  -86.050  -10.459 0.3000000119
117317  -26.949  -85.261  -10.532 0.3000000119
2281  -25.846  -85.469  -9.874 0.3000000119
119420  -24.490  -85.444  -10.189 0.3000000119
126616  -26.196  -82.841  -9.476 0.3000000119
1070  -19.205  -87.842  -21.184 0.5000000000
1071  -19.701  -87.912  -21.015 0.6000000238
1077  -18.846  -87.929  -21.890 0.5000000000
1084  -17.220  -88.142  -22.969 0.6000000238
1086  -19.210  -87.901  -22.269 0.5000000000
1087  -19.759  -87.937  -22.011 0.6000000238
1090  -15.595  -87.841  -23.936 0.6000000238
1091  -16.600  -88.017  -23.533 0.6000000238
1095  -16.961  -88.091  -23.946 0.6999999881
1431  -20.329  -87.825  -17.933 0.3000000119
1433  -21.855  -87.814  -17.956 0.4000000060
1459  -20.183  -88.142  -19.008 0.4000000060
1460  -21.022  -87.844  -18.487 0.4000000060
1479  -20.097  -87.835  -21.589 0.6000000238
1485  -19.622  -87.609  -22.788 0.6000000238
1488  -14.730  -87.871  -24.181 0.5000000000
1490  -18.614  -87.653  -23.497 0.6000000238
1491  -19.229  -87.462  -23.327 0.5000000000
1494  -14.365  -87.803  -24.692 0.6000000238
1495  -15.542  -87.771  -24.558 0.6000000238
1501  -14.125  -87.430  -25.164 0.6000000238
1503  -15.694  -87.523  -25.202 0.6999999881
1504  -16.832  -87.308  -25.035 0.5000000000
1505  -13.802  -86.862  -25.561 0.6000000238
1507  -14.905  -87.132  -25.742 0.6000000238
1780  -22.639  -86.383  -10.476 0.3000000119
1836  -21.352  -86.758  -16.825 0.3000000119
1849  -22.526  -87.532  -17.930 0.3000000119
1862  -19.583  -87.377  -18.131 0.3000000119
1863  -22.030  -87.239  -18.478 0.4000000060
1864  -22.608  -87.413  -18.112 0.4000000060
1876  -18.767  -87.242  -20.525 0.3000000119
1880  -16.727  -86.371  -22.017 0.3000000119
1881  -17.473  -86.474  -21.832 0.3000000119
1889  -16.520  -87.136  -22.623 0.3000000119
1892  -20.998  -86.647  -22.298 0.5000000000
1900  -19.690  -87.108  -23.470 0.5000000000
1901  -20.387  -86.709  -23.325 0.4000000060
1908  -13.286  -87.037  -24.406 0.5000000000
1910  -18.654  -86.854  -24.349 0.5000000000
1918  -12.405  -86.669  -25.737 0.5000000000
1919  -15.413  -87.110  -25.759 0.6000000238
1921  -17.197  -86.659  -25.350 0.6000000238
1930  -12.413  -86.454  -26.195 0.4000000060
1932  -14.598  -86.795  -26.015 0.6000000238
1934  -15.844  -86.487  -26.285 0.6000000238
1940  -11.042  -86.287  -26.714 0.5000000000
2282  -26.441  -85.833  -10.389 0.3000000119
2283  -26.675  -85.964  -10.901 0.3000000119
2329  -23.842  -86.563  -17.477 0.3000000119
2331  -28.581  -85.348  -17.548 0.3000000119
2332  -29.174  -85.208  -17.143 0.3000000119
2338  -20.370  -86.408  -16.773 0.3000000119
2342  -25.713  -85.472  -18.423 0.4000000060
2357  -27.042  -85.654  -18.054 0.3000000119
2362  -20.782  -86.672  -20.001 0.4000000060
2367  -12.805  -85.350  -20.722 0.4000000060
2379  -13.234  -85.585  -21.469 0.4000000060
2380  -14.441  -85.967  -22.066 0.4000000060
2396  -21.505  -85.602  -23.210 0.5000000000
2407  -20.543  -85.965  -23.716 0.4000000060
2416  -18.528  -85.563  -24.929 0.5000000000
2440  -15.232  -85.289  -27.234 0.6000000238
2448  -12.119  -85.581  -27.889 0.6000000238
2452  -11.133  -83.857  -30.216 0.5000000000
2875  -20.291  -84.968  -15.964 0.3000000119
2879  -26.881  -85.029  -17.252 0.3000000119
2894  -24.698  -86.341  -18.031 0.3000000119
2897  -27.186  -85.522  -17.645 0.3000000119
2913  -13.018  -83.806  -18.541 0.4000000060
2923  -26.920  -85.261  -18.568 0.3000000119
2925  -29.179  -84.980  -18.121 0.3000000119
2937  -14.548  -84.477  -19.313 0.3000000119
2971  -23.085  -83.745  -23.041 0.5000000000
2987  -21.620  -84.259  -24.719 0.5000000000
2989  -23.614  -83.320  -24.140 0.5000000000
3000  -16.678  -84.829  -26.862 0.6000000238
3008  -17.011  -84.204  -27.410 0.6000000238
3012  -9.998  -84.957  -28.350 0.4000000060
3019  -7.325  -83.686  -29.207 0.4000000060
3020  -7.859  -83.617  -29.446 0.4000000060
3022  -10.474  -84.352  -29.281 0.5000000000
3023  -11.314  -84.452  -29.440 0.5000000000
3024  -12.124  -84.339  -29.454 0.6000000238
3027  -14.998  -83.932  -28.929 0.6000000238
3028  -10.119  -83.208  -29.975 0.5000000000
3031  -11.264  -83.827  -30.170 0.5000000000
3382  -27.471  -83.218  -10.012 0.3000000119
3383  -27.719  -82.860  -10.382 0.3000000119
3424  -20.824  -83.100  -15.646 0.4000000060
3444  -22.134  -83.466  -16.368 0.3000000119
3447  -25.596  -83.787  -16.745 0.3000000119
3450  -28.526  -84.705  -16.405 0.3000000119
3459  -12.880  -83.336  -17.078 0.3000000119
3460  -13.653  -83.387  -17.081 0.3000000119
3487  -26.414  -84.773  -18.934 0.3000000119
3500  -21.886  -83.797  -19.632 0.5000000000
3516  -9.551  -82.634  -21.447 0.6999999881
3519  -12.911  -82.875  -21.829 0.5000000000
3525  -22.659  -83.047  -21.759 0.4000000060
3536  -10.945  -83.359  -22.351 0.6999999881
3546  -5.889  -82.918  -23.816 0.6000000238
3548  -7.129  -83.233  -23.576 0.6999999881
3551  -10.371  -83.490  -23.070 0.6999999881
3553  -12.563  -83.698  -23.739 0.6999999881
3554  -14.906  -83.397  -23.262 0.4000000060
3559  -23.922  -82.812  -24.558 0.4000000060
3561  -5.001  -83.153  -25.148 0.5000000000
3562  -5.522  -83.090  -24.541 0.6000000238
3584  -11.584  -83.690  -26.116 0.6999999881
3591  -20.772  -83.481  -25.689 0.5000000000
3592  -21.991  -83.431  -25.606 0.5000000000
3598  -5.042  -83.569  -27.331 0.5000000000
3607  -20.068  -82.767  -26.911 0.5000000000
3610  -22.056  -82.860  -26.314 0.5000000000
3618  -7.304  -82.883  -27.452 0.5000000000
3633  -8.019  -82.943  -29.969 0.4000000060
3641  -10.108  -83.054  -30.114 0.5000000000
3643  -10.505  -82.785  -30.402 0.5000000000
3644  -11.341  -83.149  -30.515 0.5000000000
3648  -15.194  -82.800  -29.928 0.6000000238
3649  -10.241  -83.162  -30.111 0.5000000000
3650  -10.592  -83.264  -30.287 0.5000000000
3969  -25.723  -82.207  -9.230 0.3000000119
3979  -20.025  -82.611  -11.810 0.3000000119
3989  -19.296  -82.419  -12.286 0.3000000119
3990  -20.591  -82.055  -12.233 0.3000000119
4005  -19.137  -82.115  -13.199 0.3000000119
4011  -18.376  -82.671  -13.871 0.3000000119
4012  -19.189  -82.389  -13.725 0.3000000119
4026  -27.962  -82.634  -15.556 0.3000000119
4036  -23.201  -82.334  -16.576 0.3000000119
4040  -26.965  -83.336  -16.180 0.4000000060
4055  -23.019  -83.259  -18.930 0.4000000060
4056  -23.673  -83.037  -18.721 0.4000000060
4062  -12.721  -81.448  -19.657 0.6000000238
4076  -22.467  -82.245  -20.158 0.4000000060
4078  -8.411  -81.959  -21.483 0.6999999881
4080  -10.095  -82.261  -21.023 0.6999999881
4091  -23.076  -82.525  -21.983 0.5000000000
4094  -6.354  -82.077  -22.664 0.6999999881
4096  -7.910  -82.207  -21.876 0.6999999881
4107  -4.251  -81.851  -23.741 0.5000000000
4113  -24.629  -82.529  -23.631 0.5000000000
4161  -6.778  -82.828  -28.466 0.5000000000
4172  -6.588  -83.255  -28.770 0.5000000000
4178  -12.650  -81.773  -28.047 0.5000000000
4182  -8.417  -82.785  -29.899 0.5000000000
4183  -9.375  -82.485  -29.829 0.5000000000
4187  -17.826  -82.381  -28.903 0.6000000238
4188  -18.213  -81.513  -29.247 0.5000000000
4189  -9.954  -82.425  -30.086 0.5000000000
4191  -11.216  -82.219  -30.594 0.5000000000
4192  -12.039  -81.973  -30.506 0.5000000000
4194  -14.278  -81.536  -30.524 0.5000000000
4195  -15.127  -81.847  -30.352 0.5000000000
4542  -21.720  -81.262  -15.749 0.3000000119
4544  -25.731  -81.072  -15.884 0.3000000119
4548  -29.444  -82.326  -15.181 0.3000000119
4553  -21.822  -81.944  -16.132 0.3000000119
4557  -25.481  -81.906  -16.240 0.4000000060
4571  -13.626  -80.821  -19.143 0.6000000238
4578  -24.331  -81.330  -18.700 0.3000000119
4590  -23.372  -81.406  -19.219 0.4000000060
4594  -11.635  -81.275  -19.903 0.6999999881
4596  -14.743  -81.600  -19.881 0.5000000000
4610  -24.169  -81.515  -22.325 0.5000000000
4673  -18.981  -81.251  -29.065 0.5000000000
4676  -10.916  -81.736  -30.319 0.5000000000
4677  -11.563  -81.363  -29.986 0.5000000000
4684  -12.352  -81.277  -30.205 0.5000000000
4685  -13.289  -80.950  -30.305 0.5000000000
4687  -15.488  -80.954  -30.331 0.6000000238
4689  -16.872  -80.366  -30.090 0.6000000238
5031  -20.908  -80.473  -13.807 0.3000000119
5032  -21.623  -80.021  -13.876 0.3000000119
5054  -21.641  -80.435  -15.168 0.3000000119
5057  -24.180  -79.991  -15.604 0.3000000119
5073  -22.918  -80.659  -16.045 0.4000000060
5085  -15.160  -80.083  -17.143 0.5000000000
5098  -24.204  -80.605  -18.931 0.3000000119
5111  -10.758  -81.102  -20.759 0.6999999881
5115  -23.609  -80.676  -20.243 0.3000000119
5117  -24.991  -79.959  -20.770 0.4000000060
5135  -6.687  -80.878  -22.839 0.6999999881
5136  -7.484  -80.898  -22.486 0.6999999881
5138  -9.563  -80.705  -22.262 0.6999999881
5140  -11.388  -80.479  -21.996 0.6999999881
5156  -8.481  -80.505  -23.333 0.6999999881
5160  -12.376  -80.104  -23.253 0.6999999881
5171  -7.223  -80.591  -24.183 0.4000000060
5206  -9.050  -80.269  -26.416 0.5000000000
5223  -15.907  -79.854  -28.677 0.5000000000
5235  -15.678  -79.780  -29.264 0.6000000238
5242  -13.756  -80.554  -30.089 0.5000000000
5243  -14.412  -80.287  -29.937 0.5000000000
5246  -17.450  -79.747  -29.680 0.6000000238
5247  -18.278  -79.814  -29.536 0.5000000000
5748  -23.129  -79.817  -14.798 0.3000000119
5750  -24.372  -79.567  -14.956 0.3000000119
5777  -14.445  -79.619  -17.149 0.5000000000
5796  -25.350  -79.721  -18.876 0.3000000119
5891  -18.147  -79.250  -28.730 0.5000000000
5905  -16.512  -79.570  -29.307 0.6000000238
5908  -18.408  -79.224  -29.025 0.5000000000
5909  -19.252  -79.456  -28.965 0.5000000000
5912  -17.235  -79.403  -29.347 0.6000000238
6471  -14.724  -78.718  -16.315 0.6000000238
6473  -15.942  -78.588  -16.507 0.6000000238
6480  -14.176  -79.015  -16.838 0.5000000000
6521  -12.468  -78.644  -22.036 0.6999999881
7149  -14.290  -76.998  -15.575 0.5000000000
7164  -16.113  -77.463  -16.165 0.6000000238
7169  -12.717  -77.656  -17.241 0.6000000238
7203  -11.924  -76.969  -22.097 0.6999999881
7244  -12.229  -78.033  -24.810 0.6000000238
7837  -14.657  -76.411  -15.409 0.5000000000
7839  -16.137  -76.220  -15.624 0.6000000238
7851  -13.683  -76.527  -15.935 0.5000000000
7853  -16.539  -76.798  -15.923 0.6000000238
7856  -19.193  -76.238  -16.802 0.6000000238
7861  -12.601  -76.782  -17.375 0.6000000238
7871  -12.438  -76.492  -18.224 0.6000000238
7874  -19.210  -76.165  -17.817 0.5000000000
7895  -11.835  -76.100  -20.763 0.6999999881
7896  -12.134  -76.795  -20.283 0.6999999881
7925  -11.443  -76.174  -22.598 0.6000000238
8548  -19.140  -75.038  -14.929 0.6000000238
8556  -15.805  -75.579  -15.527 0.5000000000
8559  -18.668  -75.620  -15.327 0.6000000238
8576  -13.794  -75.623  -16.192 0.5000000000
8578  -19.025  -76.111  -15.921 0.6000000238
8593  -13.084  -75.446  -17.696 0.6000000238
8651  -11.933  -75.470  -21.285 0.6000000238
8664  -11.721  -75.509  -22.187 0.6000000238
8696  -13.290  -75.180  -25.018 0.5000000000
9345  -18.648  -74.469  -14.552 0.6000000238
9381  -16.007  -73.883  -16.540 0.5000000000
9416  -14.385  -73.993  -18.704 0.6000000238
9431  -14.307  -73.982  -19.480 0.6000000238
9468  -12.322  -74.836  -23.231 0.6000000238
9469  -13.386  -74.377  -23.546 0.5000000000
10150  -17.086  -73.105  -14.367 0.6000000238
10151  -17.627  -73.657  -14.257 0.6000000238
10152  -18.964  -73.969  -14.059 0.6000000238
10153  -19.828  -73.727  -14.196 0.6000000238
10154  -20.524  -73.412  -14.530 0.6000000238
10175  -20.889  -73.771  -15.270 0.5000000000
10176  -21.126  -73.058  -15.530 0.6000000238
10193  -16.239  -73.125  -17.626 0.5000000000
10210  -15.886  -73.223  -17.898 0.5000000000
10871  -12.452  -72.148  -10.100 0.6000000238
10872  -13.011  -72.060  -10.058 0.6000000238
10884  -12.863  -72.226  -10.661 0.6000000238
10893  -12.011  -72.899  -12.037 0.5000000000
10895  -13.117  -72.015  -11.063 0.6000000238
10913  -18.701  -71.985  -13.017 0.6000000238
10929  -16.183  -72.068  -13.698 0.6000000238
10930  -16.933  -72.578  -13.547 0.6000000238
10932  -18.589  -72.634  -13.252 0.6000000238
10951  -16.283  -72.112  -14.849 0.6000000238
10953  -20.544  -72.700  -14.423 0.6000000238
10986  -16.070  -72.932  -17.671 0.5000000000
11005  -14.386  -72.654  -18.818 0.6000000238
11625  -13.215  -71.310  -8.973 0.6000000238
11638  -13.509  -71.613  -9.721 0.5000000000
11649  -13.770  -71.218  -10.446 0.5000000000
11661  -13.361  -71.581  -10.977 0.6000000238
11678  -16.866  -71.744  -12.675 0.6000000238
11679  -17.550  -71.560  -12.626 0.6000000238
11693  -11.318  -71.830  -13.978 0.6000000238
11697  -18.623  -71.334  -13.147 0.6000000238
11714  -20.353  -71.912  -14.642 0.5000000000
11762  -12.574  -70.033  -21.639 0.5000000000
12389  -14.887  -69.841  -6.937 0.6000000238
12396  -13.122  -70.283  -7.700 0.6999999881
12397  -13.922  -70.395  -7.599 0.6000000238
12398  -14.628  -70.148  -7.527 0.8000000119
12399  -14.985  -70.074  -8.043 0.8000000119
12407  -11.840  -70.378  -8.646 0.6000000238
12417  -10.637  -70.728  -9.471 0.6000000238
12429  -13.816  -70.485  -10.596 0.8000000119
12443  -11.355  -70.071  -12.173 0.6000000238
12454  -11.746  -71.155  -12.624 0.6999999881
12457  -16.776  -71.146  -12.542 0.5000000000
12459  -18.040  -71.062  -12.736 0.5000000000
12471  -13.647  -70.185  -14.144 0.6000000238
12475  -19.060  -70.962  -13.754 0.4000000060
12509  -9.928  -69.715  -16.381 0.6999999881
13117  -14.346  -69.180  -4.616 0.6000000238
13118  -15.008  -69.306  -4.900 0.6000000238
13142  -11.919  -69.247  -7.113 0.8000000119
13145  -14.621  -69.687  -6.299 0.6000000238
13154  -12.716  -69.727  -7.096 0.6999999881
13168  -15.322  -69.453  -8.357 0.8000000119
13193  -14.531  -69.836  -10.001 0.8000000119
13222  -14.754  -69.542  -12.774 0.5000000000
13224  -16.473  -69.733  -12.493 0.5000000000
13242  -13.940  -69.818  -13.465 0.5000000000
13266  -10.081  -68.993  -15.659 0.6000000238
13268  -12.804  -69.239  -16.029 0.6000000238
13279  -13.092  -68.687  -17.009 0.5000000000
13291  -11.030  -68.325  -18.777 0.6999999881
13294  -12.684  -68.583  -18.734 0.6000000238
13307  -11.984  -68.128  -20.256 0.6000000238
13965  -15.410  -68.352  -3.873 0.6000000238
13972  -12.413  -68.143  -4.594 0.6999999881
13973  -13.981  -68.836  -4.037 0.6000000238
13976  -16.469  -68.378  -4.637 0.6000000238
13993  -16.182  -68.789  -5.346 0.6000000238
14004  -10.482  -68.275  -6.402 0.6000000238
14005  -11.528  -68.756  -6.177 0.8000000119
14028  -9.994  -68.877  -8.163 0.6000000238
14029  -15.636  -68.383  -8.478 0.6999999881
14075  -10.137  -67.814  -11.928 0.6999999881
14094  -13.520  -68.305  -13.255 0.5000000000
14134  -10.189  -68.559  -15.087 0.6000000238
14161  -10.814  -68.694  -17.071 0.6999999881
14168  -11.627  -68.404  -17.727 0.6999999881
14169  -12.092  -68.339  -17.544 0.6000000238
14174  -11.674  -68.139  -18.580 0.6999999881
14850  -14.155  -67.382  -3.552 0.6000000238
14860  -17.401  -67.373  -4.511 0.5000000000
14870  -10.479  -67.563  -5.742 0.6000000238
14884  -17.611  -67.117  -5.891 0.5000000000
14910  -14.031  -66.923  -9.761 0.6000000238
14911  -14.673  -67.017  -9.360 0.6999999881
14933  -13.219  -66.844  -10.174 0.6000000238
14952  -11.418  -67.573  -11.129 0.6999999881
14967  -10.202  -67.195  -12.369 0.6999999881
15797  -13.160  -66.503  -3.548 0.5000000000
15802  -17.261  -66.933  -3.824 0.5000000000
15820  -17.869  -66.966  -5.142 0.6000000238
15831  -16.992  -67.014  -6.732 0.6000000238
15839  -16.893  -65.954  -7.173 0.5000000000
15848  -15.780  -66.643  -8.081 0.6000000238
15893  -12.767  -66.178  -10.120 0.6999999881
15909  -11.561  -65.547  -11.285 0.6999999881
15922  -10.979  -66.068  -12.746 0.8000000119
16756  -13.752  -65.173  -2.667 0.6000000238
16763  -15.470  -65.280  -3.255 0.6000000238
16765  -17.268  -65.165  -3.677 0.5000000000
16766  -18.058  -64.924  -3.914 0.6000000238
16773  -11.095  -65.651  -4.982 0.6000000238
16776  -17.926  -65.693  -3.915 0.5000000000
16782  -11.120  -65.815  -5.208 0.6000000238
16783  -18.702  -65.454  -4.998 0.5000000000
16897  -11.883  -64.211  -14.368 0.6000000238
17684  -9.049  -63.988  -1.820 0.6000000238
17685  -9.870  -64.261  -1.834 0.6000000238
17686  -10.703  -64.258  -1.714 0.6999999881
17709  -10.525  -65.138  -3.931 0.6000000238
17712  -16.490  -64.548  -3.538 0.6000000238
17816  -12.041  -64.244  -12.079 0.5000000000
18655  -19.064  -62.796  -4.341 0.5000000000
19499  -14.868  -61.955  -3.373 0.6000000238
19521  -19.700  -62.447  -5.357 0.5000000000
20310  -12.301  -60.949  -2.478 0.6000000238
20311  -12.747  -61.595  -2.548 0.8000000119
20322  -18.002  -61.564  -3.745 0.6000000238
20335  -20.050  -61.897  -5.872 0.4000000060
21079  -17.427  -60.919  -3.778 0.5000000000
21085  -15.369  -60.103  -4.133 0.4000000060
21742  -14.757  -59.725  -3.952 0.4000000060
21757  -20.598  -59.407  -5.758 0.4000000060
21775  -21.434  -58.715  -7.746 0.4000000060
22329  -11.029  -58.091  1.173 0.5000000000
22368  -12.170  -58.626  -2.592 0.6000000238
22372  -11.981  -57.843  -3.001 0.5000000000
22374  -12.703  -58.290  -3.684 0.4000000060
22383  -14.330  -58.879  -3.916 0.4000000060
22408  -21.009  -58.235  -6.293 0.3000000119
22991  -12.213  -57.083  0.167 0.5000000000
23034  -11.393  -56.502  -4.046 0.5000000000
23049  -13.768  -57.294  -6.951 0.5000000000
23714  -12.504  -56.198  -0.956 0.4000000060
23744  -11.523  -55.866  -3.205 0.4000000060
23750  -10.999  -55.961  -4.056 0.6000000238
23757  -13.507  -56.751  -6.591 0.5000000000
23758  -14.513  -57.570  -6.576 0.5000000000
23760  -17.330  -56.673  -4.963 0.4000000060
24587  -12.256  -55.766  -4.846 0.4000000060
24600  -18.143  -55.556  -5.768 0.3000000119
24608  -14.403  -56.108  -9.194 0.3000000119
24619  -14.511  -55.751  -9.372 0.3000000119
25402  -11.504  -54.681  -2.888 0.4000000060
25410  -11.297  -54.886  -3.968 0.4000000060
28121  -13.119  -51.361  -3.719 0.5000000000
29002  -13.116  -50.256  -3.497 0.5000000000
29012  -13.208  -50.680  -3.665 0.4000000060
104926  -10.450  -83.470  -30.003 0.5000000000
105178  -10.635  -83.875  -29.843 0.5000000000
105228  -20.734  -59.824  -6.325 0.4000000060
105339  -13.156  -79.065  -20.176 0.6000000238
105545  -23.537  -85.070  -16.778 0.3000000119
106229  -10.025  -70.939  -15.373 0.5000000000
106249  -21.376  -84.952  -20.286 0.4000000060
106713  -19.069  -87.821  -20.766 0.3000000119
107038  -24.595  -86.185  -18.467 0.4000000060
107204  -14.377  -70.750  -16.842 0.6000000238
107287  -9.668  -82.149  -29.718 0.5000000000
107667  -12.735  -80.992  -19.486 0.6000000238
108124  -12.385  -77.041  -18.876 0.6000000238
108393  -13.002  -83.409  -22.889 0.6000000238
108923  -13.137  -82.313  -20.951 0.6000000238
109255  -18.712  -64.807  -4.447 0.5000000000
109358  -13.204  -68.506  -4.316 0.6000000238
109521  -8.202  -83.535  -24.552 0.6999999881
109840  -19.691  -59.102  -4.813 0.4000000060
110217  -20.016  -57.898  -5.065 0.4000000060
110230  -18.209  -82.918  -27.394 0.5000000000
110362  -16.799  -59.835  -4.218 0.5000000000
110382  -11.033  -81.650  -29.023 0.5000000000
110391  -16.689  -77.752  -18.014 0.5000000000
111467  -7.936  -80.628  -24.997 0.5000000000
112792  -11.094  -81.478  -20.401 0.6999999881
112804  -20.371  -87.591  -21.140 0.6000000238
113144  -9.957  -83.535  -23.867 0.6999999881
113253  -16.776  -83.312  -28.769 0.6000000238
113922  -12.262  -83.825  -24.420 0.6000000238
113959  -16.070  -63.911  -3.451 0.5000000000
114057  -12.221  -68.644  -4.988 0.8000000119
114539  -15.855  -66.060  -3.269 0.6000000238
115023  -17.171  -81.346  -26.876 0.5000000000
115095  -15.117  -80.070  -29.687 0.5000000000
115353  -15.574  -69.141  -5.308 0.6000000238
115473  -15.082  -87.745  -25.029 0.6000000238
115495  -10.881  -82.712  -30.579 0.5000000000
115533  -13.291  -86.477  -26.069 0.5000000000
115623  -10.916  -83.643  -26.231 0.6999999881
115807  -18.780  -82.374  -12.815 0.3000000119
116447  -16.495  -67.220  -3.634 0.6000000238
117137  -23.614  -83.271  -23.289 0.5000000000
117187  -22.748  -86.073  -18.558 0.4000000060
117293  -5.704  -82.971  -27.214 0.5000000000
117407  -18.203  -58.302  -4.387 0.4000000060
117416  -13.526  -85.853  -27.055 0.6000000238
118473  -26.464  -84.170  -9.607 0.3000000119
119474  -24.256  -81.241  -16.418 0.4000000060
119920  -28.322  -85.378  -18.090 0.3000000119
119998  -22.208  -84.367  -21.726 0.4000000060
120670  -4.387  -82.355  -23.901 0.5000000000
120897  -30.123  -84.492  -17.256 0.3000000119
120957  -14.705  -85.698  -21.450 0.4000000060
121140  -12.121  -80.314  -22.742 0.6999999881
121191  -21.397  -87.838  -18.115 0.4000000060
121196  -9.526  -83.394  -26.258 0.6999999881
121650  -12.277  -76.732  -19.562 0.6999999881
122332  -13.271  -74.955  -18.461 0.6000000238
122554  -13.596  -72.788  -21.027 0.6000000238
122638  -12.046  -67.893  -18.969 0.6000000238
122720  -10.722  -82.617  -20.958 0.6999999881
122851  -9.757  -82.892  -27.605 0.6000000238
122859  -21.086  -59.075  -7.238 0.4000000060
122979  -10.968  -65.510  -4.367 0.6000000238
122981  -12.494  -52.436  -3.274 0.5000000000
123122  -13.151  -86.187  -26.559 0.5000000000
123266  -15.281  -70.259  -12.645 0.5000000000
123556  -14.209  -70.216  -10.290 0.8000000119
123842  -19.239  -79.647  -29.152 0.5000000000
124260  -16.780  -70.420  -12.475 0.5000000000
124883  -12.205  -81.545  -28.573 0.6000000238
125143  -11.809  -83.809  -25.480 0.6999999881
125212  -14.588  -72.214  -18.315 0.6000000238
125310  -26.560  -85.369  -10.100 0.3000000119
125338  -19.179  -63.395  -4.503 0.5000000000
125359  -16.908  -60.440  -3.957 0.5000000000
125437  -18.543  -65.765  -5.597 0.5000000000
125665  -14.976  -71.439  -16.685 0.5000000000
125800  -19.127  -85.594  -24.493 0.5000000000
125811  -20.123  -85.823  -24.009 0.5000000000
125818  -17.041  -81.187  -30.147 0.6000000238
126070  -12.301  -78.915  -24.384 0.6000000238
126225  -14.752  -85.167  -27.451 0.6000000238
126487  -12.139  -57.527  -2.028 0.4000000060
126650  -16.103  -54.196  -6.255 0.3000000119
126858  -7.992  -83.166  -26.806 0.5000000000
126910  -13.213  -64.847  -2.413 0.6999999881
126948  -24.440  -80.581  -16.124 0.3000000119
127017  -20.121  -87.995  -19.670 0.5000000000
127216  -13.648  -81.324  -30.486 0.5000000000
127483  -14.209  -76.479  -15.569 0.5000000000
