#!ascii label  , from subject freesurfer vox2ras=TkReg
1291
3608  -20.807  -82.917  -26.532 0.5000000000
4150  -19.917  -82.356  -27.706 0.6000000238
5810  -25.356  -79.501  -19.364 0.3000000119
110230  -18.209  -82.918  -27.394 0.5000000000
5145  -25.628  -80.959  -22.546 0.4000000060
5128  -25.354  -80.426  -21.682 0.4000000060
118778  -26.099  -79.430  -20.550 0.4000000060
5821  -25.448  -79.492  -20.184 0.3000000119
5129  -26.262  -80.504  -22.037 0.4000000060
5240  -21.392  -80.164  -28.396 0.5000000000
4664  -21.320  -81.123  -28.052 0.5000000000
4151  -20.635  -82.393  -27.296 0.5000000000
5911  -21.241  -79.671  -28.305 0.6000000238
4675  -20.906  -80.678  -28.386 0.5000000000
4168  -20.262  -82.026  -27.824 0.6000000238
108559  -25.847  -79.841  -18.543 0.3000000119
4180  -19.371  -81.848  -28.487 0.5000000000
4625  -25.823  -81.925  -24.099 0.5000000000
4104  -25.247  -82.062  -23.507 0.5000000000
107547  -25.917  -79.287  -18.934 0.3000000119
4674  -19.647  -80.961  -28.818 0.6000000238
3625  -19.067  -82.389  -28.050 0.5000000000
4618  -26.748  -81.096  -23.378 0.5000000000
4617  -25.980  -81.511  -23.330 0.4000000060
5837  -26.534  -79.791  -21.292 0.4000000060
6507  -27.155  -78.927  -19.784 0.3000000119
5811  -26.139  -79.130  -19.714 0.3000000119
4627  -27.240  -81.026  -23.957 0.4000000060
107395  -26.931  -80.724  -22.680 0.4000000060
5130  -26.985  -80.290  -21.978 0.4000000060
4619  -27.410  -80.759  -23.189 0.4000000060
6597  -24.523  -78.584  -26.139 0.6999999881
6614  -23.616  -78.433  -27.216 0.6999999881
5897  -23.662  -78.863  -27.692 0.6999999881
4152  -21.441  -82.497  -26.867 0.5000000000
6579  -23.050  -78.509  -24.728 0.6999999881
6595  -22.571  -78.487  -25.727 0.6999999881
5877  -22.536  -78.603  -27.534 0.8000000119
5896  -22.811  -78.943  -27.854 0.5000000000
5895  -21.808  -79.115  -27.873 0.6999999881
4137  -22.633  -82.545  -26.249 0.5000000000
6612  -22.138  -78.464  -26.415 0.6999999881
4138  -24.511  -82.309  -25.131 0.4000000060
4126  -25.267  -82.217  -24.540 0.5000000000
5780  -27.326  -79.524  -18.043 0.3000000119
123695  -20.294  -79.348  -28.150 0.6000000238
4640  -25.380  -81.850  -25.306 0.5000000000
6482  -28.018  -79.013  -17.988 0.3000000119
5910  -20.355  -79.655  -28.553 0.5000000000
4631  -26.399  -81.587  -24.701 0.5000000000
109501  -27.896  -80.168  -25.675 0.4000000060
4632  -27.065  -81.183  -24.698 0.4000000060
5131  -27.680  -80.373  -22.311 0.4000000060
5823  -27.735  -79.313  -20.637 0.4000000060
109856  -28.368  -80.375  -24.491 0.3000000119
5162  -27.879  -80.603  -23.839 0.4000000060
7915  -23.366  -76.647  -21.237 0.5000000000
6529  -23.954  -77.546  -21.615 0.6000000238
6530  -24.575  -77.706  -22.032 0.6000000238
6563  -24.600  -78.512  -23.299 0.6000000238
6580  -24.300  -78.769  -24.527 0.6000000238
124134  -21.482  -75.751  -22.088 0.5000000000
8654  -21.903  -76.083  -21.336 0.5000000000
7209  -22.413  -77.451  -21.003 0.6000000238
6547  -24.015  -78.135  -22.295 0.6000000238
6562  -23.491  -78.426  -23.414 0.6999999881
4666  -23.352  -80.465  -27.243 0.6000000238
122605  -29.673  -82.585  -17.811 0.3000000119
7928  -20.072  -76.698  -22.168 0.6999999881
7913  -21.516  -77.050  -20.879 0.6000000238
7208  -21.371  -77.863  -20.887 0.6000000238
6528  -23.123  -77.808  -21.562 0.6000000238
6546  -22.823  -78.260  -22.393 0.6999999881
6578  -22.138  -78.520  -24.568 0.6999999881
4667  -24.401  -80.070  -27.374 0.6000000238
4154  -23.274  -82.083  -26.351 0.5000000000
7927  -19.092  -77.180  -23.077 0.6999999881
7912  -20.518  -77.236  -21.250 0.6000000238
122873  -20.845  -77.701  -20.895 0.6000000238
109859  -22.054  -78.194  -21.401 0.6000000238
6560  -21.972  -78.670  -23.592 0.6999999881
5865  -21.659  -78.901  -25.458 0.6999999881
4639  -24.774  -81.632  -26.023 0.5000000000
121421  -27.480  -80.434  -17.814 0.3000000119
7235  -18.186  -77.452  -23.816 0.6999999881
7221  -19.554  -77.583  -21.906 0.6000000238
7207  -20.105  -77.967  -21.156 0.6999999881
6545  -21.513  -78.810  -21.786 0.6000000238
5850  -21.640  -79.392  -23.427 0.6000000238
5875  -20.584  -79.270  -27.541 0.6999999881
5212  -25.017  -80.683  -26.920 0.5000000000
4655  -26.268  -80.692  -26.188 0.5000000000
6526  -20.330  -79.061  -21.409 0.6000000238
5143  -21.316  -80.372  -22.773 0.6000000238
113469  -21.129  -80.469  -24.931 0.6000000238
105412  -20.194  -79.691  -26.762 0.6000000238
5227  -19.587  -79.388  -27.749 0.6000000238
5214  -26.311  -79.795  -26.769 0.5000000000
5798  -27.423  -78.967  -18.562 0.3000000119
7206  -19.063  -78.467  -21.896 0.6999999881
105899  -19.319  -79.550  -21.610 0.6000000238
5835  -20.954  -79.335  -21.735 0.6000000238
5177  -21.187  -80.906  -24.189 0.5000000000
5176  -20.744  -81.115  -24.713 0.5000000000
109932  -19.039  -79.644  -27.456 0.5000000000
5892  -18.921  -79.309  -28.604 0.5000000000
5195  -26.924  -80.256  -26.196 0.5000000000
5851  -29.921  -79.381  -24.388 0.3000000119
5164  -29.468  -79.858  -23.732 0.3000000119
5163  -28.628  -80.285  -23.783 0.3000000119
5843  -29.091  -79.916  -22.137 0.4000000060
107428  -28.341  -79.879  -21.565 0.4000000060
5226  -18.726  -79.400  -28.006 0.5000000000
5857  -28.905  -79.355  -25.669 0.3000000119
5180  -29.121  -79.961  -24.707 0.3000000119
5147  -28.143  -80.465  -23.035 0.4000000060
8684  -21.467  -75.355  -23.277 0.5000000000
8668  -22.177  -75.547  -22.189 0.5000000000
8669  -23.087  -75.557  -22.485 0.5000000000
8656  -23.723  -75.947  -21.805 0.5000000000
122630  -19.629  -75.316  -25.117 0.5000000000
8683  -20.332  -75.515  -24.029 0.5000000000
8666  -20.673  -75.885  -22.651 0.5000000000
8655  -22.771  -75.980  -21.534 0.5000000000
7916  -24.253  -76.539  -21.549 0.5000000000
6564  -25.490  -78.431  -23.386 0.6000000238
120459  -25.108  -78.730  -24.106 0.6000000238
8682  -19.146  -75.993  -24.486 0.5000000000
106539  -25.278  -78.826  -25.222 0.6000000238
6615  -24.751  -78.787  -26.924 0.8000000119
4050  -32.168  -83.300  -17.147 0.3000000119
7951  -18.071  -76.427  -24.816 0.6000000238
7940  -18.623  -76.786  -24.047 0.6000000238
6598  -26.200  -78.708  -25.896 0.4000000060
124286  -31.799  -82.659  -17.412 0.3000000119
7939  -18.020  -77.172  -24.252 0.6999999881
118773  -25.467  -79.133  -26.768 0.5000000000
5898  -24.482  -79.339  -27.403 0.6000000238
119708  -29.772  -80.773  -17.327 0.3000000119
5088  -28.650  -80.916  -17.557 0.3000000119
7233  -17.684  -77.384  -23.604 0.6999999881
6616  -26.289  -78.981  -26.474 0.4000000060
109049  -28.982  -79.814  -17.359 0.3000000119
7234  -17.932  -77.520  -23.774 0.6000000238
7220  -18.318  -77.959  -22.961 0.6999999881
5880  -26.148  -79.340  -26.668 0.4000000060
6495  -27.703  -78.748  -19.158 0.3000000119
7219  -17.510  -77.911  -22.929 0.6000000238
6544  -17.800  -78.725  -22.396 0.6999999881
5834  -20.135  -80.056  -21.894 0.6000000238
4615  -20.966  -81.648  -22.762 0.5000000000
4623  -20.719  -81.978  -23.459 0.5000000000
4651  -19.291  -80.258  -26.727 0.6000000238
5882  -27.908  -78.676  -26.367 0.4000000060
5881  -27.600  -79.090  -26.496 0.4000000060
6603  -30.681  -77.214  -25.681 0.3000000119
5859  -30.159  -78.615  -25.038 0.3000000119
6567  -31.671  -78.151  -24.336 0.3000000119
105375  -30.391  -79.335  -23.582 0.3000000119
5844  -29.733  -79.635  -22.861 0.4000000060
6508  -28.139  -78.873  -19.936 0.3000000119
5833  -19.572  -80.135  -21.595 0.6000000238
4101  -20.364  -82.412  -22.624 0.5000000000
4111  -20.151  -82.468  -23.567 0.5000000000
4124  -20.304  -81.892  -24.302 0.5000000000
4650  -18.445  -80.978  -26.374 0.5000000000
5208  -17.762  -80.725  -26.989 0.6000000238
5225  -17.943  -79.899  -27.995 0.5000000000
5866  -28.565  -78.619  -26.155 0.3000000119
5867  -29.424  -78.439  -25.781 0.3000000119
4608  -20.583  -81.680  -22.006 0.5000000000
4123  -19.438  -82.493  -24.161 0.5000000000
4636  -18.250  -81.722  -25.628 0.5000000000
4134  -17.442  -82.090  -25.629 0.5000000000
8717  -20.036  -74.584  -25.607 0.5000000000
8701  -21.158  -75.113  -24.890 0.5000000000
8685  -22.459  -75.248  -23.453 0.5000000000
8686  -23.419  -75.289  -23.842 0.5000000000
8670  -24.062  -75.595  -22.767 0.5000000000
8657  -24.627  -75.933  -22.130 0.5000000000
8715  -18.314  -74.629  -25.704 0.5000000000
7929  -25.848  -76.689  -22.377 0.4000000060
8700  -18.679  -75.608  -25.207 0.5000000000
7223  -26.171  -77.358  -22.663 0.4000000060
3452  -32.407  -84.042  -16.256 0.3000000119
4041  -32.956  -83.007  -16.819 0.3000000119
8698  -17.715  -75.742  -25.094 0.6000000238
6565  -26.385  -78.312  -23.680 0.4000000060
6581  -25.890  -78.664  -24.451 0.4000000060
9471  -17.409  -75.190  -24.650 0.6000000238
7950  -17.766  -76.514  -24.500 0.6000000238
4567  -31.728  -81.912  -17.324 0.3000000119
4566  -30.831  -81.392  -17.294 0.3000000119
8665  -17.328  -76.537  -23.291 0.6000000238
6599  -27.114  -78.645  -26.218 0.4000000060
7911  -17.162  -76.998  -22.332 0.6000000238
6583  -27.756  -78.231  -25.640 0.4000000060
6600  -27.839  -78.455  -26.252 0.4000000060
122781  -28.567  -79.148  -17.619 0.3000000119
7926  -17.287  -77.302  -23.088 0.6999999881
6601  -28.350  -78.230  -26.079 0.3000000119
6602  -29.825  -77.440  -25.713 0.3000000119
9488  -22.092  -74.715  -25.674 0.5000000000
9472  -21.953  -75.221  -24.740 0.5000000000
9474  -23.809  -74.900  -25.479 0.5000000000
8687  -24.532  -75.346  -24.318 0.4000000060
8716  -18.970  -74.754  -25.700 0.5000000000
8688  -25.583  -75.399  -24.051 0.4000000060
8671  -25.612  -75.827  -22.648 0.4000000060
10308  -19.052  -73.695  -26.130 0.6000000238
7931  -27.240  -76.539  -23.233 0.4000000060
7224  -26.828  -77.149  -23.039 0.4000000060
4559  -32.472  -81.503  -16.937 0.3000000119
4560  -33.279  -82.198  -16.967 0.3000000119
106754  -17.335  -75.532  -23.651 0.6000000238
6566  -27.365  -78.078  -24.059 0.4000000060
6582  -26.838  -78.498  -24.920 0.4000000060
7246  -28.329  -77.594  -24.689 0.4000000060
7247  -29.241  -77.277  -25.498 0.4000000060
7255  -29.117  -77.653  -25.960 0.3000000119
7248  -30.206  -76.810  -25.604 0.3000000119
114311  -16.804  -77.560  -21.842 0.6000000238
9506  -21.638  -74.270  -25.751 0.5000000000
9489  -23.319  -74.361  -26.258 0.5000000000
9490  -24.315  -74.272  -26.847 0.4000000060
9475  -24.669  -74.820  -25.872 0.4000000060
10309  -19.901  -73.713  -25.859 0.5000000000
10310  -21.070  -73.833  -25.511 0.5000000000
8703  -26.052  -74.722  -25.741 0.4000000060
9502  -18.126  -74.254  -25.803 0.6000000238
10295  -18.543  -73.443  -25.736 0.6000000238
10296  -19.443  -73.389  -25.714 0.6000000238
8689  -26.649  -75.333  -23.878 0.4000000060
120304  -17.439  -74.220  -24.839 0.6000000238
10279  -17.828  -72.980  -24.765 0.6000000238
8673  -27.567  -75.676  -23.618 0.4000000060
7942  -28.327  -76.226  -23.693 0.4000000060
114060  -17.273  -74.384  -23.937 0.6000000238
7236  -27.680  -77.180  -23.509 0.4000000060
7943  -29.139  -76.077  -24.110 0.4000000060
7237  -28.822  -76.716  -23.950 0.4000000060
7944  -29.844  -75.204  -24.746 0.4000000060
5076  -30.785  -80.243  -16.810 0.3000000119
5077  -31.855  -80.456  -16.557 0.3000000119
9450  -17.409  -74.746  -22.858 0.6000000238
7953  -30.739  -75.771  -25.545 0.4000000060
5766  -30.038  -78.842  -17.201 0.3000000119
5783  -29.852  -79.563  -17.075 0.3000000119
8652  -17.373  -75.852  -22.623 0.6000000238
8642  -17.565  -76.050  -21.666 0.6000000238
9441  -18.648  -74.758  -21.207 0.6999999881
10258  -18.806  -73.229  -20.922 0.6999999881
8643  -18.284  -75.450  -21.188 0.6000000238
9452  -18.802  -73.958  -21.157 0.6999999881
10246  -19.608  -73.742  -20.624 0.6999999881
8626  -19.037  -75.374  -20.563 0.6000000238
11015  -18.655  -72.480  -20.666 0.6999999881
11766  -18.351  -71.674  -20.469 0.6000000238
9442  -19.467  -74.514  -20.648 0.6999999881
11006  -19.480  -72.170  -20.204 0.6999999881
10312  -22.882  -74.062  -26.166 0.5000000000
10313  -24.047  -73.921  -26.742 0.5000000000
10297  -20.563  -73.440  -25.365 0.5000000000
10298  -21.690  -73.396  -25.314 0.5000000000
10311  -22.078  -73.857  -25.731 0.5000000000
10301  -24.886  -73.747  -26.764 0.5000000000
9491  -25.296  -74.296  -26.636 0.4000000060
8702  -25.300  -75.060  -25.518 0.4000000060
11056  -18.802  -72.998  -24.736 0.6000000238
11057  -20.027  -73.033  -24.573 0.6000000238
11058  -21.178  -72.955  -24.672 0.6000000238
11059  -22.196  -72.824  -25.010 0.6000000238
8704  -26.771  -74.287  -25.646 0.4000000060
10278  -17.308  -73.253  -24.363 0.6000000238
11049  -19.356  -72.448  -23.837 0.6000000238
11050  -20.603  -72.509  -23.753 0.6000000238
123679  -27.512  -74.603  -24.788 0.4000000060
10266  -17.200  -73.486  -23.187 0.6000000238
116290  -16.932  -72.473  -23.766 0.6000000238
127233  -17.098  -71.830  -24.066 0.6000000238
11786  -18.657  -71.621  -23.463 0.6000000238
11787  -20.027  -71.860  -23.226 0.6000000238
8691  -29.050  -75.208  -24.401 0.4000000060
9478  -29.586  -73.836  -24.455 0.4000000060
10256  -16.884  -72.414  -22.879 0.6000000238
11036  -16.890  -71.807  -23.580 0.6000000238
11780  -17.959  -70.900  -23.034 0.6000000238
12563  -18.519  -70.243  -22.631 0.6000000238
12564  -19.936  -70.417  -22.475 0.6000000238
8706  -29.361  -74.205  -24.737 0.4000000060
9479  -30.442  -74.556  -24.541 0.4000000060
11023  -16.734  -71.691  -22.630 0.5000000000
11779  -16.853  -71.069  -22.880 0.6000000238
12562  -17.042  -70.205  -22.585 0.6000000238
12556  -19.152  -69.678  -22.186 0.6000000238
12557  -20.545  -69.972  -21.870 0.6999999881
8653  -17.784  -75.142  -21.882 0.6999999881
10257  -17.742  -73.247  -21.839 0.6000000238
11772  -16.493  -71.167  -22.083 0.6000000238
12561  -16.398  -70.393  -22.301 0.6000000238
13338  -19.844  -69.247  -21.577 0.6000000238
14201  -20.501  -68.789  -20.980 0.6000000238
14202  -21.780  -68.874  -20.994 0.6000000238
13337  -16.702  -68.920  -21.791 0.6000000238
14200  -19.099  -68.518  -21.202 0.6000000238
14188  -21.052  -68.202  -20.402 0.6000000238
11014  -17.523  -71.990  -20.987 0.6000000238
11764  -16.311  -70.338  -21.698 0.6000000238
14199  -17.608  -68.475  -21.200 0.5000000000
14187  -19.768  -67.985  -20.529 0.6000000238
124735  -21.328  -67.540  -19.808 0.6000000238
13336  -16.237  -69.071  -21.606 0.5000000000
10247  -20.158  -73.468  -20.221 0.6999999881
11758  -19.206  -71.307  -19.902 0.6999999881
11757  -17.917  -70.683  -20.361 0.5000000000
13323  -16.442  -69.033  -20.974 0.6000000238
14185  -17.425  -67.897  -20.541 0.5000000000
14186  -18.401  -67.756  -20.665 0.5000000000
13309  -17.132  -68.278  -20.318 0.6000000238
14991  -16.091  -66.703  -13.937 0.6000000238
123457  -16.478  -67.386  -13.845 0.6000000238
14118  -16.673  -68.298  -13.381 0.6000000238
118474  -23.463  -73.553  -26.194 0.5000000000
11060  -23.115  -72.849  -25.479 0.5000000000
10300  -23.902  -73.361  -26.227 0.5000000000
9509  -25.832  -74.089  -26.431 0.5000000000
9492  -25.911  -74.157  -26.407 0.4000000060
11788  -21.194  -71.921  -23.151 0.5000000000
11051  -21.702  -72.380  -24.043 0.5000000000
11789  -22.159  -71.878  -23.375 0.5000000000
10304  -28.070  -73.887  -24.884 0.4000000060
10284  -28.755  -73.458  -24.761 0.4000000060
11784  -22.528  -71.354  -22.712 0.5000000000
8705  -28.663  -74.086  -24.933 0.4000000060
10285  -29.110  -73.255  -24.974 0.4000000060
9477  -29.057  -73.415  -24.449 0.4000000060
12565  -21.180  -70.653  -22.200 0.5000000000
12566  -22.246  -70.657  -22.276 0.5000000000
11783  -21.782  -71.236  -22.719 0.5000000000
9495  -29.003  -73.355  -24.964 0.4000000060
12558  -21.756  -70.086  -21.820 0.6000000238
13339  -21.172  -69.474  -21.390 0.6000000238
13340  -22.422  -69.517  -21.496 0.5000000000
15095  -22.370  -68.095  -20.420 0.4000000060
127225  -23.270  -68.492  -20.870 0.4000000060
120074  -23.950  -68.389  -20.739 0.4000000060
117918  -21.866  -67.158  -19.575 0.6000000238
15082  -22.811  -67.129  -19.723 0.6000000238
15083  -23.905  -66.928  -19.995 0.5000000000
106847  -23.509  -67.826  -20.498 0.4000000060
15096  -25.382  -67.423  -20.566 0.4000000060
9433  -20.525  -74.548  -19.157 0.6999999881
118940  -20.279  -67.298  -19.830 0.6000000238
16011  -23.150  -66.150  -19.315 0.5000000000
16024  -24.882  -66.643  -20.111 0.4000000060
12543  -18.761  -70.362  -19.604 0.6000000238
15093  -17.955  -66.862  -20.122 0.5000000000
15080  -19.371  -65.978  -19.454 0.5000000000
119485  -21.806  -66.007  -19.198 0.5000000000
16946  -23.479  -65.010  -19.185 0.5000000000
16012  -24.273  -65.843  -19.625 0.4000000060
16013  -25.369  -65.461  -19.797 0.4000000060
12542  -17.405  -69.565  -20.246 0.6000000238
122543  -20.835  -65.112  -19.194 0.5000000000
123577  -16.377  -65.120  -14.841 0.6999999881
15951  -17.193  -65.378  -14.585 0.6000000238
16891  -17.660  -64.530  -14.009 0.6999999881
14992  -16.808  -66.538  -14.592 0.6000000238
15938  -18.223  -64.892  -13.996 0.6000000238
14993  -17.141  -67.618  -14.241 0.6000000238
15952  -18.099  -65.702  -14.552 0.6000000238
14994  -19.068  -66.203  -13.967 0.6000000238
14971  -18.729  -66.721  -13.216 0.6000000238
14100  -20.186  -68.550  -12.623 0.6000000238
14119  -17.283  -68.812  -13.391 0.5000000000
14137  -17.767  -67.401  -14.960 0.6000000238
127026  -18.337  -66.220  -14.784 0.6000000238
15954  -19.046  -66.291  -14.332 0.6000000238
14972  -19.239  -67.163  -13.555 0.6000000238
10282  -25.644  -73.552  -25.614 0.5000000000
13243  -17.812  -69.712  -13.629 0.5000000000
13257  -17.613  -68.540  -14.324 0.5000000000
15963  -18.997  -66.559  -14.811 0.5000000000
14996  -20.166  -68.007  -14.186 0.5000000000
113769  -23.627  -72.794  -25.252 0.5000000000
106816  -26.466  -73.465  -24.581 0.5000000000
10303  -26.567  -73.855  -25.641 0.4000000060
13258  -18.087  -69.366  -14.666 0.5000000000
14138  -17.974  -68.334  -15.201 0.5000000000
15009  -19.451  -67.100  -14.870 0.5000000000
15010  -20.265  -67.832  -14.982 0.5000000000
11053  -23.161  -72.443  -24.333 0.5000000000
10283  -27.718  -73.533  -24.587 0.4000000060
10270  -28.129  -73.192  -23.970 0.4000000060
9455  -28.161  -74.452  -22.161 0.4000000060
12490  -18.537  -70.250  -14.175 0.5000000000
14152  -18.355  -68.212  -15.934 0.5000000000
15024  -18.565  -67.312  -15.680 0.6000000238
15025  -19.238  -67.301  -15.624 0.6000000238
9463  -28.692  -73.576  -23.648 0.4000000060
13270  -18.743  -69.837  -15.831 0.6000000238
13280  -18.334  -69.103  -16.326 0.6000000238
15036  -18.771  -67.736  -16.379 0.6999999881
12559  -22.649  -70.189  -21.848 0.5000000000
118722  -21.136  -73.603  -15.957 0.6000000238
13341  -23.037  -69.815  -21.579 0.5000000000
13325  -23.401  -69.641  -21.162 0.4000000060
10196  -21.211  -73.700  -16.710 0.6000000238
14190  -23.455  -68.972  -21.124 0.4000000060
10225  -20.976  -73.666  -18.672 0.6000000238
105638  -20.707  -72.731  -19.072 0.6000000238
14191  -24.879  -68.179  -20.697 0.4000000060
11752  -19.875  -71.028  -19.084 0.6000000238
11007  -20.278  -72.754  -19.933 0.6999999881
14182  -17.283  -67.657  -19.361 0.6000000238
15077  -17.440  -66.840  -19.227 0.6000000238
15079  -18.441  -66.062  -19.511 0.5000000000
16009  -19.718  -65.200  -19.032 0.5000000000
16890  -16.860  -64.335  -13.959 0.6999999881
15924  -17.874  -64.916  -13.664 0.6999999881
107914  -18.008  -66.908  -12.253 0.6000000238
108277  -18.550  -67.619  -12.089 0.6000000238
14078  -19.020  -68.129  -11.405 0.6000000238
14099  -19.242  -67.942  -12.575 0.6000000238
13208  -20.686  -69.184  -11.870 0.6999999881
13226  -20.817  -69.117  -12.747 0.6000000238
14121  -20.624  -68.675  -13.566 0.6000000238
10267  -24.634  -73.154  -23.182 0.5000000000
10281  -24.571  -73.152  -25.182 0.5000000000
110759  -25.448  -73.286  -24.354 0.5000000000
14122  -21.272  -69.025  -14.023 0.6000000238
13244  -21.373  -69.238  -13.297 0.5000000000
10269  -27.089  -73.434  -23.503 0.5000000000
9462  -27.715  -73.670  -22.972 0.4000000060
15026  -20.782  -67.909  -16.016 0.6000000238
14153  -21.340  -68.387  -15.397 0.6000000238
13259  -22.049  -69.137  -13.806 0.5000000000
11038  -22.736  -72.098  -23.386 0.5000000000
10977  -21.002  -72.272  -15.919 0.6000000238
11727  -20.550  -71.667  -15.450 0.4000000060
12513  -20.040  -70.922  -15.807 0.6000000238
112765  -19.980  -67.564  -16.145 0.6000000238
14154  -22.049  -68.449  -15.350 0.6000000238
11774  -22.862  -70.826  -22.201 0.4000000060
109843  -23.390  -72.040  -21.341 0.4000000060
124296  -20.616  -71.369  -16.471 0.5000000000
125890  -19.932  -70.710  -16.553 0.5000000000
13281  -18.681  -69.703  -16.677 0.6000000238
15050  -18.643  -67.552  -17.418 0.6000000238
15038  -20.538  -67.436  -16.760 0.6000000238
12560  -23.191  -70.482  -21.506 0.5000000000
10987  -21.142  -72.174  -16.840 0.6000000238
12512  -19.328  -70.248  -17.046 0.6000000238
13288  -18.374  -69.008  -17.168 0.6000000238
15051  -19.563  -67.043  -17.471 0.6000000238
15039  -21.355  -67.247  -16.970 0.6000000238
15040  -22.227  -67.257  -16.507 0.6000000238
11745  -20.761  -71.450  -17.535 0.5000000000
12520  -20.127  -70.769  -17.319 0.6000000238
13295  -18.376  -68.699  -18.089 0.6000000238
15981  -18.626  -66.590  -18.212 0.6000000238
15053  -21.044  -66.479  -17.532 0.6000000238
110663  -21.133  -72.188  -17.690 0.6000000238
121365  -20.730  -71.768  -18.512 0.6000000238
12531  -20.187  -70.855  -18.203 0.6000000238
14177  -17.713  -67.805  -18.579 0.6000000238
15065  -17.914  -67.129  -18.417 0.6000000238
111510  -17.860  -68.462  -18.964 0.6000000238
13311  -18.333  -69.401  -19.348 0.6000000238
16008  -18.741  -65.419  -19.056 0.5000000000
15995  -20.443  -64.899  -18.576 0.5000000000
16876  -16.397  -64.687  -13.159 0.6999999881
119966  -17.342  -66.065  -12.451 0.6999999881
16874  -14.304  -64.414  -12.332 0.6999999881
16875  -15.298  -65.091  -12.237 0.6999999881
111321  -16.357  -65.713  -11.948 0.6999999881
14953  -17.555  -66.914  -11.264 0.6999999881
14954  -18.306  -67.588  -11.127 0.6000000238
14061  -19.673  -68.366  -10.686 0.6000000238
14063  -21.377  -68.586  -10.356 0.5000000000
14062  -20.367  -68.778  -11.126 0.6999999881
13195  -21.837  -69.194  -10.915 0.5000000000
13210  -22.190  -69.364  -11.459 0.5000000000
13228  -22.182  -69.490  -12.178 0.5000000000
10268  -25.796  -73.452  -23.062 0.5000000000
10262  -26.385  -73.688  -22.128 0.5000000000
9461  -27.009  -73.898  -22.327 0.5000000000
9454  -27.402  -74.406  -21.751 0.4000000060
10259  -23.827  -72.829  -22.495 0.4000000060
10261  -25.626  -73.486  -21.586 0.4000000060
14141  -22.455  -68.603  -14.475 0.6000000238
15027  -21.648  -67.950  -16.177 0.6000000238
15011  -22.637  -68.105  -14.957 0.6000000238
15028  -22.432  -67.896  -15.731 0.6000000238
15982  -19.349  -66.042  -18.332 0.6000000238
15983  -19.944  -65.643  -17.915 0.6000000238
15965  -22.959  -66.810  -15.565 0.6000000238
15992  -17.950  -66.063  -18.865 0.6000000238
15974  -22.228  -65.989  -16.845 0.5000000000
15993  -18.515  -65.553  -18.974 0.6000000238
16927  -20.713  -64.692  -18.435 0.5000000000
16860  -14.636  -64.909  -11.171 0.6999999881
15894  -15.537  -65.589  -10.888 0.6999999881
15895  -16.473  -66.096  -10.639 0.6999999881
120277  -16.949  -66.386  -11.319 0.6999999881
15896  -17.300  -66.548  -10.460 0.6000000238
14935  -18.025  -67.115  -10.363 0.6999999881
14937  -19.243  -67.864  -10.085 0.4000000060
123741  -14.064  -64.174  -10.612 0.6999999881
17805  -14.962  -64.744  -10.144 0.6999999881
16861  -16.021  -65.522  -9.960 0.6000000238
15872  -16.952  -66.013  -9.833 0.6000000238
14041  -20.709  -68.238  -10.082 0.5000000000
17780  -13.096  -63.773  -9.566 0.6999999881
17781  -14.008  -63.407  -9.828 0.6999999881
14042  -21.970  -68.062  -9.837 0.5000000000
16813  -13.335  -64.064  -8.969 0.6999999881
14064  -22.276  -68.634  -10.362 0.5000000000
16814  -14.144  -64.616  -8.398 0.6000000238
16799  -14.801  -64.691  -7.668 0.6000000238
16800  -15.438  -64.701  -7.393 0.6000000238
16801  -17.497  -65.639  -6.952 0.5000000000
17749  -17.910  -64.150  -7.280 0.5000000000
10250  -26.174  -73.920  -20.906 0.4000000060
9453  -26.785  -74.277  -21.359 0.4000000060
15964  -22.780  -66.212  -16.108 0.6000000238
15875  -19.545  -66.655  -9.734 0.5000000000
14913  -18.790  -67.071  -9.846 0.5000000000
16841  -16.700  -65.099  -9.573 0.6000000238
16842  -17.686  -65.673  -9.574 0.6000000238
15874  -18.654  -66.102  -9.642 0.6000000238
15876  -20.379  -66.972  -9.690 0.5000000000
14915  -20.519  -67.735  -9.800 0.5000000000
111095  -21.227  -67.959  -9.836 0.5000000000
18720  -13.694  -63.102  -9.068 0.6999999881
17782  -14.914  -63.812  -9.772 0.6000000238
17783  -15.910  -64.157  -9.568 0.6000000238
17784  -17.624  -64.883  -9.473 0.6000000238
17785  -18.516  -64.678  -9.588 0.6000000238
14918  -23.177  -67.526  -9.237 0.5000000000
18701  -13.944  -62.956  -8.385 0.6999999881
18721  -14.169  -62.878  -8.969 0.6000000238
18722  -14.850  -62.665  -9.534 0.6000000238
18723  -16.138  -63.286  -9.699 0.6000000238
18725  -18.792  -63.787  -9.796 0.6000000238
16798  -14.279  -63.670  -8.002 0.6000000238
116492  -14.628  -62.665  -8.665 0.6000000238
19582  -15.341  -62.075  -10.127 0.6000000238
19583  -16.341  -62.343  -10.286 0.6000000238
17746  -14.837  -63.789  -7.605 0.6000000238
122239  -15.094  -62.520  -8.176 0.6000000238
20388  -15.436  -61.857  -8.955 0.6000000238
19604  -15.795  -61.280  -10.732 0.6000000238
17747  -15.527  -63.942  -7.386 0.5000000000
17748  -16.624  -64.020  -7.339 0.5000000000
19545  -16.082  -62.432  -7.980 0.5000000000
19561  -15.493  -62.008  -8.508 0.6000000238
20415  -15.698  -60.509  -11.026 0.6000000238
9444  -26.639  -74.673  -20.256 0.4000000060
16791  -18.345  -65.642  -6.338 0.5000000000
18685  -16.922  -63.244  -7.556 0.5000000000
19562  -16.704  -61.651  -8.432 0.6000000238
21142  -15.823  -60.484  -10.764 0.6000000238
17740  -19.334  -64.238  -6.463 0.5000000000
108070  -18.778  -62.775  -7.829 0.5000000000
19546  -17.472  -62.588  -7.932 0.4000000060
124374  -16.653  -60.956  -9.090 0.6000000238
116711  -20.340  -66.168  -9.824 0.6000000238
15877  -21.064  -66.428  -9.693 0.5000000000
14916  -21.077  -67.243  -9.665 0.5000000000
16844  -20.064  -65.428  -9.897 0.6000000238
16845  -20.884  -65.580  -9.981 0.5000000000
14897  -22.778  -66.991  -8.670 0.5000000000
17787  -20.582  -64.827  -10.147 0.6999999881
19584  -17.615  -62.499  -10.223 0.6000000238
18748  -19.432  -63.099  -10.361 0.6999999881
19605  -16.910  -61.683  -10.870 0.6000000238
19606  -18.436  -62.113  -10.620 0.6999999881
20416  -16.262  -60.759  -11.501 0.6000000238
20425  -16.074  -60.188  -11.588 0.6000000238
20417  -17.420  -61.126  -11.727 0.6999999881
18666  -19.721  -63.324  -5.554 0.5000000000
18687  -19.415  -63.489  -7.127 0.5000000000
19563  -18.186  -61.940  -8.249 0.4000000060
20390  -17.687  -61.174  -8.783 0.6000000238
21154  -16.142  -60.056  -11.591 0.6000000238
123600  -20.026  -62.982  -6.764 0.5000000000
19564  -19.180  -62.121  -8.030 0.4000000060
21134  -18.201  -60.671  -9.127 0.5000000000
14896  -22.008  -66.912  -8.954 0.5000000000
15849  -21.712  -66.324  -8.970 0.5000000000
17788  -21.221  -64.809  -9.893 0.5000000000
17767  -22.398  -64.854  -8.187 0.5000000000
18726  -20.247  -63.993  -10.400 0.6999999881
119078  -20.333  -63.267  -10.796 0.6999999881
19607  -19.722  -62.421  -10.956 0.6000000238
20427  -18.126  -60.670  -12.331 0.6999999881
19621  -20.027  -61.869  -11.661 0.6000000238
21155  -17.205  -59.820  -11.230 0.6000000238
21800  -16.954  -59.883  -11.963 0.6000000238
19530  -20.199  -62.106  -6.768 0.5000000000
20391  -18.941  -61.289  -8.490 0.4000000060
21144  -17.942  -60.098  -9.975 0.6000000238
20370  -20.335  -61.188  -7.252 0.4000000060
20392  -19.864  -60.868  -8.151 0.4000000060
21146  -19.614  -59.993  -9.477 0.5000000000
21135  -19.129  -60.425  -9.071 0.5000000000
18727  -21.359  -64.032  -10.137 0.6000000238
109915  -22.162  -64.307  -8.568 0.5000000000
18750  -21.307  -63.436  -10.603 0.6000000238
18704  -22.344  -63.461  -8.808 0.5000000000
18766  -21.104  -62.891  -11.141 0.6000000238
19622  -20.862  -62.173  -11.616 0.6000000238
19609  -21.659  -62.617  -10.801 0.5000000000
20438  -19.084  -60.695  -12.728 0.6999999881
20429  -20.380  -61.415  -12.363 0.5000000000
21801  -17.953  -59.694  -11.685 0.6000000238
21156  -18.380  -59.671  -10.787 0.5000000000
21136  -20.153  -60.122  -8.671 0.4000000060
21789  -19.502  -59.625  -10.350 0.5000000000
24608  -14.403  -56.108  -9.194 0.4000000060
25447  -15.217  -55.155  -9.040 0.3000000119
25438  -16.876  -55.432  -8.196 0.4000000060
19565  -22.826  -62.652  -8.713 0.5000000000
116050  -16.989  -55.846  -6.277 0.3000000119
24610  -17.502  -55.271  -6.776 0.4000000060
19624  -22.154  -61.911  -10.956 0.5000000000
19585  -22.409  -62.572  -9.571 0.5000000000
23771  -19.377  -56.470  -5.086 0.3000000119
25431  -18.666  -55.043  -6.278 0.4000000060
110968  -21.918  -61.585  -11.511 0.5000000000
23050  -20.074  -57.111  -5.246 0.3000000119
20440  -20.860  -60.748  -12.645 0.6000000238
21814  -19.755  -59.398  -12.245 0.6999999881
21826  -20.173  -59.638  -12.768 0.6000000238
21790  -20.157  -59.534  -9.467 0.5000000000
21803  -19.857  -59.288  -11.274 0.5000000000
21804  -20.298  -59.108  -10.431 0.4000000060
22437  -20.644  -58.919  -11.836 0.4000000060
26298  -15.225  -54.240  -8.618 0.3000000119
25446  -14.436  -54.907  -9.062 0.3000000119
25461  -15.522  -54.576  -8.908 0.3000000119
25448  -16.470  -54.860  -8.843 0.3000000119
25449  -17.826  -54.482  -7.932 0.4000000060
20403  -22.819  -61.832  -9.935 0.5000000000
24601  -19.194  -55.659  -5.465 0.4000000060
110041  -18.570  -54.600  -7.063 0.4000000060
20419  -22.819  -61.526  -10.564 0.5000000000
24602  -20.109  -56.138  -5.587 0.4000000060
24612  -20.414  -55.614  -6.161 0.4000000060
20441  -21.989  -60.816  -12.102 0.5000000000
20431  -22.620  -61.239  -11.316 0.5000000000
23772  -20.648  -56.916  -5.815 0.4000000060
115392  -21.459  -59.941  -12.718 0.5000000000
21815  -20.602  -59.225  -12.607 0.5000000000
127154  -22.068  -59.337  -12.710 0.5000000000
21774  -21.038  -59.332  -7.906 0.3000000119
21781  -21.230  -58.903  -8.569 0.4000000060
22438  -21.060  -58.535  -10.476 0.4000000060
22454  -22.357  -58.860  -12.760 0.4000000060
107178  -15.505  -54.030  -7.476 0.3000000119
26306  -15.942  -53.671  -8.496 0.3000000119
26321  -16.955  -54.288  -8.701 0.4000000060
26307  -17.532  -54.375  -8.683 0.4000000060
19548  -24.722  -62.315  -7.298 0.4000000060
26308  -18.444  -54.732  -8.968 0.4000000060
20372  -24.206  -61.471  -7.932 0.4000000060
25440  -19.306  -54.699  -6.589 0.4000000060
25450  -19.071  -54.313  -7.533 0.4000000060
118424  -23.604  -61.168  -9.391 0.4000000060
25451  -20.415  -54.303  -7.666 0.4000000060
21165  -23.027  -60.451  -11.898 0.5000000000
24613  -21.018  -55.482  -6.551 0.4000000060
23059  -21.524  -57.049  -6.848 0.3000000119
21177  -22.528  -59.864  -12.543 0.5000000000
23081  -21.771  -57.848  -9.171 0.3000000119
26299  -16.337  -53.304  -7.738 0.3000000119
27206  -16.626  -53.032  -8.201 0.3000000119
27236  -17.055  -53.316  -8.634 0.3000000119
26333  -17.689  -53.676  -9.150 0.4000000060
126424  -18.211  -54.228  -9.627 0.4000000060
26334  -18.723  -53.996  -10.055 0.3000000119
26323  -18.685  -54.802  -9.521 0.4000000060
19531  -25.631  -62.440  -6.694 0.4000000060
20353  -27.006  -61.707  -6.168 0.4000000060
26309  -19.363  -54.833  -9.045 0.4000000060
20405  -23.823  -60.606  -9.995 0.4000000060
25442  -21.174  -54.754  -7.138 0.3000000119
20432  -23.372  -60.792  -10.919 0.4000000060
23780  -21.385  -56.202  -6.631 0.3000000119
24621  -21.587  -55.492  -7.105 0.3000000119
23066  -21.870  -56.968  -7.744 0.3000000119
22446  -21.491  -58.914  -12.620 0.4000000060
27207  -17.872  -52.621  -6.802 0.3000000119
27237  -17.622  -52.446  -8.928 0.4000000060
28171  -18.277  -51.845  -9.386 0.4000000060
27255  -18.633  -52.593  -10.153 0.4000000060
20355  -28.553  -61.532  -6.201 0.4000000060
20352  -26.067  -61.812  -6.342 0.4000000060
26335  -19.532  -54.213  -10.141 0.4000000060
123487  -24.752  -61.438  -7.368 0.4000000060
26310  -20.608  -54.286  -8.568 0.4000000060
20394  -24.009  -60.802  -8.830 0.4000000060
112112  -24.453  -60.815  -7.915 0.4000000060
25452  -21.331  -54.439  -8.075 0.3000000119
21147  -24.296  -60.097  -9.445 0.4000000060
24622  -22.108  -55.626  -7.902 0.3000000119
21157  -23.835  -60.176  -10.853 0.5000000000
23784  -21.803  -56.264  -7.300 0.3000000119
23790  -22.490  -56.074  -8.597 0.3000000119
21805  -24.071  -59.461  -11.397 0.5000000000
22428  -21.938  -57.916  -10.264 0.3000000119
22455  -23.450  -58.435  -13.004 0.4000000060
105525  -18.154  -52.309  -7.350 0.3000000119
27268  -19.530  -52.530  -10.517 0.3000000119
26343  -20.205  -53.501  -10.701 0.3000000119
20337  -27.848  -61.202  -5.820 0.4000000060
113875  -20.499  -54.053  -10.248 0.3000000119
123404  -25.803  -61.137  -6.357 0.4000000060
20336  -27.129  -60.944  -5.749 0.3000000119
123041  -21.177  -54.158  -9.143 0.3000000119
21127  -24.616  -60.280  -7.661 0.4000000060
21118  -25.584  -60.369  -6.337 0.4000000060
25463  -22.380  -54.770  -9.252 0.3000000119
23800  -22.692  -55.960  -9.599 0.3000000119
21792  -24.503  -59.293  -9.891 0.4000000060
23082  -22.251  -57.237  -9.501 0.3000000119
109885  -22.789  -57.356  -10.983 0.3000000119
23096  -23.371  -57.641  -12.654 0.3000000119
21830  -24.403  -58.187  -12.936 0.3000000119
27269  -20.608  -52.602  -10.904 0.3000000119
26336  -21.379  -53.686  -10.997 0.3000000119
21103  -27.011  -60.187  -5.479 0.3000000119
21117  -24.947  -59.977  -6.999 0.4000000060
21102  -26.168  -59.889  -5.815 0.4000000060
24646  -22.966  -55.210  -11.438 0.3000000119
21776  -24.580  -59.524  -7.798 0.4000000060
123977  -24.868  -59.268  -6.976 0.4000000060
107106  -22.763  -56.681  -10.408 0.3000000119
21806  -24.510  -59.016  -11.017 0.3000000119
22448  -24.237  -57.915  -13.139 0.3000000119
24652  -23.522  -54.871  -12.411 0.3000000119
23806  -23.198  -56.031  -11.281 0.3000000119
21768  -24.672  -58.678  -7.441 0.3000000119
22411  -25.100  -58.671  -6.436 0.3000000119
23807  -24.405  -56.093  -12.392 0.3000000119
22421  -24.669  -58.638  -9.187 0.3000000119
23097  -24.266  -57.471  -13.081 0.3000000119
22440  -24.974  -58.275  -11.682 0.3000000119
25478  -24.290  -54.285  -12.392 0.3000000119
112422  -24.431  -53.773  -11.343 0.3000000119
24653  -24.271  -55.309  -12.472 0.3000000119
113617  -24.588  -58.839  -8.267 0.3000000119
110746  -24.668  -54.982  -12.276 0.3000000119
25474  -24.901  -54.464  -11.899 0.3000000119
112672  -21.774  -58.452  -11.622 0.4000000060
23072  -21.882  -57.494  -8.465 0.3000000119
5230  -23.595  -79.375  -27.633 0.6000000238
4665  -22.638  -81.097  -27.469 0.5000000000
4169  -20.963  -81.938  -27.527 0.5000000000
4663  -20.605  -81.443  -28.083 0.5000000000
4153  -22.546  -81.976  -26.795 0.5000000000
118300  -24.636  -82.598  -24.231 0.5000000000
6613  -22.978  -78.307  -27.003 0.6999999881
116013  -25.463  -78.831  -26.485 0.6999999881
6594  -21.986  -78.558  -25.327 0.6999999881
123357  -21.238  -79.003  -27.558 0.6999999881
4125  -23.440  -82.578  -25.514 0.4000000060
5211  -21.553  -78.857  -26.274 0.6999999881
113216  -26.086  -81.477  -25.416 0.5000000000
6483  -28.754  -78.711  -17.906 0.3000000119
4641  -26.737  -81.070  -25.435 0.5000000000
5197  -28.190  -79.386  -26.215 0.3000000119
7222  -25.316  -77.418  -22.184 0.6000000238
6548  -25.018  -78.135  -22.563 0.6000000238
7917  -25.070  -76.547  -21.891 0.5000000000
8667  -21.021  -76.362  -21.577 0.6000000238
6561  -22.439  -78.462  -23.545 0.6999999881
114750  -30.176  -81.981  -17.611 0.3000000119
6527  -21.139  -78.563  -21.148 0.6000000238
115314  -22.090  -78.609  -22.523 0.6000000238
6577  -21.815  -78.779  -24.500 0.6999999881
5232  -25.776  -79.724  -27.045 0.5000000000
4652  -23.157  -81.431  -26.895 0.5000000000
5856  -21.531  -79.966  -24.556 0.6000000238
5193  -20.738  -80.382  -25.707 0.6999999881
5142  -21.012  -81.051  -22.407 0.5000000000
5192  -19.960  -80.653  -26.019 0.5000000000
6490  -29.120  -78.455  -18.488 0.3000000119
6525  -18.498  -79.248  -21.737 0.6000000238
4637  -19.263  -81.336  -25.712 0.5000000000
6496  -28.764  -78.574  -19.349 0.3000000119
4136  -18.826  -82.068  -24.953 0.5000000000
8672  -26.864  -76.089  -23.127 0.4000000060
5089  -31.521  -81.119  -17.002 0.3000000119
9451  -17.862  -74.203  -21.930 0.6999999881
11024  -16.967  -72.128  -21.826 0.6000000238
12550  -16.539  -69.946  -21.020 0.6000000238
11052  -22.495  -72.394  -24.326 0.5000000000
9476  -27.783  -74.029  -25.006 0.4000000060
11781  -19.336  -70.991  -22.959 0.6000000238
11782  -20.624  -71.249  -22.697 0.5000000000
12555  -17.546  -69.538  -22.238 0.6000000238
14189  -22.835  -68.864  -21.233 0.4000000060
10236  -20.584  -73.583  -19.549 0.6000000238
11759  -20.193  -71.908  -19.523 0.6999999881
109943  -17.631  -66.379  -14.754 0.6000000238
11785  -22.959  -71.621  -22.625 0.4000000060
106384  -24.073  -68.826  -20.669 0.4000000060
9401  -20.882  -74.522  -18.101 0.6000000238
16902  -17.897  -64.796  -14.146 0.6000000238
15962  -18.647  -66.655  -15.050 0.6000000238
12502  -18.765  -69.959  -14.998 0.5000000000
14140  -21.662  -68.769  -14.635 0.6000000238
12491  -19.330  -70.655  -14.546 0.4000000060
13296  -18.763  -69.421  -18.460 0.5000000000
11767  -23.423  -71.398  -20.863 0.5000000000
14170  -18.289  -68.216  -17.816 0.6000000238
12519  -19.458  -70.212  -17.920 0.5000000000
110635  -14.393  -65.603  -8.719 0.6000000238
17739  -18.700  -64.784  -6.691 0.5000000000
121527  -18.302  -65.353  -9.533 0.5000000000
118272  -15.057  -63.260  -9.644 0.6000000238
115650  -17.616  -64.031  -9.573 0.6000000238
17786  -19.572  -64.686  -9.859 0.6000000238
19544  -14.809  -62.552  -8.351 0.6000000238
17733  -19.504  -64.143  -5.718 0.5000000000
16846  -21.367  -65.673  -9.380 0.5000000000
20428  -19.349  -61.084  -12.650 0.6000000238
120965  -19.778  -61.727  -7.712 0.5000000000
21824  -18.742  -59.950  -12.240 0.6000000238
24609  -16.113  -55.944  -8.093 0.3000000119
18751  -21.879  -62.873  -10.266 0.5000000000
21780  -20.684  -59.466  -8.679 0.3000000119
19566  -23.407  -62.391  -8.280 0.4000000060
20393  -23.707  -61.583  -8.604 0.4000000060
21791  -20.763  -58.953  -9.442 0.4000000060
22420  -21.620  -58.236  -8.453 0.3000000119
21828  -22.962  -59.088  -12.979 0.5000000000
20373  -25.360  -61.713  -6.764 0.4000000060
115651  -17.239  -52.615  -7.670 0.3000000119
25453  -22.020  -54.904  -8.355 0.3000000119
22447  -22.726  -58.381  -12.816 0.3000000119
25462  -21.847  -54.502  -8.865 0.3000000119
21817  -24.438  -58.635  -12.230 0.4000000060
27222  -19.625  -51.822  -7.682 0.3000000119
25470  -22.508  -54.656  -10.395 0.3000000119
21782  -24.529  -59.489  -8.867 0.4000000060
122863  -23.736  -55.487  -12.245 0.3000000119
114768  -14.849  -83.336  -24.093 0.5000000000
3570  -15.641  -83.187  -24.296 0.5000000000
4120  -16.831  -82.761  -24.660 0.5000000000
121082  -17.265  -82.429  -25.036 0.4000000060
3538  -14.596  -83.238  -22.623 0.5000000000
3539  -15.359  -83.366  -22.733 0.5000000000
3556  -16.380  -83.422  -23.328 0.5000000000
3572  -17.143  -82.958  -24.040 0.5000000000
4121  -17.564  -82.639  -24.453 0.5000000000
4122  -18.400  -82.567  -24.325 0.4000000060
4098  -15.062  -83.050  -22.073 0.4000000060
4099  -15.866  -83.214  -22.132 0.5000000000
114989  -17.873  -83.334  -23.013 0.5000000000
111547  -18.771  -82.882  -23.682 0.4000000060
4085  -16.581  -82.897  -21.486 0.5000000000
3521  -17.245  -83.311  -21.817 0.5000000000
127458  -16.711  -83.469  -22.864 0.5000000000
4086  -17.623  -82.952  -21.214 0.5000000000
3522  -18.028  -83.328  -21.789 0.5000000000
4087  -18.565  -82.937  -21.175 0.5000000000
4088  -19.370  -82.708  -21.354 0.5000000000
4100  -19.623  -82.984  -22.121 0.4000000060
4073  -17.188  -82.408  -20.652 0.5000000000
4600  -18.725  -81.729  -20.060 0.5000000000
122087  -19.664  -82.094  -21.006 0.5000000000
4607  -19.976  -81.593  -21.301 0.5000000000
124378  -16.625  -79.536  -17.270 0.5000000000
4598  -16.793  -81.791  -20.049 0.5000000000
4586  -17.564  -81.304  -19.257 0.5000000000
4587  -18.425  -81.141  -19.399 0.5000000000
5096  -18.321  -80.108  -18.780 0.5000000000
4588  -18.897  -80.934  -19.719 0.5000000000
5809  -18.690  -80.294  -19.519 0.5000000000
4601  -19.347  -81.474  -20.536 0.5000000000
5123  -19.706  -80.952  -20.981 0.5000000000
5793  -17.015  -79.371  -17.815 0.5000000000
6488  -16.673  -78.520  -18.358 0.5000000000
7872  -17.533  -76.873  -18.200 0.5000000000
5807  -17.171  -79.211  -18.860 0.5000000000
7190  -16.847  -77.346  -19.815 0.5000000000
118470  -17.455  -76.787  -19.226 0.5000000000
5817  -17.481  -79.392  -19.708 0.5000000000
6505  -16.651  -79.081  -20.042 0.5000000000
7189  -16.515  -78.145  -20.122 0.5000000000
5818  -18.413  -79.699  -20.144 0.5000000000
6506  -16.996  -79.339  -20.783 0.5000000000
5114  -19.164  -80.827  -20.226 0.5000000000
5819  -19.021  -80.151  -20.967 0.5000000000
8595  -20.569  -75.238  -17.591 0.5000000000
8628  -19.916  -75.372  -19.016 0.6000000238
7883  -18.431  -76.280  -19.684 0.5000000000
106708  -17.336  -76.790  -20.315 0.5000000000
124566  -18.792  -75.906  -20.182 0.5000000000
7897  -17.176  -76.819  -21.341 0.5000000000
7898  -18.108  -76.097  -20.711 0.5000000000
6524  -17.400  -79.177  -21.905 0.5000000000
7205  -16.607  -78.259  -21.781 0.5000000000
5832  -18.204  -79.472  -21.386 0.5000000000
10195  -20.910  -74.391  -16.078 0.5000000000
9383  -20.946  -74.494  -17.109 0.5000000000
9432  -19.895  -75.002  -19.991 0.6000000238
14969  -14.830  -67.692  -13.097 0.5000000000
123083  -15.381  -66.954  -13.606 0.6000000238
14968  -13.880  -67.593  -13.257 0.5000000000
14990  -14.486  -66.731  -13.770 0.5000000000
15936  -15.306  -66.085  -14.816 0.6000000238
15949  -15.061  -65.284  -15.054 0.6000000238
15935  -14.256  -65.721  -14.538 0.5000000000
16908  -14.811  -64.533  -14.623 0.6000000238
16899  -13.742  -64.192  -14.403 0.5000000000
16900  -16.244  -64.310  -14.322 0.6000000238
123828  -14.928  -63.981  -14.000 0.6000000238
17828  -12.860  -63.713  -13.589 0.5000000000
17829  -13.949  -63.818  -13.640 0.6000000238
16888  -14.833  -64.300  -13.271 0.6000000238
17817  -12.670  -63.999  -12.379 0.5000000000
17818  -13.388  -63.989  -12.511 0.5000000000
16837  -12.398  -64.779  -10.196 0.5000000000
16838  -12.880  -64.463  -9.591 0.6000000238
15847  -15.002  -66.516  -8.626 0.6000000238
15871  -14.289  -66.199  -9.353 0.5000000000
17803  -12.878  -63.886  -10.313 0.6000000238
109651  -13.067  -64.064  -11.368 0.5000000000
16839  -13.603  -65.166  -9.225 0.5000000000
15837  -15.468  -65.536  -7.711 0.6000000238
16815  -14.851  -65.643  -8.016 0.6000000238
125946  -16.119  -65.448  -7.504 0.6000000238
6497  -29.750  -78.393  -19.253 0.3000000119
6499  -31.627  -78.528  -20.060 0.3000000119
5825  -29.666  -79.168  -20.953 0.3000000119
6501  -33.939  -78.536  -20.482 0.3000000119
5826  -30.719  -79.265  -21.768 0.3000000119
6509  -28.972  -78.871  -20.190 0.3000000119
4110  -19.495  -82.936  -23.106 0.4000000060
6522  -16.467  -78.768  -21.003 0.5000000000
14117  -15.845  -67.831  -13.311 0.5000000000
4109  -17.905  -82.990  -23.699 0.4000000060
3543  -19.037  -83.264  -22.481 0.5000000000
4599  -17.855  -81.886  -19.929 0.5000000000
5087  -17.125  -79.901  -17.692 0.5000000000
5095  -17.714  -80.149  -18.281 0.5000000000
110391  -16.689  -77.752  -18.014 0.5000000000
7180  -16.915  -77.258  -18.774 0.5000000000
6493  -16.594  -78.545  -19.332 0.5000000000
6510  -29.707  -78.688  -20.107 0.3000000119
6531  -31.867  -79.204  -21.585 0.3000000119
6512  -32.409  -78.986  -21.016 0.3000000119
121953  -30.666  -78.952  -20.887 0.3000000119
21758  -25.934  -59.063  -5.773 0.3000000119
3523  -18.890  -83.268  -21.841 0.5000000000
3540  -16.635  -83.379  -22.263 0.5000000000
3541  -17.413  -83.423  -22.500 0.5000000000
3542  -18.330  -83.377  -22.431 0.5000000000
3555  -15.658  -83.401  -23.525 0.5000000000
3557  -17.104  -83.305  -23.359 0.5000000000
3558  -18.593  -83.222  -23.065 0.4000000060
3571  -16.396  -83.173  -24.028 0.5000000000
4042  -33.744  -82.686  -16.373 0.3000000119
4049  -31.303  -83.252  -17.437 0.3000000119
4074  -18.206  -82.464  -20.538 0.5000000000
4075  -19.087  -82.308  -20.664 0.5000000000
4084  -15.546  -82.656  -21.498 0.4000000060
4089  -20.034  -82.299  -21.647 0.4000000060
4114  -25.173  -82.347  -23.994 0.5000000000
4119  -16.062  -82.867  -24.834 0.5000000000
4135  -17.942  -82.248  -24.990 0.5000000000
4139  -25.830  -81.873  -24.776 0.5000000000
4155  -24.012  -82.067  -25.960 0.5000000000
4167  -19.731  -82.087  -28.098 0.6000000238
4170  -21.870  -81.735  -27.400 0.5000000000
4568  -32.476  -82.448  -17.213 0.3000000119
4616  -21.250  -81.077  -22.940 0.5000000000
4624  -21.121  -81.346  -23.452 0.5000000000
4626  -26.576  -81.471  -24.008 0.4000000060
4629  -19.607  -81.836  -24.865 0.5000000000
4630  -20.879  -81.523  -24.023 0.5000000000
4638  -20.155  -81.271  -25.236 0.5000000000
4642  -27.351  -80.574  -25.501 0.5000000000
4653  -24.002  -81.270  -26.731 0.5000000000
4654  -25.603  -81.179  -26.186 0.5000000000
4662  -19.961  -81.659  -28.276 0.5000000000
5094  -16.845  -80.343  -17.839 0.5000000000
5104  -18.138  -80.590  -18.822 0.5000000000
5105  -18.521  -80.556  -19.199 0.5000000000
5124  -20.419  -80.920  -21.791 0.5000000000
5125  -20.977  -80.266  -22.202 0.5000000000
5146  -26.345  -80.986  -22.865 0.4000000060
5148  -28.896  -80.086  -22.975 0.4000000060
5161  -21.392  -80.598  -23.539 0.6000000238
5178  -27.765  -80.642  -24.779 0.4000000060
5179  -28.452  -80.096  -25.367 0.3000000119
5194  -21.337  -79.702  -25.590 0.6999999881
5196  -27.552  -79.804  -26.223 0.4000000060
5209  -18.540  -80.164  -27.238 0.5000000000
5210  -21.019  -79.191  -26.680 0.6999999881
5213  -25.762  -80.235  -26.947 0.5000000000
5215  -26.960  -79.368  -26.526 0.4000000060
5228  -21.948  -80.538  -27.978 0.5000000000
5229  -22.626  -79.852  -27.613 0.6000000238
5231  -25.259  -79.883  -27.324 0.5000000000
5239  -20.782  -80.004  -28.688 0.6000000238
5241  -21.900  -79.612  -28.003 0.5000000000
5781  -28.097  -79.840  -17.646 0.3000000119
5782  -29.238  -78.989  -17.401 0.3000000119
5794  -17.724  -79.846  -18.310 0.5000000000
5797  -26.619  -79.398  -18.565 0.3000000119
5808  -18.286  -79.816  -18.966 0.5000000000
5820  -24.761  -79.811  -19.853 0.3000000119
5822  -26.799  -79.284  -20.559 0.4000000060
5824  -28.675  -79.319  -20.758 0.3000000119
5831  -17.355  -79.359  -21.350 0.5000000000
5836  -25.757  -79.843  -21.107 0.4000000060
5838  -27.348  -79.789  -21.397 0.4000000060
5839  -29.840  -79.466  -21.956 0.3000000119
5842  -21.375  -79.477  -22.341 0.6000000238
5852  -30.801  -78.730  -24.278 0.3000000119
5858  -29.550  -79.251  -25.152 0.3000000119
5868  -30.230  -77.872  -25.591 0.3000000119
5876  -21.691  -78.649  -27.164 0.6999999881
5878  -24.075  -78.749  -27.366 0.6999999881
5879  -24.812  -79.117  -27.099 0.8000000119
5893  -19.710  -79.395  -28.468 0.5000000000
5894  -20.980  -79.285  -28.104 0.6999999881
5899  -25.362  -79.518  -27.094 0.5000000000
6481  -16.552  -78.662  -17.261 0.5000000000
6489  -28.254  -78.676  -18.529 0.3000000119
6494  -26.775  -79.013  -19.089 0.3000000119
6511  -31.462  -78.901  -20.756 0.3000000119
6523  -16.814  -79.084  -21.659 0.5000000000
6543  -17.054  -78.568  -22.219 0.5000000000
6549  -25.861  -78.002  -22.828 0.6000000238
6550  -26.692  -77.730  -23.237 0.4000000060
6584  -28.470  -77.978  -25.983 0.3000000119
6596  -23.508  -78.459  -26.232 0.6999999881
6617  -27.182  -78.879  -26.390 0.4000000060
6625  -23.329  -78.600  -27.617 0.8000000119
7179  -16.516  -77.773  -19.126 0.5000000000
7198  -16.662  -77.627  -20.955 0.5000000000
7199  -22.901  -77.068  -21.001 0.6000000238
7210  -23.305  -77.287  -21.247 0.5000000000
7211  -24.550  -77.155  -21.624 0.5000000000
7245  -17.960  -77.108  -24.234 0.6999999881
7914  -22.500  -76.693  -20.962 0.6000000238
7930  -26.529  -76.696  -22.798 0.4000000060
7938  -17.536  -76.903  -23.864 0.6999999881
7941  -19.672  -76.294  -23.365 0.6999999881
7952  -29.772  -76.291  -24.722 0.4000000060
8610  -20.463  -75.142  -18.393 0.6000000238
8627  -19.282  -75.700  -19.710 0.5000000000
8681  -17.464  -76.158  -24.272 0.6000000238
8690  -28.283  -74.858  -24.477 0.4000000060
8699  -18.138  -75.432  -25.388 0.5000000000
8707  -30.443  -74.869  -24.843 0.4000000060
8714  -17.903  -74.992  -25.527 0.6000000238
9443  -20.180  -74.184  -20.147 0.6999999881
9445  -27.184  -74.703  -20.888 0.4000000060
9473  -22.767  -75.080  -25.203 0.5000000000
9486  -17.686  -74.730  -25.370 0.6000000238
9487  -20.997  -74.675  -25.490 0.5000000000
9493  -26.567  -74.118  -25.739 0.4000000060
9494  -28.888  -73.652  -24.963 0.4000000060
9496  -29.339  -73.837  -24.671 0.4000000060
9503  -18.718  -74.027  -26.171 0.6000000238
9504  -19.491  -73.993  -26.105 0.5000000000
9505  -20.557  -74.166  -25.724 0.5000000000
9507  -24.846  -73.989  -27.117 0.5000000000
9508  -25.409  -74.031  -26.836 0.4000000060
10211  -21.185  -73.693  -17.692 0.6000000238
10271  -28.838  -73.409  -24.624 0.4000000060
10286  -29.079  -73.319  -24.868 0.4000000060
10294  -17.839  -73.744  -25.448 0.6000000238
10299  -22.675  -73.403  -25.712 0.5000000000
10302  -25.672  -73.930  -26.503 0.5000000000
10978  -21.276  -72.959  -16.337 0.6000000238
10988  -21.329  -72.911  -17.231 0.6000000238
10999  -21.155  -72.796  -18.190 0.6000000238
11016  -19.576  -72.980  -20.451 0.6999999881
11025  -18.038  -72.671  -21.248 0.6000000238
11037  -17.406  -71.536  -23.603 0.6000000238
11039  -23.343  -72.412  -23.178 0.5000000000
11047  -17.131  -72.232  -24.198 0.6000000238
11048  -17.766  -72.132  -24.208 0.6000000238
11765  -17.126  -71.051  -20.969 0.6000000238
11773  -16.792  -71.369  -21.500 0.6000000238
11775  -23.162  -71.307  -21.862 0.5000000000
12503  -19.435  -70.450  -15.350 0.4000000060
12530  -19.332  -70.217  -18.762 0.6000000238
12549  -16.201  -69.434  -21.564 0.5000000000
12554  -16.263  -69.534  -22.054 0.6000000238
13194  -21.024  -69.097  -11.042 0.5000000000
13209  -21.550  -69.434  -11.630 0.5000000000
13227  -21.438  -69.448  -12.452 0.6000000238
13245  -22.089  -69.428  -12.971 0.5000000000
13269  -18.253  -69.170  -15.527 0.5000000000
13289  -18.736  -69.552  -17.523 0.6000000238
13310  -17.163  -68.551  -19.943 0.6000000238
13324  -23.093  -69.345  -21.413 0.4000000060
14040  -20.011  -68.150  -10.023 0.4000000060
14060  -18.940  -67.969  -10.669 0.6000000238
14079  -19.863  -68.544  -11.660 0.6999999881
14098  -16.873  -69.061  -12.836 0.6000000238
14120  -19.795  -67.898  -13.486 0.6000000238
14139  -20.873  -68.608  -14.541 0.6000000238
14151  -18.184  -67.498  -15.509 0.5000000000
14163  -18.428  -68.427  -16.851 0.6999999881
14176  -17.441  -67.182  -18.883 0.6000000238
14198  -16.702  -68.729  -21.168 0.5000000000
14914  -19.718  -67.460  -9.793 0.5000000000
14917  -22.401  -67.492  -9.340 0.5000000000
14936  -18.645  -67.552  -10.355 0.6999999881
14970  -18.188  -65.741  -13.398 0.6999999881
14995  -19.493  -67.154  -14.224 0.5000000000
15023  -18.254  -66.672  -15.100 0.6000000238
15037  -19.479  -67.427  -16.692 0.6000000238
15052  -20.380  -66.723  -17.504 0.6000000238
15064  -17.606  -66.626  -18.881 0.6000000238
15078  -17.824  -66.359  -19.489 0.5000000000
15081  -20.692  -66.285  -19.343 0.4000000060
15092  -17.379  -67.207  -19.884 0.5000000000
15094  -18.984  -66.927  -20.085 0.5000000000
15869  -12.809  -65.436  -9.834 0.6000000238
15873  -17.873  -66.477  -9.816 0.6000000238
15923  -17.145  -64.866  -13.374 0.6999999881
15937  -16.208  -65.914  -14.874 0.6000000238
15939  -18.684  -65.565  -13.962 0.6000000238
15948  -13.932  -64.861  -14.635 0.6000000238
15950  -15.719  -65.451  -15.045 0.6999999881
15953  -18.608  -65.953  -14.473 0.6000000238
15973  -21.672  -66.656  -17.083 0.6000000238
15994  -19.597  -65.273  -18.877 0.6000000238
16006  -17.721  -66.177  -19.095 0.6000000238
16007  -18.165  -65.715  -19.082 0.6000000238
16010  -21.105  -64.765  -18.647 0.5000000000
16802  -17.687  -64.944  -7.096 0.5000000000
16840  -15.770  -64.741  -9.740 0.6000000238
16843  -19.120  -65.366  -9.668 0.5000000000
16889  -15.844  -64.262  -13.795 0.6999999881
16901  -16.905  -64.551  -14.294 0.6999999881
16903  -18.426  -65.298  -14.159 0.6000000238
16909  -15.819  -64.695  -14.777 0.6000000238
17725  -19.434  -63.808  -5.033 0.5000000000
17750  -18.871  -64.120  -7.080 0.5000000000
17764  -13.512  -63.390  -8.978 0.6999999881
17765  -13.758  -63.629  -8.523 0.6999999881
17766  -21.776  -64.926  -8.909 0.5000000000
17779  -12.664  -64.102  -10.014 0.6999999881
17802  -12.466  -64.337  -10.798 0.5000000000
17804  -13.407  -63.881  -10.411 0.6999999881
17806  -20.986  -64.185  -10.495 0.6000000238
17827  -12.244  -63.904  -13.321 0.5000000000
17832  -12.240  -63.831  -14.251 0.5000000000
17833  -13.165  -63.838  -14.248 0.5000000000
17834  -14.351  -64.056  -14.244 0.6000000238
17835  -15.402  -64.245  -14.369 0.6000000238
18672  -19.823  -63.562  -6.299 0.5000000000
18682  -14.225  -62.751  -7.944 0.6000000238
18683  -14.437  -62.626  -7.992 0.6000000238
18684  -15.539  -63.082  -7.670 0.5000000000
18686  -18.274  -63.434  -7.507 0.4000000060
18702  -14.184  -62.657  -8.112 0.6000000238
18703  -21.766  -64.193  -9.346 0.5000000000
18724  -17.567  -63.171  -9.790 0.6000000238
18728  -21.829  -63.449  -9.853 0.5000000000
18746  -13.420  -63.433  -9.633 0.6999999881
18747  -18.442  -62.928  -10.017 0.6000000238
18749  -20.840  -63.521  -10.825 0.6999999881
19547  -19.654  -62.587  -7.427 0.5000000000
19581  -15.260  -62.245  -9.343 0.6000000238
19586  -23.159  -61.850  -9.228 0.4000000060
19603  -15.459  -61.150  -10.392 0.6000000238
19608  -20.618  -62.779  -11.192 0.6000000238
19610  -22.284  -62.215  -10.346 0.5000000000
19623  -21.476  -62.180  -11.342 0.5000000000
20354  -27.784  -61.842  -6.195 0.4000000060
20371  -23.930  -62.125  -7.860 0.4000000060
20389  -15.786  -61.170  -9.178 0.6000000238
20402  -15.427  -61.165  -9.834 0.6000000238
20404  -23.348  -61.279  -10.042 0.4000000060
20414  -15.623  -60.715  -10.690 0.6000000238
20418  -18.893  -61.503  -11.614 0.6000000238
20426  -16.779  -60.357  -12.085 0.6000000238
20430  -21.253  -61.591  -12.012 0.5000000000
20439  -19.848  -60.658  -12.835 0.6000000238
21104  -27.812  -60.407  -5.430 0.3000000119
21119  -26.382  -60.655  -5.948 0.3000000119
21126  -20.454  -60.391  -7.668 0.4000000060
21128  -25.042  -60.838  -7.039 0.4000000060
21132  -16.119  -60.540  -9.779 0.6000000238
21133  -17.201  -60.525  -9.476 0.6000000238
21137  -24.408  -60.190  -8.468 0.4000000060
21143  -16.602  -60.168  -10.522 0.6000000238
21145  -18.959  -60.003  -9.893 0.5000000000
21153  -15.741  -60.339  -11.244 0.6000000238
21158  -24.185  -59.830  -10.416 0.5000000000
21163  -16.495  -60.044  -12.046 0.6000000238
21164  -17.228  -60.198  -12.160 0.6999999881
21166  -23.644  -59.963  -11.668 0.5000000000
21173  -18.365  -60.391  -12.314 0.6999999881
21174  -19.112  -60.265  -12.545 0.6000000238
21175  -19.691  -60.209  -12.814 0.6000000238
21176  -20.415  -60.008  -12.936 0.6000000238
21178  -23.320  -59.519  -12.484 0.5000000000
21769  -25.380  -59.546  -6.333 0.3000000119
21802  -18.989  -59.516  -11.485 0.6999999881
21812  -17.903  -59.930  -12.042 0.6000000238
21813  -18.771  -59.664  -12.056 0.6000000238
21816  -23.896  -59.124  -12.317 0.4000000060
21825  -19.411  -59.805  -12.472 0.6000000238
21827  -21.106  -59.326  -12.747 0.5000000000
21829  -24.040  -58.445  -12.943 0.3000000119
22429  -24.841  -58.399  -10.473 0.3000000119
22439  -22.581  -57.901  -11.579 0.3000000119
22449  -24.798  -57.972  -12.715 0.3000000119
23067  -22.193  -56.774  -8.555 0.3000000119
23101  -23.719  -57.959  -13.116 0.3000000119
23779  -20.798  -56.213  -6.164 0.4000000060
23785  -22.182  -56.336  -7.958 0.3000000119
24611  -19.755  -55.297  -5.981 0.4000000060
24620  -15.515  -55.654  -8.870 0.3000000119
24629  -14.570  -55.123  -9.167 0.3000000119
24630  -22.488  -55.405  -8.843 0.3000000119
24640  -22.694  -55.296  -9.962 0.3000000119
25439  -17.950  -54.753  -7.151 0.4000000060
25441  -20.240  -54.765  -6.658 0.4000000060
25460  -15.143  -54.373  -8.851 0.3000000119
25477  -23.963  -54.532  -12.577 0.3000000119
26300  -17.301  -52.948  -6.672 0.3000000119
26320  -16.005  -53.828  -8.676 0.3000000119
26322  -18.119  -54.482  -9.166 0.4000000060
26324  -19.922  -54.573  -9.632 0.3000000119
26342  -19.258  -53.461  -10.434 0.3000000119
26347  -24.334  -53.801  -12.177 0.3000000119
27218  -16.542  -53.260  -8.410 0.3000000119
27219  -17.102  -52.707  -8.323 0.3000000119
27254  -17.963  -53.007  -9.749 0.4000000060
105936  -23.343  -72.267  -22.181 0.4000000060
106429  -33.352  -81.529  -16.737 0.3000000119
106452  -16.494  -64.928  -7.295 0.6000000238
106736  -21.376  -58.392  -9.346 0.4000000060
107172  -20.609  -78.241  -20.986 0.6000000238
107463  -24.120  -78.517  -26.951 0.6999999881
107877  -24.926  -75.536  -22.924 0.5000000000
108163  -25.101  -81.570  -22.851 0.4000000060
110012  -16.955  -77.792  -22.373 0.5000000000
110216  -24.456  -67.621  -20.557 0.4000000060
110900  -18.849  -79.597  -21.518 0.5000000000
111218  -23.950  -77.091  -21.316 0.5000000000
112939  -21.105  -56.765  -6.304 0.3000000119
113025  -22.487  -56.517  -9.262 0.3000000119
113060  -20.306  -80.787  -28.555 0.5000000000
113400  -31.038  -82.358  -17.495 0.3000000119
113577  -22.084  -82.415  -26.731 0.5000000000
113808  -19.961  -67.557  -15.517 0.6000000238
113991  -13.731  -64.253  -11.415 0.6999999881
115401  -19.543  -65.953  -9.734 0.6000000238
115720  -21.689  -67.433  -9.510 0.5000000000
116420  -20.530  -68.544  -10.532 0.5000000000
116465  -21.767  -78.894  -22.702 0.6000000238
116541  -30.611  -78.549  -20.043 0.3000000119
117568  -19.702  -78.724  -21.451 0.6000000238
117680  -19.346  -70.338  -16.203 0.6000000238
117829  -21.671  -54.977  -7.618 0.3000000119
117855  -18.326  -69.029  -21.752 0.6000000238
118196  -29.318  -81.820  -17.729 0.3000000119
118515  -28.953  -77.993  -26.130 0.3000000119
118743  -19.176  -54.796  -9.725 0.4000000060
119045  -29.132  -79.606  -21.407 0.4000000060
119170  -26.310  -76.129  -22.810 0.4000000060
121466  -20.434  -75.097  -25.115 0.5000000000
121954  -16.829  -64.343  -9.510 0.6000000238
122325  -18.483  -73.794  -26.035 0.6000000238
123230  -23.842  -78.665  -25.337 0.6000000238
123806  -18.792  -65.728  -14.123 0.6000000238
123914  -21.469  -66.895  -9.342 0.5000000000
124077  -16.091  -83.467  -22.815 0.5000000000
124717  -28.428  -80.203  -22.380 0.4000000060
124818  -14.823  -63.190  -7.700 0.6000000238
124967  -27.999  -80.599  -17.625 0.3000000119
126432  -23.544  -58.804  -12.867 0.5000000000
126867  -26.488  -61.258  -6.115 0.4000000060
127063  -15.600  -60.711  -10.018 0.6000000238
127131  -28.952  -73.280  -24.971 0.4000000060
