#!ascii label  , from subject freesurfer vox2ras=TkReg
779
125256  -27.480  -20.960  -8.577 0.4285714328
56187  -28.115  -19.529  -8.654 0.2857142985
106498  -27.862  -20.412  -8.524 0.4285714328
56188  -29.029  -19.273  -8.214 0.4285714328
57973  -27.820  -18.213  -9.290 0.2857142985
57056  -28.410  -18.767  -8.790 0.4285714328
57974  -28.725  -17.978  -8.847 0.4285714328
58828  -27.769  -16.919  -10.133 0.4285714328
127266  -28.541  -16.884  -9.558 0.4285714328
59756  -28.494  -15.803  -10.525 0.4285714328
59757  -29.080  -15.253  -10.534 0.4285714328
59773  -28.150  -15.284  -11.825 0.5714285970
127444  -28.434  -15.384  -11.029 0.5714285970
60644  -28.816  -14.837  -11.157 0.4285714328
60645  -29.567  -14.609  -10.641 0.2857142985
61576  -28.895  -13.899  -12.296 0.7142857313
60666  -29.249  -14.177  -11.365 0.7142857313
62419  -29.831  -12.845  -12.352 0.7142857313
114468  -31.259  -12.835  -11.267 0.4285714328
61577  -29.631  -13.507  -11.767 0.7142857313
61578  -30.516  -13.150  -11.478 0.5714285970
63305  -31.453  -11.670  -11.977 0.5714285970
63304  -30.776  -11.749  -12.935 0.5714285970
63319  -31.468  -11.230  -12.864 0.5714285970
62439  -30.025  -12.299  -13.152 0.5714285970
63320  -32.028  -10.994  -11.790 0.4285714328
64208  -32.023  -10.374  -12.734 0.5714285970
64209  -32.857  -9.762  -12.465 0.5714285970
63334  -30.953  -11.445  -14.011 0.7142857313
65085  -32.292  -9.729  -13.426 0.7142857313
65086  -32.892  -9.159  -13.514 0.7142857313
65087  -33.785  -9.232  -12.373 0.5714285970
64207  -31.436  -10.864  -13.704 0.5714285970
64223  -30.130  -11.537  -14.748 0.5714285970
65100  -31.558  -10.483  -15.706 0.8571428657
65929  -33.673  -8.543  -13.752 0.7142857313
112702  -34.579  -8.375  -12.712 0.5714285970
64238  -30.992  -10.857  -15.845 0.5714285970
65948  -34.613  -8.359  -14.427 0.7142857313
126877  -35.007  -8.058  -13.187 0.5714285970
65101  -32.312  -9.668  -14.917 0.7142857313
123488  -33.855  -8.889  -15.426 0.7142857313
66828  -35.364  -8.691  -16.404 0.5714285970
65947  -33.067  -9.035  -14.920 0.7142857313
66829  -36.320  -7.673  -15.346 0.5714285970
65946  -32.676  -9.330  -15.846 0.5714285970
65966  -34.565  -8.906  -16.489 0.7142857313
66850  -35.957  -8.279  -17.681 0.7142857313
106567  -33.450  -8.926  -16.197 0.7142857313
66848  -34.496  -8.728  -16.863 0.7142857313
66849  -35.219  -8.609  -17.382 0.7142857313
67696  -36.427  -7.414  -17.847 0.7142857313
105909  -31.924  -9.316  -16.339 0.5714285970
68554  -36.633  -6.847  -17.811 0.5714285970
68555  -37.511  -6.436  -18.141 0.5714285970
67693  -34.296  -8.052  -16.970 0.8571428657
110924  -33.400  -8.243  -16.298 0.8571428657
68533  -36.296  -6.008  -15.901 0.7142857313
67694  -35.166  -7.695  -17.450 0.8571428657
68553  -35.900  -7.031  -17.297 0.7142857313
69380  -36.267  -4.755  -14.486 0.8571428657
69381  -37.345  -4.428  -14.743 0.5714285970
68532  -35.527  -5.591  -14.996 0.8571428657
120147  -34.050  -5.250  -14.348 0.8571428657
115904  -34.164  -7.010  -15.978 0.8571428657
68552  -34.746  -6.229  -15.372 0.8571428657
70209  -35.494  -3.568  -13.621 0.8571428657
71052  -36.063  -2.555  -13.608 0.8571428657
71926  -35.579  -1.700  -13.491 0.8571428657
69378  -34.664  -4.998  -14.224 0.8571428657
71925  -35.061  -2.500  -13.284 0.8571428657
71050  -33.977  -2.538  -13.159 1.0000000000
70208  -34.604  -4.061  -13.594 0.8571428657
121785  -34.612  -1.660  -13.142 1.0000000000
71051  -34.577  -3.210  -13.356 1.0000000000
72795  -34.235  -0.885  -13.197 1.0000000000
73653  -33.133  -0.009  -13.512 0.7142857313
71924  -33.655  -1.538  -13.016 1.0000000000
115570  -33.936  -0.289  -13.453 1.0000000000
75407  -33.911  2.115  -14.229 1.0000000000
76279  -34.194  3.474  -14.918 0.8571428657
78609  -33.925  6.760  -16.072 0.8571428657
77915  -33.969  5.029  -15.264 0.8571428657
79994  -33.056  8.131  -16.175 0.8571428657
79284  -33.556  7.475  -16.531 0.8571428657
79998  -32.704  8.817  -16.362 0.7142857313
79280  -32.794  7.622  -15.326 0.5714285970
81340  -31.385  9.623  -16.327 0.7142857313
80666  -29.437  8.400  -16.252 0.5714285970
79992  -31.378  8.397  -15.612 0.5714285970
80679  -28.322  8.416  -16.993 0.4285714328
81338  -28.647  9.792  -16.487 0.4285714328
119553  -28.013  11.043  -16.139 0.4285714328
119527  -25.051  9.365  -16.105 0.2857142985
119541  -26.286  9.110  -16.835 0.2857142985
80665  -24.632  9.741  -15.126 0.2857142985
57055  -27.516  -19.006  -9.192 0.2857142985
68534  -37.050  -5.600  -15.801 0.5714285970
70210  -36.678  -3.531  -13.949 0.8571428657
73654  -34.154  0.459  -13.933 0.8571428657
114911  -26.059  11.660  -11.896 0.1428571492
57986  -27.298  -17.749  -9.991 0.2857142985
57987  -28.176  -17.457  -9.402 0.4285714328
58830  -29.265  -16.632  -9.476 0.4285714328
59741  -29.386  -15.870  -9.927 0.4285714328
59755  -27.773  -15.961  -11.364 0.5714285970
60665  -28.523  -14.584  -12.046 0.5714285970
61561  -30.170  -13.910  -10.816 0.4285714328
60685  -28.293  -14.335  -12.926 0.2857142985
62420  -30.719  -12.302  -11.990 0.4285714328
63317  -29.657  -12.336  -14.022 0.5714285970
63321  -32.933  -10.551  -11.687 0.4285714328
63318  -30.309  -11.954  -14.081 0.7142857313
112538  -33.605  -10.012  -11.766 0.4285714328
64237  -30.696  -11.040  -15.417 0.5714285970
64225  -31.159  -11.010  -14.881 0.5714285970
65113  -31.330  -10.433  -16.341 0.5714285970
65949  -35.648  -8.046  -13.858 0.5714285970
65965  -33.559  -9.003  -16.141 0.7142857313
66851  -36.862  -7.701  -17.245 0.5714285970
120418  -32.099  -9.954  -16.278 0.8571428657
66867  -35.140  -8.323  -17.569 0.7142857313
105837  -35.153  -0.905  -13.545 1.0000000000
70206  -33.117  -3.102  -13.483 1.0000000000
72794  -33.383  -0.902  -13.226 0.8571428657
123560  -32.719  0.636  -13.530 0.7142857313
74543  -33.375  0.907  -13.855 1.0000000000
74544  -34.698  0.908  -14.546 1.0000000000
75406  -33.331  1.808  -13.849 0.7142857313
74559  -34.490  1.528  -14.659 1.0000000000
74542  -32.660  1.307  -13.546 0.7142857313
76261  -33.981  2.873  -14.384 0.8571428657
77924  -34.235  5.868  -15.792 0.8571428657
77137  -34.441  3.874  -15.895 1.0000000000
123173  -30.671  9.279  -16.141 0.7142857313
120394  -26.896  10.060  -16.811 0.4285714328
81339  -30.390  10.073  -16.349 0.4285714328
104808  -24.670  10.604  -15.162 0.2857142985
62438  -29.268  -12.973  -13.522 0.4285714328
62452  -29.255  -12.579  -14.001 0.4285714328
124608  -27.330  8.913  -17.061 0.4285714328
80680  -29.708  9.165  -16.273 0.7142857313
121512  -28.590  -19.972  -8.176 0.4285714328
56186  -27.174  -19.731  -8.928 0.2857142985
57072  -26.835  -18.513  -9.831 0.2857142985
58844  -27.255  -16.703  -11.104 0.2857142985
58845  -27.947  -16.308  -10.583 0.4285714328
58829  -28.524  -16.335  -9.961 0.4285714328
61594  -29.233  -13.382  -12.672 0.5714285970
65084  -31.715  -10.223  -14.115 0.7142857313
64224  -30.502  -11.346  -14.884 0.7142857313
63333  -29.880  -11.956  -14.408 0.7142857313
65964  -32.692  -9.238  -16.012 0.8571428657
67695  -35.794  -7.941  -17.838 0.7142857313
69379  -35.287  -4.575  -14.061 0.8571428657
120431  -33.690  -5.858  -14.947 0.8571428657
121309  -33.436  7.408  -15.798 0.8571428657
79993  -32.221  8.428  -15.863 0.7142857313
80682  -32.097  9.161  -16.325 0.7142857313
80681  -31.374  8.910  -16.020 0.5714285970
80667  -30.444  8.610  -15.780 0.5714285970
104617  -28.735  7.720  -16.579 0.4285714328
121420  -24.481  8.348  -14.787 0.2857142985
104896  -26.969  7.804  -17.439 0.2857142985
119521  -24.552  11.016  -13.420 0.2857142985
119633  -25.421  11.223  -12.061 0.1428571492
61593  -28.704  -13.664  -13.225 0.2857142985
107125  -33.999  1.312  -14.220 1.0000000000
83430  -27.976  13.724  -16.699 0.2857142985
84703  -25.476  15.305  -17.561 0.1428571492
104622  -27.431  11.954  -16.583 0.2857142985
83429  -26.073  13.530  -17.418 0.1428571492
84702  -24.892  15.428  -17.368 0.1428571492
104771  -25.085  11.829  -17.133 0.1428571492
119678  -25.312  13.076  -17.341 0.1428571492
83432  -30.774  13.213  -16.587 0.2857142985
82729  -28.551  12.717  -16.422 0.2857142985
80692  -33.420  9.890  -19.437 0.2857142985
82105  -32.052  11.214  -16.958 0.2857142985
84103  -24.867  14.505  -16.960 0.1428571492
82102  -29.064  11.799  -16.273 0.2857142985
80686  -33.091  9.626  -17.215 0.2857142985
82730  -30.005  12.512  -16.464 0.2857142985
79301  -33.867  7.413  -18.434 0.1428571492
81351  -32.952  10.307  -17.555 0.2857142985
82104  -31.331  11.487  -16.690 0.2857142985
81349  -30.714  10.961  -16.547 0.2857142985
104923  -33.559  3.641  -20.692 0.1428571492
78633  -33.715  6.213  -19.395 0.1428571492
107911  -33.509  9.100  -18.346 0.4285714328
81341  -32.081  9.834  -16.534 0.2857142985
122243  -34.148  5.166  -17.525 0.2857142985
79292  -33.675  7.612  -17.429 0.4285714328
80685  -32.673  9.453  -16.678 0.2857142985
82094  -29.627  10.902  -16.362 0.2857142985
111936  -34.357  2.910  -18.694 0.1428571492
79293  -34.017  6.320  -17.857 0.2857142985
79999  -33.154  8.882  -16.746 0.4285714328
79285  -33.900  6.599  -16.969 0.5714285970
116489  -33.377  8.192  -16.845 0.7142857313
76316  -34.678  2.016  -18.679 0.1428571492
77171  -34.448  2.641  -18.568 0.1428571492
75467  -34.922  1.768  -18.331 0.2857142985
75466  -34.828  1.830  -18.344 0.7142857313
78610  -34.217  6.005  -16.540 0.7142857313
76292  -34.576  2.833  -15.924 0.8571428657
77162  -34.408  3.293  -17.491 0.8571428657
116147  -34.245  5.133  -16.793 0.5714285970
75455  -36.182  2.068  -17.598 0.2857142985
74587  -35.570  1.779  -17.523 0.2857142985
77925  -34.346  4.575  -16.459 0.7142857313
104823  -33.542  5.883  -14.973 0.5714285970
74588  -36.906  1.770  -17.042 0.1428571492
75454  -34.945  2.094  -17.049 0.7142857313
74577  -37.103  1.213  -16.595 0.1428571492
70238  -31.078  -3.506  -15.347 0.5714285970
71049  -33.086  -2.162  -13.378 0.8571428657
71923  -32.935  -1.257  -12.961 0.8571428657
118593  -32.441  -1.799  -13.869 0.4285714328
112639  -32.360  -1.146  -13.609 0.5714285970
75426  -34.432  2.126  -14.838 0.8571428657
73655  -34.993  0.351  -14.285 0.8571428657
73692  -36.861  0.617  -15.953 0.2857142985
122889  -35.036  1.162  -15.100 0.8571428657
75441  -34.688  2.037  -15.900 0.8571428657
73693  -38.180  0.887  -16.325 0.4285714328
114503  -35.535  1.214  -15.951 0.7142857313
75442  -35.311  1.717  -16.768 0.7142857313
70236  -29.728  -3.488  -16.460 0.2857142985
71069  -32.427  -2.628  -13.964 0.5714285970
70222  -31.739  -3.097  -14.558 0.5714285970
73676  -36.393  0.130  -15.162 0.4285714328
73675  -35.659  0.629  -15.126 0.8571428657
72830  -37.442  0.093  -15.734 0.4285714328
66865  -30.729  -7.842  -16.130 0.7142857313
68563  -29.776  -5.797  -16.187 0.4285714328
66866  -31.468  -8.142  -16.032 0.7142857313
68550  -32.271  -6.200  -15.293 0.8571428657
68564  -31.142  -5.443  -16.075 0.5714285970
69405  -31.152  -4.514  -15.750 0.5714285970
105634  -29.844  -4.238  -16.445 0.4285714328
109355  -32.748  -5.528  -14.803 0.8571428657
69377  -33.884  -4.456  -13.757 0.8571428657
70224  -33.094  -4.097  -13.577 0.7142857313
108134  -31.753  -4.127  -14.734 0.5714285970
71927  -36.453  -1.782  -13.961 0.7142857313
72814  -35.641  -0.182  -14.329 0.7142857313
71958  -39.296  -1.086  -16.434 0.2857142985
71944  -37.484  -0.766  -15.371 0.4285714328
66845  -30.447  -8.648  -16.160 0.4285714328
66864  -29.971  -7.587  -15.947 0.4285714328
68551  -33.190  -6.813  -15.711 0.7142857313
67692  -32.377  -7.231  -15.766 0.7142857313
69396  -33.312  -4.895  -14.190 0.8571428657
70211  -37.584  -3.460  -14.534 0.7142857313
116083  -38.138  -1.920  -15.423 0.2857142985
71054  -37.753  -2.601  -14.872 0.5714285970
71053  -37.020  -2.605  -14.074 0.5714285970
65112  -31.062  -10.720  -16.166 0.4285714328
106258  -29.233  -9.255  -15.295 0.5714285970
66846  -31.135  -9.053  -16.465 0.5714285970
110615  -37.740  -5.153  -15.875 0.4285714328
70225  -38.210  -3.233  -15.421 0.4285714328
71070  -38.555  -2.496  -15.947 0.4285714328
110219  -29.668  -12.014  -14.236 0.5714285970
124705  -37.024  -7.398  -14.844 0.4285714328
67708  -38.261  -6.743  -18.387 0.4285714328
67697  -37.238  -6.938  -18.325 0.4285714328
104518  -39.083  -5.866  -18.307 0.4285714328
108894  -38.235  -5.239  -17.034 0.4285714328
60631  -29.894  -15.177  -10.162 0.1428571492
119281  -38.129  -7.385  -17.906 0.4285714328
61562  -31.324  -13.524  -10.686 0.1428571492
123709  -32.813  -11.356  -11.393 0.2857142985
65076  -36.876  -9.215  -12.377 0.2857142985
65952  -39.242  -8.696  -14.273 0.2857142985
65932  -37.387  -8.422  -13.177 0.2857142985
65088  -34.839  -9.251  -11.694 0.4285714328
66831  -38.683  -7.871  -14.729 0.2857142985
66830  -37.474  -7.684  -14.160 0.2857142985
65930  -35.443  -8.246  -12.571 0.2857142985
66852  -37.762  -7.241  -15.647 0.4285714328
60632  -30.729  -15.083  -9.976 0.1428571492
60646  -31.041  -14.426  -10.349 0.1428571492
61579  -31.963  -12.788  -10.749 0.2857142985
63306  -34.697  -11.324  -10.684 0.2857142985
64197  -35.987  -10.112  -10.995 0.2857142985
63322  -34.117  -10.666  -11.281 0.2857142985
114806  -36.391  -9.774  -11.697 0.2857142985
60647  -31.942  -14.188  -10.091 0.1428571492
61581  -33.741  -12.735  -10.399 0.2857142985
61563  -32.367  -13.431  -10.318 0.2857142985
62424  -34.240  -12.068  -10.595 0.2857142985
61580  -32.828  -12.750  -10.555 0.2857142985
111351  -33.696  -11.397  -11.167 0.2857142985
57057  -29.173  -18.517  -8.463 0.2857142985
119848  -30.085  -16.397  -9.415 0.1428571492
59742  -30.352  -15.717  -9.713 0.1428571492
105318  -28.044  -21.361  -8.453 0.2857142985
54571  -28.409  -22.228  -8.102 0.2857142985
53677  -27.680  -22.125  -8.468 0.2857142985
57988  -29.887  -17.105  -9.052 0.2857142985
118065  -28.901  -21.492  -7.911 0.1428571492
52760  -27.755  -23.044  -8.227 0.1428571492
61564  -33.270  -13.388  -10.159 0.2857142985
65077  -37.088  -10.144  -12.260 0.2857142985
63323  -35.225  -10.552  -10.855 0.2857142985
65950  -36.676  -7.691  -13.775 0.4285714328
66854  -40.537  -7.653  -15.407 0.2857142985
67707  -31.072  -6.838  -16.161 0.7142857313
67698  -38.944  -7.116  -17.749 0.4285714328
69395  -32.490  -4.579  -14.279 0.5714285970
110977  -38.215  -4.251  -15.723 0.4285714328
70226  -38.941  -3.341  -17.133 0.2857142985
71946  -38.896  -1.698  -16.425 0.2857142985
71945  -38.317  -1.157  -15.782 0.5714285970
77136  -33.659  4.318  -14.745 0.7142857313
72815  -36.556  -0.492  -14.846 0.7142857313
117762  -34.452  2.758  -15.036 0.8571428657
117721  -33.505  6.779  -15.193 0.5714285970
72831  -38.741  -0.221  -16.190 0.2857142985
117004  -31.551  10.522  -16.569 0.2857142985
116667  -34.248  3.732  -17.860 0.4285714328
116276  -33.696  8.341  -18.078 0.2857142985
125725  -33.883  6.906  -18.937 0.1428571492
82731  -31.063  12.348  -16.651 0.2857142985
55366  -28.675  -20.703  -8.116 0.1428571492
109934  -26.784  -20.574  -8.712 0.2857142985
126530  -29.654  -19.441  -7.894 0.1428571492
122210  -29.069  -17.302  -9.098 0.2857142985
60633  -31.575  -14.910  -9.755 0.1428571492
60648  -32.833  -13.982  -9.743 0.1428571492
62421  -31.687  -12.287  -11.410 0.2857142985
62423  -33.201  -12.086  -11.005 0.2857142985
64198  -36.598  -10.695  -11.556 0.2857142985
65962  -30.899  -9.854  -16.401 0.5714285970
64210  -34.468  -9.939  -11.416 0.2857142985
66863  -29.152  -7.337  -15.456 0.2857142985
65967  -40.164  -8.227  -14.895 0.2857142985
67699  -40.078  -7.110  -16.621 0.2857142985
67691  -31.752  -7.382  -15.829 0.5714285970
108118  -29.198  -5.224  -16.287 0.4285714328
116866  -30.677  -5.744  -16.316 0.5714285970
71077  -29.519  -2.781  -16.559 0.2857142985
70237  -30.460  -3.919  -16.095 0.5714285970
105181  -39.094  -6.719  -18.016 0.2857142985
123697  -37.105  -6.577  -17.394 0.4285714328
69394  -31.833  -5.283  -15.053 0.7142857313
71078  -30.275  -2.884  -15.735 0.2857142985
107890  -39.515  -5.408  -17.671 0.1428571492
104523  -39.157  -4.104  -17.828 0.4285714328
104522  -38.811  -4.606  -18.014 0.4285714328
70239  -39.522  -3.437  -17.503 0.1428571492
108255  -34.700  -0.215  -13.746 0.8571428657
70246  -39.632  -2.929  -17.633 0.1428571492
71928  -37.346  -1.740  -14.773 0.5714285970
73691  -36.240  0.952  -16.143 0.7142857313
74578  -37.865  1.641  -16.561 0.2857142985
125756  -37.706  1.885  -16.776 0.1428571492
104789  -25.558  10.672  -16.516 0.2857142985
74576  -36.101  1.399  -16.803 0.4285714328
76315  -34.461  2.256  -18.380 0.5714285970
77172  -34.749  2.486  -18.830 0.1428571492
104621  -24.705  12.564  -16.957 0.1428571492
77941  -34.273  3.582  -18.521 0.1428571492
80002  -33.432  8.831  -17.493 0.2857142985
78626  -33.926  4.664  -18.389 0.2857142985
77949  -33.949  3.221  -19.173 0.1428571492
77948  -33.728  3.452  -19.779 0.1428571492
104603  -33.441  4.827  -19.919 0.1428571492
80005  -33.631  8.596  -18.933 0.2857142985
105921  -33.716  7.675  -19.531 0.1428571492
127173  -33.713  6.999  -19.907 0.1428571492
56189  -30.236  -19.749  -7.767 0.1428571492
59743  -31.185  -15.614  -9.493 0.1428571492
65089  -37.781  -9.634  -12.987 0.2857142985
104608  -33.285  5.062  -21.063 0.1428571492
54570  -27.036  -21.500  -8.589 0.2857142985
56208  -29.875  -18.805  -8.104 0.1428571492
57073  -29.668  -17.871  -8.583 0.1428571492
115414  -30.280  -14.631  -10.363 0.1428571492
110070  -32.240  -11.774  -11.398 0.2857142985
65963  -31.521  -9.845  -16.496 0.4285714328
104517  -38.999  -6.044  -18.282 0.4285714328
66847  -32.453  -8.451  -16.047 0.7142857313
72796  -35.998  -1.025  -14.055 0.7142857313
70207  -33.838  -3.579  -13.371 0.8571428657
70223  -32.409  -3.612  -14.023 0.5714285970
119554  -26.108  11.326  -16.902 0.2857142985
84113  -26.256  14.420  -17.433 0.1428571492
83428  -25.283  13.925  -17.215 0.1428571492
82728  -26.608  12.892  -17.185 0.2857142985
83431  -29.648  13.384  -16.486 0.2857142985
119526  -25.564  12.272  -17.303 0.1428571492
80689  -33.338  9.883  -18.117 0.2857142985
82732  -31.725  12.071  -17.065 0.2857142985
104964  -24.894  13.483  -16.886 0.1428571492
81350  -32.458  10.282  -16.954 0.2857142985
82103  -30.386  11.673  -16.514 0.2857142985
120523  -33.885  6.035  -18.601 0.1428571492
104609  -33.542  6.269  -20.335 0.1428571492
77950  -34.269  3.102  -19.016 0.1428571492
78625  -33.705  4.533  -19.053 0.2857142985
122937  -34.974  1.577  -17.918 0.5714285970
76304  -34.646  2.701  -17.213 0.7142857313
75427  -34.908  1.589  -15.548 0.8571428657
71068  -31.840  -2.196  -14.430 0.5714285970
71943  -31.835  -1.455  -14.237 0.4285714328
71079  -31.106  -2.554  -14.966 0.4285714328
67706  -30.347  -6.701  -16.131 0.4285714328
68549  -31.598  -6.374  -15.646 0.7142857313
69403  -29.958  -5.019  -16.453 0.4285714328
69404  -30.587  -4.809  -16.320 0.5714285970
108970  -29.152  -4.537  -16.488 0.2857142985
112024  -36.703  -1.176  -14.553 0.5714285970
65961  -29.899  -9.076  -15.772 0.5714285970
71071  -39.520  -2.398  -17.036 0.2857142985
65931  -36.399  -8.292  -12.694 0.2857142985
104516  -39.220  -6.315  -18.045 0.4285714328
112693  -38.875  -5.217  -18.423 0.4285714328
62422  -32.430  -12.333  -11.048 0.2857142985
124169  -36.076  -8.993  -12.001 0.2857142985
65951  -38.166  -8.382  -13.941 0.2857142985
127196  -35.321  -8.843  -11.943 0.2857142985
65075  -35.701  -9.474  -11.473 0.2857142985
66853  -39.462  -7.441  -16.183 0.4285714328
107570  -36.035  -10.789  -10.876 0.2857142985
104620  -24.612  13.111  -15.832 0.1428571492
123680  -29.341  -20.889  -7.775 0.1428571492
124446  -24.456  12.483  -16.135 0.1428571492
76278  -33.442  3.596  -14.248 0.4285714328
104616  -32.746  3.532  -13.736 0.4285714328
104999  -33.213  2.803  -13.739 0.4285714328
74541  -31.956  0.879  -13.279 0.4285714328
110369  -31.960  1.216  -13.708 0.4285714328
75405  -32.645  2.246  -13.525 0.5714285970
72793  -32.698  -0.617  -13.159 0.5714285970
65953  -40.432  -8.866  -14.236 0.1428571492
66815  -41.032  -8.310  -14.538 0.1428571492
60664  -27.920  -15.042  -12.752 0.2857142985
65933  -38.421  -9.015  -13.593 0.1428571492
125667  -41.145  -10.003  -12.934 0.1428571492
65103  -40.567  -9.596  -13.833 0.1428571492
65934  -40.910  -8.689  -12.383 0.1428571492
65954  -41.104  -8.976  -13.905 0.1428571492
59772  -27.326  -15.691  -12.393 0.2857142985
112148  -37.988  -11.005  -12.878 0.1428571492
115150  -39.352  -10.987  -13.542 0.1428571492
64212  -37.719  -10.456  -12.742 0.1428571492
64228  -40.565  -10.309  -13.546 0.1428571492
65078  -40.364  -9.849  -11.558 0.1428571492
65882  -39.484  -8.856  -8.723 0.1428571492
65065  -39.673  -9.460  -10.743 0.1428571492
65893  -39.325  -8.646  -9.558 0.1428571492
58858  -26.807  -16.464  -11.952 0.2857142985
62413  -35.981  -12.159  -10.872 0.1428571492
62426  -36.601  -12.237  -11.558 0.1428571492
63309  -37.017  -11.595  -11.873 0.1428571492
63307  -35.618  -11.386  -10.703 0.1428571492
64199  -37.385  -10.960  -12.265 0.1428571492
63336  -40.099  -11.618  -13.504 0.1428571492
63325  -38.630  -11.303  -13.349 0.1428571492
63327  -40.591  -11.098  -12.875 0.1428571492
64200  -40.179  -10.631  -11.459 0.1428571492
65047  -39.326  -10.069  -10.063 0.1428571492
64179  -39.335  -10.321  -9.154 0.1428571492
58843  -26.382  -17.102  -11.629 0.2857142985
58002  -25.912  -17.705  -11.391 0.2857142985
61582  -34.668  -12.810  -10.424 0.1428571492
61568  -36.232  -12.903  -11.276 0.1428571492
62427  -37.318  -12.351  -12.194 0.1428571492
63335  -39.473  -11.701  -13.621 0.1428571492
63324  -37.830  -11.664  -12.699 0.1428571492
62429  -40.365  -11.892  -12.588 0.1428571492
64192  -39.502  -10.891  -10.607 0.1428571492
63310  -40.078  -11.867  -11.714 0.1428571492
65872  -39.858  -9.040  -7.916 0.1428571492
65038  -39.534  -9.690  -8.512 0.1428571492
61565  -34.171  -13.492  -10.191 0.1428571492
61566  -35.035  -13.589  -10.455 0.1428571492
61583  -36.594  -13.633  -11.859 0.1428571492
61567  -35.834  -13.628  -10.998 0.1428571492
107885  -38.781  -13.338  -14.134 0.1428571492
110552  -36.857  -12.872  -11.854 0.1428571492
61607  -39.630  -13.247  -13.838 0.1428571492
62440  -38.026  -12.417  -13.132 0.1428571492
62442  -40.170  -12.710  -13.117 0.1428571492
64178  -39.117  -10.930  -9.781 0.1428571492
63299  -39.454  -11.689  -10.847 0.1428571492
64164  -39.561  -10.560  -8.323 0.1428571492
63286  -39.347  -11.154  -8.919 0.1428571492
60650  -34.570  -14.383  -10.070 0.1428571492
125557  -36.170  -15.037  -11.900 0.1428571492
60667  -36.078  -14.399  -11.434 0.1428571492
60651  -35.391  -14.394  -10.716 0.1428571492
61595  -37.071  -13.981  -12.936 0.1428571492
60699  -39.461  -14.040  -13.830 0.1428571492
61605  -38.176  -13.899  -14.392 0.1428571492
61597  -39.957  -13.365  -12.656 0.1428571492
61570  -39.503  -12.430  -11.252 0.1428571492
63298  -39.038  -11.465  -10.205 0.1428571492
62428  -40.105  -12.616  -12.213 0.1428571492
59789  -35.891  -15.785  -12.036 0.1428571492
59774  -35.650  -15.130  -11.258 0.1428571492
60696  -37.335  -14.820  -14.194 0.1428571492
59790  -36.344  -15.204  -12.800 0.1428571492
60704  -38.330  -14.365  -14.755 0.1428571492
60687  -37.491  -14.247  -13.928 0.1428571492
60689  -39.691  -14.090  -13.086 0.1428571492
60668  -36.514  -14.476  -12.354 0.1428571492
61596  -37.646  -13.655  -13.581 0.1428571492
62454  -39.012  -12.557  -13.865 0.1428571492
63308  -36.324  -11.483  -11.205 0.1428571492
65025  -39.888  -9.956  -7.854 0.1428571492
66755  -40.172  -8.304  -7.775 0.1428571492
65079  -40.754  -10.376  -12.435 0.1428571492
64193  -39.762  -10.180  -10.870 0.1428571492
124012  -41.257  -8.430  -13.765 0.1428571492
58003  -26.824  -17.395  -10.861 0.2857142985
123700  -38.891  -12.217  -10.251 0.1428571492
65026  -40.405  -9.541  -7.393 0.1428571492
65873  -40.578  -8.741  -7.384 0.1428571492
73652  -32.219  0.038  -13.429 0.4285714328
66763  -39.799  -8.300  -8.303 0.1428571492
65048  -39.311  -9.466  -9.351 0.1428571492
65906  -39.468  -8.534  -10.589 0.1428571492
109952  -39.574  -8.085  -8.920 0.1428571492
104615  -32.965  5.246  -14.381 0.4285714328
80008  -33.335  9.110  -20.330 0.1428571492
81359  -33.104  10.566  -19.105 0.1428571492
62425  -35.175  -12.088  -10.513 0.1428571492
60649  -33.684  -14.047  -9.781 0.1428571492
108729  -40.630  -6.752  -16.041 0.1428571492
105019  -39.822  -6.411  -17.293 0.1428571492
65090  -38.776  -9.727  -13.506 0.1428571492
65102  -39.561  -9.379  -13.938 0.1428571492
65091  -41.131  -9.705  -13.374 0.1428571492
65935  -41.283  -8.888  -13.189 0.1428571492
65922  -41.054  -9.517  -12.529 0.1428571492
64214  -40.892  -10.361  -13.150 0.1428571492
64226  -39.757  -10.237  -13.659 0.1428571492
65921  -40.329  -9.008  -11.560 0.1428571492
66802  -39.962  -8.014  -11.629 0.1428571492
64213  -38.564  -10.506  -13.295 0.1428571492
64227  -40.038  -11.007  -13.567 0.1428571492
63337  -40.373  -10.978  -13.300 0.1428571492
65892  -39.269  -9.218  -10.051 0.1428571492
62412  -35.527  -12.856  -10.679 0.1428571492
62441  -38.626  -11.900  -13.451 0.1428571492
63311  -40.425  -11.201  -12.075 0.1428571492
63326  -40.282  -11.783  -13.221 0.1428571492
127546  -39.958  -11.258  -11.342 0.1428571492
62455  -39.899  -12.297  -13.627 0.1428571492
62453  -38.201  -13.147  -13.705 0.1428571492
61584  -37.400  -13.144  -12.663 0.1428571492
61569  -38.938  -13.008  -10.772 0.1428571492
60686  -36.843  -14.657  -13.392 0.1428571492
123235  -25.173  -23.079  -8.569 0.1428571492
53676  -26.879  -22.467  -8.492 0.1428571492
53674  -25.080  -22.231  -8.809 0.1428571492
54569  -26.059  -21.898  -8.586 0.1428571492
120856  -25.586  -20.615  -9.061 0.1428571492
56185  -25.952  -19.888  -9.265 0.1428571492
56206  -25.585  -19.599  -10.163 0.1428571492
57071  -25.624  -18.942  -10.601 0.1428571492
56207  -26.471  -19.219  -9.597 0.1428571492
56184  -24.767  -20.324  -10.490 0.1428571492
57985  -26.264  -18.099  -10.711 0.1428571492
58001  -25.311  -17.794  -11.474 0.1428571492
58011  -25.318  -17.122  -11.684 0.1428571492
121116  -26.072  -16.036  -12.475 0.1428571492
58012  -25.892  -16.832  -12.087 0.1428571492
59788  -27.422  -15.123  -12.908 0.1428571492
59787  -26.690  -15.318  -12.723 0.2857142985
61592  -28.183  -13.924  -13.310 0.2857142985
64235  -29.095  -10.623  -14.540 0.4285714328
65111  -30.056  -10.125  -15.476 0.4285714328
72829  -31.123  -1.135  -14.578 0.2857142985
72812  -30.949  -0.270  -14.355 0.2857142985
122370  -31.765  3.378  -13.852 0.2857142985
106431  -32.779  4.296  -14.074 0.2857142985
59786  -25.783  -15.233  -12.475 0.1428571492
56205  -24.967  -19.937  -11.106 0.1428571492
57087  -25.035  -18.526  -11.439 0.1428571492
58857  -25.252  -16.382  -11.917 0.1428571492
60682  -26.143  -14.614  -12.657 0.2857142985
60684  -27.776  -14.622  -13.109 0.2857142985
60683  -27.123  -14.753  -13.044 0.2857142985
61591  -27.514  -14.077  -13.157 0.2857142985
62437  -28.687  -13.304  -13.719 0.2857142985
63332  -28.854  -12.177  -13.921 0.4285714328
63346  -28.492  -11.038  -13.942 0.2857142985
121336  -31.307  -1.823  -14.687 0.2857142985
72828  -30.458  -0.768  -15.143 0.2857142985
72813  -31.775  -0.657  -13.938 0.2857142985
114459  -30.565  0.044  -14.916 0.2857142985
73674  -31.456  0.240  -13.794 0.2857142985
74558  -31.489  1.813  -13.918 0.2857142985
75424  -30.455  2.279  -14.868 0.2857142985
108860  -32.472  3.191  -13.783 0.2857142985
62436  -27.930  -13.379  -13.477 0.2857142985
71956  -30.032  -1.405  -15.596 0.2857142985
73690  -30.404  0.701  -15.212 0.2857142985
74557  -30.754  1.348  -14.495 0.2857142985
114577  -31.431  1.057  -13.646 0.2857142985
73689  -29.708  0.633  -15.808 0.2857142985
64222  -29.484  -11.492  -14.415 0.4285714328
64236  -29.926  -10.977  -14.983 0.4285714328
62451  -28.656  -12.970  -13.843 0.4285714328
55365  -26.158  -21.143  -8.669 0.1428571492
75404  -32.024  2.801  -14.014 0.2857142985
123574  -25.748  -17.320  -11.690 0.1428571492
53675  -25.922  -22.807  -8.504 0.1428571492
113720  -25.369  -21.364  -8.881 0.1428571492
57088  -25.108  -18.415  -11.367 0.1428571492
57070  -25.020  -19.283  -11.398 0.1428571492
74575  -29.987  1.516  -15.554 0.2857142985
105095  -28.354  -8.941  -15.060 0.2857142985
65110  -28.896  -9.768  -14.813 0.2857142985
65976  -29.503  -8.180  -15.727 0.2857142985
84123  -31.637  14.019  -18.954 0.1428571492
83445  -31.923  13.448  -19.771 0.1428571492
83440  -31.811  13.212  -18.211 0.1428571492
82113  -32.576  11.377  -18.421 0.1428571492
84127  -31.388  14.742  -19.647 0.1428571492
122092  -31.965  12.543  -17.674 0.1428571492
83419  -30.593  13.999  -16.576 0.1428571492
84712  -28.173  16.114  -17.535 0.1428571492
65960  -28.926  -8.568  -15.383 0.2857142985
66844  -28.451  -7.776  -15.326 0.2857142985
82120  -32.667  11.471  -19.696 0.1428571492
82747  -32.021  12.884  -20.358 0.1428571492
81355  -32.905  10.738  -18.313 0.1428571492
82741  -32.201  12.660  -18.727 0.1428571492
81354  -32.524  10.940  -17.580 0.1428571492
84116  -31.100  14.426  -16.973 0.1428571492
84706  -29.983  15.258  -17.372 0.1428571492
84115  -30.364  14.643  -16.874 0.1428571492
84114  -28.299  14.558  -16.855 0.1428571492
84704  -27.275  15.307  -17.266 0.1428571492
109606  -29.480  14.130  -16.665 0.1428571492
82112  -32.278  11.837  -17.819 0.1428571492
83433  -31.531  13.007  -17.057 0.1428571492
64245  -29.507  -10.366  -14.953 0.2857142985
83439  -31.466  13.842  -17.563 0.1428571492
123911  -31.192  13.784  -16.774 0.1428571492
82119  -32.408  12.081  -19.197 0.1428571492
72838  -28.699  -0.313  -16.756 0.1428571492
122842  -29.742  -0.849  -15.763 0.1428571492
72839  -29.387  -0.189  -16.095 0.1428571492
75452  -28.122  3.392  -17.121 0.1428571492
76303  -28.456  3.562  -16.568 0.1428571492
127050  -29.571  -1.520  -16.031 0.1428571492
75440  -29.569  2.435  -15.616 0.1428571492
110387  -29.667  3.520  -15.155 0.1428571492
76276  -30.270  3.161  -14.737 0.1428571492
76277  -30.864  3.623  -14.343 0.2857142985
70245  -28.841  -2.656  -17.044 0.1428571492
73700  -28.303  0.458  -16.961 0.1428571492
75425  -31.151  2.894  -14.169 0.1428571492
76260  -31.952  3.891  -13.834 0.1428571492
104971  -31.910  4.764  -14.146 0.2857142985
119597  -30.329  7.307  -14.835 0.2857142985
119674  -30.006  6.841  -14.588 0.2857142985
79965  -25.770  8.691  -13.798 0.1428571492
104931  -32.783  6.270  -14.497 0.2857142985
120118  -31.840  6.653  -14.472 0.2857142985
119676  -30.855  6.785  -14.441 0.2857142985
79984  -31.841  7.857  -15.288 0.2857142985
119511  -28.426  6.743  -16.281 0.2857142985
119522  -31.226  6.083  -14.228 0.1428571492
112940  -30.054  3.578  -14.841 0.2857142985
104618  -29.321  6.994  -15.329 0.2857142985
119657  -27.115  7.201  -17.515 0.1428571492
104904  -27.704  7.099  -17.127 0.2857142985
79989  -25.934  7.954  -16.655 0.1428571492
79990  -26.755  7.254  -17.282 0.1428571492
104948  -29.087  3.897  -15.458 0.2857142985
119512  -29.011  6.654  -14.514 0.1428571492
80649  -27.149  9.190  -12.525 0.1428571492
119673  -28.169  6.250  -14.906 0.1428571492
104614  -27.896  4.132  -14.742 0.1428571492
74579  -38.467  1.163  -16.182 0.1428571492
72832  -39.805  -1.342  -16.582 0.1428571492
125994  -29.133  -3.226  -16.878 0.1428571492
126731  -27.964  -1.705  -17.266 0.1428571492
71971  -27.703  -1.112  -17.376 0.1428571492
73705  -27.820  0.474  -17.295 0.1428571492
74595  -28.019  1.276  -17.183 0.1428571492
74586  -28.542  1.359  -16.617 0.1428571492
104782  -31.874  5.677  -14.229 0.1428571492
119536  -29.505  6.941  -15.057 0.2857142985
119672  -27.564  6.853  -17.071 0.1428571492
104965  -27.135  7.193  -14.972 0.1428571492
80678  -25.900  8.322  -16.662 0.1428571492
79966  -26.981  8.139  -13.739 0.1428571492
109663  -39.410  -0.705  -16.253 0.1428571492
73694  -39.013  0.161  -16.133 0.1428571492
79983  -30.833  7.967  -15.197 0.2857142985
80677  -24.845  8.712  -16.032 0.1428571492
80648  -24.612  9.533  -13.711 0.1428571492
105128  -29.683  7.749  -15.627 0.2857142985
79991  -27.811  7.355  -17.321 0.2857142985
79982  -25.417  7.578  -15.031 0.1428571492
104803  -24.691  11.543  -13.949 0.1428571492
116799  -29.100  -3.799  -16.702 0.1428571492
70235  -28.317  -4.140  -16.590 0.1428571492
107977  -29.822  -2.094  -15.881 0.1428571492
71968  -39.968  -1.813  -17.085 0.1428571492
117678  -29.107  -1.130  -16.496 0.1428571492
73701  -28.966  0.526  -16.348 0.1428571492
74574  -29.108  1.969  -16.167 0.1428571492
72845  -28.116  -0.344  -17.300 0.1428571492
72844  -27.394  -0.378  -17.353 0.1428571492
75453  -28.780  2.851  -16.320 0.1428571492
112454  -29.101  3.317  -15.732 0.1428571492
75423  -29.793  2.941  -15.147 0.1428571492
71967  -29.256  -2.045  -16.583 0.1428571492
71087  -27.809  -2.453  -17.134 0.1428571492
77135  -31.047  4.398  -14.241 0.2857142985
105243  -28.574  7.019  -16.406 0.2857142985
126221  -26.158  9.654  -13.308 0.1428571492
79277  -32.690  6.988  -14.732 0.2857142985
104986  -32.152  7.307  -14.883 0.2857142985
104838  -31.352  7.341  -14.775 0.2857142985
105087  -26.725  7.405  -17.311 0.1428571492
104769  -24.855  12.250  -14.875 0.1428571492
79997  -27.304  7.280  -17.434 0.2857142985
60663  -25.230  -14.579  -12.258 0.1428571492
61590  -26.534  -13.978  -12.864 0.1428571492
112066  -26.949  -13.471  -13.138 0.1428571492
62418  -24.996  -13.018  -12.185 0.1428571492
62433  -25.115  -12.304  -12.803 0.1428571492
63315  -25.242  -11.558  -13.303 0.1428571492
62434  -25.859  -13.119  -12.935 0.1428571492
63316  -25.920  -12.240  -13.265 0.1428571492
64219  -25.436  -10.694  -13.685 0.1428571492
63331  -27.507  -11.468  -13.604 0.1428571492
64221  -27.593  -10.585  -13.813 0.1428571492
65098  -26.123  -9.806  -13.872 0.1428571492
64234  -28.170  -10.146  -14.201 0.1428571492
65109  -27.759  -9.352  -14.596 0.1428571492
67704  -28.493  -6.842  -15.370 0.1428571492
77133  -29.671  3.623  -15.120 0.1428571492
62435  -26.879  -12.782  -13.249 0.1428571492
61574  -24.785  -13.749  -11.818 0.1428571492
67705  -29.396  -6.659  -15.672 0.1428571492
61575  -25.482  -13.866  -12.555 0.1428571492
62450  -27.823  -12.514  -13.555 0.1428571492
62417  -24.221  -12.164  -11.754 0.1428571492
63330  -26.194  -11.454  -13.510 0.1428571492
62449  -26.846  -12.073  -13.377 0.1428571492
64220  -26.645  -10.638  -13.748 0.1428571492
65097  -25.046  -9.837  -13.944 0.1428571492
65099  -27.151  -9.898  -14.071 0.1428571492
64206  -24.617  -10.970  -13.266 0.1428571492
60662  -24.575  -14.437  -11.452 0.1428571492
61606  -38.953  -13.899  -14.381 0.1428571492
64211  -35.272  -9.857  -11.186 0.2857142985
65883  -40.802  -7.930  -7.497 0.1428571492
66868  -35.496  -8.181  -17.689 0.7142857313
70244  -28.297  -3.309  -16.955 0.1428571492
71088  -39.976  -2.170  -17.502 0.1428571492
71957  -30.614  -1.801  -15.246 0.2857142985
71959  -39.798  -1.753  -16.958 0.1428571492
71960  -39.946  -1.472  -16.761 0.1428571492
72827  -30.092  -0.047  -15.514 0.1428571492
73673  -30.877  0.553  -14.245 0.2857142985
74594  -27.446  1.496  -17.337 0.1428571492
84112  -25.050  14.910  -17.345 0.1428571492
104515  -38.740  -6.106  -18.476 0.4285714328
104519  -39.467  -6.185  -17.772 0.4285714328
104520  -39.520  -6.005  -17.731 0.4285714328
107997  -28.635  -1.851  -17.048 0.1428571492
115190  -39.820  -2.534  -17.555 0.1428571492
119060  -28.423  -1.081  -17.165 0.1428571492
120093  -29.275  1.208  -16.086 0.1428571492
123241  -39.862  -13.477  -13.315 0.1428571492
126016  -31.088  -6.053  -16.219 0.5714285970
