#!ascii label  , from subject freesurfer vox2ras=TkReg
1048
79430  45.521  6.910  36.007 0.0000000000
80984  50.717  8.468  27.307 0.0000000000
84183  54.004  11.924  27.129 0.0000000000
77946  51.457  4.615  19.873 0.0000000000
76221  45.734  2.077  30.820 0.0000000000
82475  58.428  11.603  33.909 0.0000000000
81028  52.410  8.414  20.847 0.0000000000
83446  42.851  11.960  22.552 0.0000000000
80931  54.373  8.685  33.475 0.0000000000
79463  49.770  6.324  32.522 0.0000000000
77054  47.314  3.409  26.281 0.0000000000
121531  47.834  11.766  26.325 0.0000000000
83458  49.935  12.699  21.996 0.0000000000
107132  56.535  10.804  26.584 0.0000000000
127948  54.675  11.680  18.471 0.0000000000
85729  43.109  14.512  23.457 0.0000000000
79426  50.245  6.633  35.998 0.0000000000
79457  48.333  5.898  34.975 0.0000000000
127091  46.067  2.562  28.230 0.0000000000
82544  52.987  10.699  29.844 0.0000000000
82530  49.541  10.788  30.537 0.0000000000
83404  50.461  11.466  26.679 0.0000000000
85024  49.150  14.317  22.443 0.0000000000
85005  51.919  13.867  23.814 0.0000000000
120252  52.340  8.697  29.686 0.0000000000
81699  55.590  9.381  30.075 0.0000000000
81749  53.691  9.635  26.909 0.0000000000
79566  53.368  6.830  18.056 0.0000000000
122402  55.097  10.037  18.279 0.0000000000
122830  51.279  8.275  18.142 0.0000000000
81038  50.266  8.530  19.293 0.0000000000
77961  48.693  5.491  19.485 0.0000000000
76316  46.750  2.787  22.495 0.0000000000
78674  43.314  5.073  34.658 0.0000000000
77834  45.696  4.272  33.515 0.0000000000
118355  56.015  11.508  29.853 0.0000000000
79526  49.595  6.216  23.452 0.0000000000
81014  51.349  8.776  23.143 0.0000000000
119981  51.410  5.970  20.867 0.0000000000
78766  54.902  5.795  18.488 0.0000000000
82433  55.516  10.116  37.643 0.0000000000
80909  52.821  8.108  36.384 0.0000000000
80205  51.387  7.893  32.684 0.0000000000
80233  49.887  7.497  29.598 0.0000000000
126609  47.425  4.246  31.730 0.0000000000
110875  47.334  5.784  28.714 0.0000000000
114829  48.162  6.800  26.263 0.0000000000
114515  49.719  3.765  24.685 0.0000000000
78663  40.318  5.410  35.996 0.0000000000
82533  46.683  10.748  30.792 0.0000000000
84184  44.790  12.337  26.962 0.0000000000
85044  45.615  14.437  21.814 0.0000000000
84252  45.576  12.810  21.084 0.0000000000
81768  47.498  9.348  24.428 0.0000000000
81669  57.744  9.838  34.271 0.0000000000
82539  59.294  11.147  29.634 0.0000000000
84190  57.603  12.458  26.427 0.0000000000
82617  53.674  10.352  23.071 0.0000000000
83452  57.322  12.133  22.162 0.0000000000
85018  55.198  13.477  23.093 0.0000000000
83456  52.010  11.616  21.850 0.0000000000
81785  49.047  8.989  22.963 0.0000000000
85722  43.108  15.401  25.122 0.0000000000
85721  43.879  15.599  25.116 0.0000000000
115010  47.623  6.947  36.614 0.0000000000
79444  46.753  6.453  35.657 0.0000000000
83365  53.638  11.241  28.529 0.0000000000
83348  51.921  10.865  28.806 0.0000000000
83402  52.167  11.615  26.818 0.0000000000
84212  51.563  12.822  25.359 0.0000000000
113632  52.415  12.687  25.522 0.0000000000
109880  51.589  8.587  28.602 0.0000000000
81726  53.007  9.281  28.220 0.0000000000
81739  52.046  9.260  27.351 0.0000000000
78777  52.098  5.765  18.516 0.0000000000
80324  52.373  8.112  17.822 0.0000000000
78789  50.516  6.536  18.542 0.0000000000
79569  50.017  6.942  18.563 0.0000000000
77960  49.583  5.369  19.591 0.0000000000
77126  48.658  3.824  21.327 0.0000000000
77139  50.297  3.862  20.824 0.0000000000
76995  43.344  3.757  34.163 0.0000000000
82492  55.578  10.965  32.395 0.0000000000
83309  57.937  11.501  32.245 0.0000000000
78742  50.043  5.098  22.920 0.0000000000
79540  50.477  6.371  22.017 0.0000000000
77931  51.302  5.068  21.797 0.0000000000
78755  55.016  5.488  19.521 0.0000000000
77954  55.986  5.302  18.395 0.0000000000
77955  55.422  5.425  18.157 0.0000000000
79456  50.263  5.890  34.908 0.0000000000
79455  50.895  6.486  34.808 0.0000000000
79462  50.295  6.832  33.003 0.0000000000
80208  50.625  7.735  31.511 0.0000000000
79475  49.571  6.729  30.899 0.0000000000
76208  45.826  3.194  32.696 0.0000000000
77839  46.895  3.949  32.783 0.0000000000
77013  46.654  3.325  31.640 0.0000000000
116076  46.446  3.248  27.428 0.0000000000
119451  46.746  4.583  28.997 0.0000000000
77876  46.538  4.598  27.295 0.0000000000
79500  47.563  6.424  27.552 0.0000000000
78720  47.265  5.519  26.399 0.0000000000
78728  48.305  5.207  25.052 0.0000000000
77074  48.534  3.758  25.358 0.0000000000
76284  52.213  2.641  25.733 0.0000000000
82563  48.383  10.933  28.718 0.0000000000
112513  48.136  10.684  31.120 0.0000000000
83371  47.380  11.109  28.637 0.0000000000
119646  45.411  11.551  28.360 0.0000000000
83408  46.545  11.880  26.435 0.0000000000
84232  45.224  13.190  24.670 0.0000000000
126647  46.908  12.949  24.419 0.0000000000
84264  48.875  14.403  20.831 0.0000000000
85062  47.932  15.230  19.833 0.0000000000
84250  48.396  13.116  21.170 0.0000000000
83443  47.040  11.735  22.801 0.0000000000
83442  48.053  11.546  22.902 0.0000000000
81663  55.001  9.182  35.853 0.0000000000
81662  55.975  9.386  35.707 0.0000000000
81678  55.819  9.061  33.639 0.0000000000
82560  55.993  10.217  28.077 0.0000000000
81707  57.655  10.099  30.326 0.0000000000
82559  58.519  10.816  28.250 0.0000000000
83379  58.553  11.912  27.877 0.0000000000
83399  57.839  11.853  26.024 0.0000000000
81020  52.104  8.902  21.647 0.0000000000
112787  52.575  9.706  23.102 0.0000000000
107395  52.721  9.414  21.956 0.0000000000
82660  56.106  11.153  17.805 0.0000000000
83470  55.890  11.497  20.581 0.0000000000
84274  56.145  12.040  19.454 0.0000000000
85034  57.262  13.176  22.352 0.0000000000
85054  55.313  13.324  21.012 0.0000000000
84245  53.154  13.420  22.048 0.0000000000
83481  53.369  11.343  20.398 0.0000000000
80301  48.301  7.337  19.632 0.0000000000
81031  49.471  8.300  21.135 0.0000000000
80294  47.730  7.257  21.273 0.0000000000
80288  46.828  6.966  22.751 0.0000000000
83273  58.498  11.572  35.741 0.0000000000
111411  41.913  13.708  24.312 0.0000000000
85029  42.785  13.698  22.709 0.0000000000
80896  50.348  8.704  37.025 0.0000000000
80913  48.838  7.850  37.021 0.0000000000
79442  48.931  6.205  35.681 0.0000000000
78677  49.481  5.252  33.621 0.0000000000
76232  45.738  2.124  29.777 0.0000000000
82528  51.569  10.846  30.488 0.0000000000
83368  50.716  10.967  28.423 0.0000000000
83405  49.419  11.556  26.470 0.0000000000
84229  48.608  13.278  24.495 0.0000000000
117451  49.419  12.604  25.236 0.0000000000
85007  50.059  13.721  23.697 0.0000000000
119551  50.518  14.020  21.971 0.0000000000
80939  53.882  8.737  31.845 0.0000000000
81690  54.845  8.953  31.571 0.0000000000
81701  53.901  9.181  30.110 0.0000000000
81724  54.613  9.448  28.692 0.0000000000
82581  54.478  10.132  26.753 0.0000000000
81043  53.636  8.024  18.499 0.0000000000
109048  53.842  9.288  19.773 0.0000000000
81050  53.808  8.668  17.854 0.0000000000
81814  54.042  9.923  17.481 0.0000000000
81806  52.708  9.686  17.755 0.0000000000
82655  52.122  10.099  19.377 0.0000000000
81808  51.216  8.793  18.264 0.0000000000
80307  49.396  7.465  18.761 0.0000000000
78769  46.824  5.357  19.657 0.0000000000
76314  48.214  2.276  22.437 0.0000000000
79447  44.130  6.300  35.438 0.0000000000
78658  45.421  6.000  34.989 0.0000000000
77823  44.425  4.710  34.190 0.0000000000
77004  44.546  3.339  33.547 0.0000000000
75395  45.323  1.695  32.358 0.0000000000
129426  53.943  10.660  32.110 0.0000000000
82525  54.239  10.914  30.897 0.0000000000
83364  54.842  11.648  28.634 0.0000000000
80262  50.085  7.858  24.985 0.0000000000
81000  51.174  8.996  25.016 0.0000000000
80278  50.299  7.522  23.246 0.0000000000
80285  51.118  7.696  21.895 0.0000000000
80290  51.411  7.175  21.014 0.0000000000
77929  53.257  4.935  21.286 0.0000000000
78767  53.488  6.003  19.586 0.0000000000
79548  52.964  6.669  19.614 0.0000000000
112175  54.077  6.091  18.301 0.0000000000
77956  54.480  5.566  18.312 0.0000000000
77137  52.435  4.047  20.338 0.0000000000
77123  51.947  3.275  21.159 0.0000000000
81643  53.837  9.428  37.163 0.0000000000
80919  53.690  8.239  35.687 0.0000000000
115249  51.325  7.336  36.321 0.0000000000
80195  52.534  7.441  34.969 0.0000000000
80933  52.926  8.146  33.562 0.0000000000
80942  51.894  8.296  31.138 0.0000000000
80951  51.153  8.189  30.133 0.0000000000
80976  50.661  8.189  28.639 0.0000000000
78670  46.778  5.462  34.473 0.0000000000
77832  47.705  4.237  33.186 0.0000000000
77837  48.794  4.830  32.530 0.0000000000
77028  46.555  3.850  29.584 0.0000000000
77852  47.599  4.957  30.354 0.0000000000
79476  48.800  6.119  30.602 0.0000000000
79485  48.535  6.452  29.655 0.0000000000
80243  48.987  7.163  28.330 0.0000000000
80255  49.277  7.697  26.192 0.0000000000
79512  49.035  6.794  25.071 0.0000000000
77899  49.510  4.886  23.720 0.0000000000
77103  51.115  3.689  23.639 0.0000000000
77072  50.248  3.221  25.076 0.0000000000
125846  51.052  3.103  24.920 0.0000000000
79448  43.254  6.271  35.467 0.0000000000
114171  42.112  5.609  35.027 0.0000000000
77813  39.670  4.369  35.513 0.0000000000
82500  47.101  10.986  32.630 0.0000000000
83335  45.206  11.514  30.846 0.0000000000
107858  44.330  14.741  24.377 0.0000000000
85735  44.073  14.530  22.651 0.0000000000
85747  44.080  13.907  21.171 0.0000000000
85026  47.154  14.014  22.560 0.0000000000
85760  46.180  14.166  20.039 0.0000000000
84253  44.482  12.699  21.334 0.0000000000
114570  59.443  11.066  34.078 0.0000000000
123902  56.810  9.345  31.506 0.0000000000
81686  59.090  10.433  32.065 0.0000000000
82505  59.321  11.110  31.681 0.0000000000
83332  58.770  11.493  30.366 0.0000000000
83362  56.790  11.993  28.567 0.0000000000
84191  55.750  12.769  26.808 0.0000000000
81765  52.560  9.809  25.010 0.0000000000
82594  53.609  10.347  25.271 0.0000000000
113199  54.483  11.018  24.534 0.0000000000
82638  54.526  10.345  20.964 0.0000000000
83440  55.320  11.402  22.984 0.0000000000
83428  56.346  11.584  24.275 0.0000000000
84225  57.592  12.562  24.205 0.0000000000
85001  56.301  13.405  24.439 0.0000000000
84991  53.946  13.187  25.180 0.0000000000
85019  53.322  13.746  23.469 0.0000000000
84246  51.785  13.809  22.117 0.0000000000
83457  50.689  11.914  22.363 0.0000000000
81792  51.474  9.814  21.030 0.0000000000
82631  50.400  10.789  22.451 0.0000000000
82619  49.783  11.225  22.674 0.0000000000
81767  48.120  9.470  23.943 0.0000000000
76301  45.574  2.686  23.424 0.0000000000
86377  43.776  15.824  25.667 0.0000000000
86376  44.111  15.896  25.920 0.0000000000
80177  46.035  7.311  36.639 0.0000000000
79429  46.360  6.847  36.185 0.0000000000
83383  53.319  11.494  27.706 0.0000000000
83401  53.030  11.754  26.987 0.0000000000
84194  52.726  12.098  26.239 0.0000000000
84211  53.330  12.606  25.670 0.0000000000
116188  51.457  8.767  27.745 0.0000000000
80982  52.068  9.027  28.009 0.0000000000
80983  51.262  9.026  26.929 0.0000000000
77958  51.760  5.250  19.102 0.0000000000
78788  51.687  6.344  18.298 0.0000000000
78778  51.075  5.902  18.849 0.0000000000
78779  49.973  5.954  18.933 0.0000000000
77947  50.462  4.690  20.220 0.0000000000
77948  49.586  4.608  20.448 0.0000000000
83290  57.338  11.359  35.112 0.0000000000
82476  57.289  11.195  33.839 0.0000000000
82490  57.578  11.399  33.108 0.0000000000
77921  50.843  4.720  22.558 0.0000000000
77920  51.835  4.548  22.340 0.0000000000
77942  56.269  5.203  19.070 0.0000000000
77134  56.422  4.151  19.477 0.0000000000
77145  56.081  4.651  18.750 0.0000000000
83431  43.202  11.503  23.343 0.0000000000
79460  49.917  5.874  33.364 0.0000000000
79459  50.431  6.210  34.022 0.0000000000
79465  50.089  7.165  32.080 0.0000000000
79466  49.632  6.645  31.720 0.0000000000
76213  45.743  2.196  31.770 0.0000000000
76212  46.176  2.830  32.088 0.0000000000
76220  46.257  2.679  31.260 0.0000000000
77055  46.633  3.833  26.831 0.0000000000
120816  47.113  4.090  26.197 0.0000000000
77884  46.843  4.674  26.562 0.0000000000
77883  47.439  4.676  25.922 0.0000000000
77893  48.037  4.546  25.378 0.0000000000
77075  47.717  3.892  25.727 0.0000000000
107105  48.085  11.111  27.862 0.0000000000
125720  47.062  11.415  27.704 0.0000000000
83407  47.188  11.728  26.742 0.0000000000
84216  46.520  12.481  25.157 0.0000000000
83419  47.251  12.156  25.807 0.0000000000
84249  49.619  13.988  21.319 0.0000000000
84265  48.658  14.135  20.617 0.0000000000
83459  48.767  12.381  22.144 0.0000000000
80926  54.706  8.846  34.733 0.0000000000
80917  55.287  9.137  35.192 0.0000000000
120776  54.990  8.866  33.978 0.0000000000
118789  57.267  10.542  28.134 0.0000000000
82571  56.903  10.686  27.349 0.0000000000
82570  58.173  10.907  27.480 0.0000000000
83400  57.147  11.466  25.998 0.0000000000
81791  52.911  9.070  21.026 0.0000000000
83487  54.983  11.398  17.757 0.0000000000
83485  56.064  11.568  18.443 0.0000000000
84275  55.764  12.250  19.435 0.0000000000
84260  56.070  12.605  20.439 0.0000000000
84276  54.910  12.428  19.909 0.0000000000
83471  53.791  12.355  20.656 0.0000000000
83480  54.374  11.898  19.430 0.0000000000
79550  46.852  6.640  20.112 0.0000000000
80293  48.339  7.479  20.819 0.0000000000
79542  46.266  6.472  20.797 0.0000000000
79533  46.510  6.752  21.828 0.0000000000
107321  42.689  14.559  24.300 0.0000000000
85013  42.288  13.694  23.580 0.0000000000
80898  48.497  8.516  37.468 0.0000000000
80161  48.148  7.848  37.311 0.0000000000
79443  47.769  6.442  35.817 0.0000000000
79428  48.513  6.752  36.327 0.0000000000
78655  49.448  5.710  34.973 0.0000000000
119201  48.947  5.185  34.210 0.0000000000
82511  52.647  10.570  31.481 0.0000000000
123814  51.883  10.663  31.123 0.0000000000
82527  52.379  10.714  30.555 0.0000000000
114145  51.187  10.974  27.922 0.0000000000
83349  51.281  10.952  28.613 0.0000000000
83386  50.554  11.031  27.642 0.0000000000
83387  49.734  11.097  27.325 0.0000000000
84197  49.998  12.208  25.710 0.0000000000
84226  51.366  13.446  24.497 0.0000000000
85006  50.703  13.631  24.104 0.0000000000
85022  50.934  14.145  22.767 0.0000000000
85039  51.392  14.063  22.269 0.0000000000
80940  53.169  8.791  31.220 0.0000000000
81691  54.095  8.952  30.959 0.0000000000
80948  53.022  9.168  29.861 0.0000000000
129818  53.242  9.448  27.328 0.0000000000
81725  53.614  9.357  28.432 0.0000000000
81737  53.540  9.426  27.704 0.0000000000
81748  54.343  9.697  27.436 0.0000000000
79565  53.604  6.801  18.454 0.0000000000
80306  53.528  7.654  18.047 0.0000000000
116237  53.460  7.372  17.998 0.0000000000
80325  51.432  8.016  18.013 0.0000000000
80323  52.820  8.819  17.522 0.0000000000
81821  52.472  9.119  17.623 0.0000000000
81815  53.066  9.580  17.482 0.0000000000
117079  52.129  9.202  17.818 0.0000000000
81052  50.803  8.172  18.279 0.0000000000
78791  49.049  6.309  18.760 0.0000000000
80318  49.360  6.745  18.640 0.0000000000
78781  48.507  6.015  19.110 0.0000000000
79559  48.039  6.416  19.219 0.0000000000
77962  48.036  5.456  19.556 0.0000000000
77949  48.187  4.972  19.942 0.0000000000
76330  49.371  3.152  21.678 0.0000000000
76331  48.546  3.055  21.888 0.0000000000
78660  43.713  5.716  34.983 0.0000000000
78659  44.442  5.821  34.972 0.0000000000
78673  44.076  5.221  34.598 0.0000000000
76202  45.039  2.566  33.244 0.0000000000
75385  45.184  1.894  33.038 0.0000000000
82508  56.002  11.257  31.619 0.0000000000
82524  55.105  11.075  31.169 0.0000000000
82542  55.025  11.199  30.359 0.0000000000
83345  54.947  11.406  29.533 0.0000000000
83344  55.883  11.736  29.027 0.0000000000
80272  49.593  7.220  24.579 0.0000000000
80271  50.176  7.689  24.128 0.0000000000
80279  49.766  6.984  23.728 0.0000000000
78759  50.962  5.745  21.403 0.0000000000
80286  50.510  7.257  22.362 0.0000000000
79539  51.049  6.436  21.197 0.0000000000
79549  51.773  6.510  20.593 0.0000000000
77928  54.482  5.077  20.882 0.0000000000
78765  55.821  5.514  18.596 0.0000000000
78756  53.947  5.491  20.112 0.0000000000
79547  54.079  6.191  18.287 0.0000000000
78776  54.701  5.786  18.236 0.0000000000
77147  54.747  4.666  18.731 0.0000000000
77944  53.456  4.757  19.310 0.0000000000
112866  53.706  3.860  19.972 0.0000000000
76340  52.982  3.144  20.892 0.0000000000
81644  52.898  9.549  37.353 0.0000000000
81656  53.222  8.921  36.612 0.0000000000
80908  53.549  8.375  36.163 0.0000000000
80170  53.118  7.792  35.984 0.0000000000
80173  50.536  7.243  36.300 0.0000000000
80911  50.907  7.927  36.600 0.0000000000
80187  51.045  6.860  36.009 0.0000000000
80201  51.533  7.534  33.596 0.0000000000
80196  51.667  7.154  34.628 0.0000000000
80200  52.361  7.646  34.067 0.0000000000
80204  52.165  8.002  33.126 0.0000000000
125066  52.729  8.326  32.725 0.0000000000
80937  52.081  8.318  32.111 0.0000000000
80219  50.595  7.821  30.696 0.0000000000
80218  51.212  8.130  30.925 0.0000000000
80232  50.522  7.881  29.922 0.0000000000
80965  51.024  8.250  29.360 0.0000000000
80241  50.388  7.947  29.249 0.0000000000
77822  45.273  4.810  34.143 0.0000000000
78671  45.800  5.447  34.566 0.0000000000
77821  46.254  4.825  34.022 0.0000000000
77009  47.018  3.860  32.064 0.0000000000
77838  47.528  4.165  32.410 0.0000000000
129850  48.166  4.311  32.712 0.0000000000
77841  48.021  4.623  31.853 0.0000000000
76243  45.901  2.578  28.847 0.0000000000
76231  46.157  2.960  29.683 0.0000000000
109752  46.151  3.310  28.976 0.0000000000
78707  46.872  5.260  28.502 0.0000000000
77862  47.059  4.564  29.743 0.0000000000
77861  47.339  5.278  29.362 0.0000000000
78691  48.211  5.433  30.700 0.0000000000
78699  48.017  5.753  29.998 0.0000000000
79486  47.810  6.114  29.193 0.0000000000
79507  47.573  6.361  26.723 0.0000000000
79499  48.231  6.828  27.952 0.0000000000
79506  48.094  6.919  27.078 0.0000000000
80250  49.420  7.623  27.122 0.0000000000
80256  48.679  7.315  26.612 0.0000000000
80264  48.727  7.214  25.809 0.0000000000
79513  48.403  6.487  25.544 0.0000000000
77091  49.260  4.400  24.468 0.0000000000
78737  48.879  5.093  24.446 0.0000000000
77898  49.832  4.168  24.079 0.0000000000
77908  50.407  4.294  23.410 0.0000000000
76285  50.735  2.727  25.536 0.0000000000
125403  51.440  2.819  25.481 0.0000000000
77071  51.908  3.272  25.093 0.0000000000
79433  42.730  6.835  36.112 0.0000000000
78648  40.889  5.871  36.045 0.0000000000
129650  41.510  6.187  35.982 0.0000000000
115080  40.889  5.419  35.514 0.0000000000
77811  41.473  5.058  34.952 0.0000000000
77812  40.449  4.805  35.292 0.0000000000
82532  47.563  10.711  30.504 0.0000000000
116364  47.607  10.701  31.827 0.0000000000
82501  46.605  10.870  31.696 0.0000000000
83310  46.137  11.336  32.518 0.0000000000
83322  45.688  11.386  31.738 0.0000000000
84146  45.076  12.018  31.732 0.0000000000
83391  45.466  11.756  27.458 0.0000000000
84200  44.455  13.090  26.355 0.0000000000
84994  44.384  13.965  25.452 0.0000000000
84218  44.750  13.116  25.487 0.0000000000
85027  45.400  13.986  23.019 0.0000000000
85028  44.615  14.457  23.053 0.0000000000
85045  44.746  14.460  22.212 0.0000000000
107596  43.797  14.234  21.949 0.0000000000
85745  45.097  14.496  21.198 0.0000000000
85009  48.477  13.749  23.574 0.0000000000
85010  47.484  13.535  23.583 0.0000000000
85025  48.247  14.242  22.561 0.0000000000
119457  46.842  13.321  20.413 0.0000000000
85064  46.631  14.521  19.835 0.0000000000
84267  46.038  13.885  20.096 0.0000000000
84268  44.862  13.661  20.423 0.0000000000
83462  44.724  11.931  21.906 0.0000000000
83461  45.934  12.007  22.456 0.0000000000
82607  46.938  10.509  24.087 0.0000000000
81670  57.084  9.528  34.807 0.0000000000
81651  57.691  10.312  35.847 0.0000000000
81660  57.721  10.165  35.058 0.0000000000
82446  58.703  10.777  35.503 0.0000000000
81668  58.602  10.353  33.594 0.0000000000
112326  55.365  9.194  30.876 0.0000000000
81689  55.895  9.119  31.528 0.0000000000
81698  56.512  9.443  30.720 0.0000000000
107973  58.869  10.629  29.894 0.0000000000
82523  58.621  10.427  30.796 0.0000000000
82506  59.320  10.851  31.334 0.0000000000
82489  59.446  10.870  32.299 0.0000000000
83330  59.358  11.107  30.623 0.0000000000
83319  59.052  11.263  31.136 0.0000000000
83341  59.279  11.192  29.836 0.0000000000
110014  58.172  12.279  27.201 0.0000000000
84173  58.024  12.404  27.945 0.0000000000
84180  57.427  12.497  27.310 0.0000000000
84181  56.160  12.521  27.520 0.0000000000
123279  56.742  12.700  26.852 0.0000000000
81007  51.213  8.955  24.073 0.0000000000
81761  51.879  9.448  25.488 0.0000000000
81766  51.854  9.504  24.542 0.0000000000
81773  53.068  10.061  23.337 0.0000000000
82605  53.138  10.199  24.679 0.0000000000
82604  53.615  10.475  24.455 0.0000000000
111311  53.987  10.659  24.664 0.0000000000
82603  54.177  10.790  23.777 0.0000000000
81789  54.866  10.069  19.825 0.0000000000
83469  56.720  11.990  21.166 0.0000000000
83454  55.662  11.466  21.815 0.0000000000
83453  56.876  11.708  22.269 0.0000000000
83439  56.436  11.582  23.307 0.0000000000
83438  57.323  11.778  23.579 0.0000000000
83427  57.275  11.814  24.474 0.0000000000
83451  57.596  12.058  23.031 0.0000000000
85035  56.421  13.377  22.312 0.0000000000
85017  56.202  13.426  23.481 0.0000000000
108976  55.269  13.483  24.100 0.0000000000
126626  55.450  13.389  24.845 0.0000000000
85002  54.278  13.626  23.777 0.0000000000
85003  53.584  13.554  24.376 0.0000000000
108623  54.160  13.598  22.803 0.0000000000
84263  53.139  12.893  21.659 0.0000000000
126480  52.443  13.465  22.153 0.0000000000
83455  52.289  12.732  21.985 0.0000000000
111417  51.503  12.661  22.186 0.0000000000
81802  50.842  9.038  18.967 0.0000000000
82649  51.993  10.259  20.568 0.0000000000
81793  50.717  9.160  20.624 0.0000000000
81023  49.399  8.564  22.142 0.0000000000
81783  50.317  9.740  22.124 0.0000000000
81784  49.635  9.350  22.511 0.0000000000
82632  49.723  10.287  22.809 0.0000000000
81776  49.140  9.802  23.217 0.0000000000
82620  49.076  10.590  23.230 0.0000000000
79527  46.058  6.600  22.602 0.0000000000
80282  46.549  7.010  23.620 0.0000000000
77115  46.915  3.290  21.842 0.0000000000
76300  46.512  2.222  23.332 0.0000000000
85717  42.403  14.716  26.015 0.0000000000
110195  43.575  15.142  24.315 0.0000000000
80162  47.431  7.561  37.256 0.0000000000
80176  46.842  7.115  36.766 0.0000000000
121791  47.052  6.731  36.299 0.0000000000
78656  47.274  6.021  35.033 0.0000000000
121701  53.509  10.930  29.277 0.0000000000
82545  51.999  10.867  29.704 0.0000000000
83366  52.618  11.051  28.236 0.0000000000
83384  52.420  11.310  27.534 0.0000000000
83403  51.372  11.540  26.664 0.0000000000
84196  50.996  12.118  25.913 0.0000000000
84195  51.859  12.090  26.066 0.0000000000
84993  52.129  13.355  24.757 0.0000000000
80963  52.172  8.753  29.018 0.0000000000
80962  52.844  9.148  28.955 0.0000000000
80975  52.401  9.037  28.415 0.0000000000
81738  52.749  9.303  27.723 0.0000000000
81750  52.854  9.475  26.855 0.0000000000
78787  52.997  6.190  18.240 0.0000000000
79574  52.920  7.425  17.890 0.0000000000
79567  52.360  6.835  18.035 0.0000000000
79568  51.236  6.981  18.150 0.0000000000
79576  50.999  7.553  18.152 0.0000000000
80316  50.425  7.490  18.452 0.0000000000
78790  49.568  6.413  18.737 0.0000000000
125944  48.920  5.027  19.983 0.0000000000
77141  48.756  4.488  20.619 0.0000000000
77140  49.471  3.873  21.091 0.0000000000
77125  50.137  3.218  21.444 0.0000000000
77825  42.902  4.355  34.465 0.0000000000
77824  43.676  4.526  34.299 0.0000000000
112682  54.971  10.670  33.104 0.0000000000
109241  56.281  10.847  33.319 0.0000000000
82491  56.707  11.196  32.379 0.0000000000
83321  56.902  11.320  31.093 0.0000000000
78750  49.959  5.908  22.757 0.0000000000
79525  50.041  6.726  22.904 0.0000000000
78749  50.540  5.458  22.207 0.0000000000
78758  51.714  5.445  21.078 0.0000000000
77943  55.738  5.294  19.781 0.0000000000
78775  55.469  5.482  18.250 0.0000000000
77146  55.635  4.694  18.539 0.0000000000
81657  52.343  8.765  36.758 0.0000000000
79440  50.627  6.415  35.489 0.0000000000
128197  50.614  6.893  33.537 0.0000000000
80202  50.849  7.362  33.192 0.0000000000
80206  50.692  7.582  32.368 0.0000000000
80209  50.076  7.293  31.237 0.0000000000
80220  50.005  7.404  30.420 0.0000000000
77002  46.102  3.822  32.939 0.0000000000
77010  46.468  3.473  32.375 0.0000000000
77843  47.098  3.891  31.264 0.0000000000
109636  46.157  3.155  28.195 0.0000000000
77035  46.368  3.909  28.618 0.0000000000
77042  46.385  3.891  27.747 0.0000000000
77869  46.523  4.605  28.157 0.0000000000
79492  47.687  6.330  28.405 0.0000000000
78713  47.020  5.873  27.203 0.0000000000
79514  47.832  6.124  25.960 0.0000000000
126938  48.179  5.847  25.390 0.0000000000
78729  47.807  5.332  25.647 0.0000000000
77892  48.660  4.485  24.927 0.0000000000
129149  49.120  3.941  24.963 0.0000000000
76266  51.323  2.413  26.075 0.0000000000
82547  49.636  10.876  29.736 0.0000000000
82531  48.647  10.763  30.286 0.0000000000
82548  48.752  10.843  29.430 0.0000000000
82549  47.754  10.867  29.571 0.0000000000
83350  46.657  11.047  29.374 0.0000000000
108869  45.709  11.293  29.239 0.0000000000
83372  46.354  11.272  28.527 0.0000000000
108933  46.080  11.446  27.834 0.0000000000
83409  45.698  11.957  26.645 0.0000000000
84217  45.594  12.611  25.290 0.0000000000
84231  45.997  12.784  24.452 0.0000000000
116786  46.382  13.365  23.528 0.0000000000
85040  49.347  14.319  21.439 0.0000000000
85041  48.661  14.545  21.422 0.0000000000
85055  48.365  14.717  20.254 0.0000000000
84266  47.837  13.800  20.276 0.0000000000
84251  46.769  12.469  21.709 0.0000000000
82622  47.441  10.987  23.593 0.0000000000
82606  47.717  10.160  24.063 0.0000000000
81654  54.820  9.288  36.438 0.0000000000
81653  55.724  9.522  36.412 0.0000000000
81671  56.264  9.321  34.973 0.0000000000
116615  56.683  9.317  34.110 0.0000000000
81709  55.576  9.541  29.214 0.0000000000
81708  56.704  9.830  29.663 0.0000000000
81722  56.368  10.043  28.819 0.0000000000
82541  57.612  10.379  28.897 0.0000000000
117018  58.809  10.758  29.053 0.0000000000
126250  58.954  11.376  29.095 0.0000000000
82558  58.601  11.181  27.992 0.0000000000
83380  58.286  11.573  27.246 0.0000000000
83398  58.184  12.011  26.441 0.0000000000
81021  51.500  8.508  22.229 0.0000000000
81775  51.884  9.456  23.568 0.0000000000
81782  52.021  9.290  22.569 0.0000000000
81781  53.199  9.837  22.517 0.0000000000
82652  56.025  10.894  17.764 0.0000000000
82646  55.954  10.736  18.728 0.0000000000
82645  56.228  11.175  18.281 0.0000000000
121812  56.196  11.814  20.001 0.0000000000
83468  56.977  12.374  21.390 0.0000000000
84244  57.219  12.704  21.827 0.0000000000
84259  56.796  12.709  21.200 0.0000000000
85053  56.296  13.157  21.293 0.0000000000
85036  55.279  13.498  21.942 0.0000000000
85037  54.175  13.438  21.899 0.0000000000
84262  54.288  13.153  21.049 0.0000000000
83472  52.864  11.895  21.382 0.0000000000
80300  48.961  7.554  19.106 0.0000000000
81030  49.897  8.362  20.259 0.0000000000
80292  49.095  7.818  20.183 0.0000000000
81032  48.895  7.984  21.483 0.0000000000
80287  48.197  7.636  21.908 0.0000000000
80280  47.955  7.929  22.897 0.0000000000
79532  47.380  7.263  22.167 0.0000000000
83289  58.498  11.564  34.880 0.0000000000
84995  42.124  14.290  25.032 0.0000000000
84239  42.353  12.587  23.074 0.0000000000
84254  42.950  12.818  22.191 0.0000000000
80912  49.813  7.861  36.622 0.0000000000
115749  49.809  7.113  36.314 0.0000000000
80175  48.263  7.308  36.893 0.0000000000
79427  49.422  6.614  36.097 0.0000000000
79441  49.887  6.116  35.579 0.0000000000
109676  49.783  5.556  34.220 0.0000000000
78679  49.497  5.347  32.895 0.0000000000
75417  45.546  1.378  29.572 0.0000000000
76244  45.705  1.872  29.025 0.0000000000
75429  46.053  1.903  28.251 0.0000000000
76254  46.434  2.482  27.578 0.0000000000
76253  47.138  2.111  26.886 0.0000000000
76271  46.879  2.933  26.864 0.0000000000
76270  47.597  2.660  26.366 0.0000000000
77053  48.029  3.156  25.790 0.0000000000
82512  51.143  10.739  31.197 0.0000000000
82529  50.827  10.932  30.480 0.0000000000
114085  51.320  10.981  29.310 0.0000000000
82546  50.653  11.015  29.690 0.0000000000
82561  50.240  10.957  28.995 0.0000000000
82562  49.360  10.891  28.833 0.0000000000
83388  48.778  11.172  27.131 0.0000000000
83406  48.533  11.618  26.383 0.0000000000
83418  48.237  12.125  25.768 0.0000000000
83417  49.049  12.072  25.777 0.0000000000
84214  48.759  12.669  25.197 0.0000000000
85008  49.304  13.816  23.556 0.0000000000
84213  50.743  12.878  25.110 0.0000000000
85023  50.026  14.170  22.410 0.0000000000
84248  50.689  13.467  22.028 0.0000000000
80936  53.590  8.510  32.863 0.0000000000
80935  54.561  8.755  32.522 0.0000000000
128914  54.744  9.072  30.957 0.0000000000
81700  54.719  9.217  30.440 0.0000000000
81711  53.746  9.288  29.245 0.0000000000
81723  55.482  9.705  28.560 0.0000000000
117068  55.437  10.306  27.270 0.0000000000
113760  55.382  10.609  26.412 0.0000000000
81036  52.853  8.115  19.874 0.0000000000
81800  53.067  8.649  20.270 0.0000000000
81799  53.563  8.556  19.358 0.0000000000
116021  54.114  8.995  18.273 0.0000000000
81805  54.339  9.643  17.751 0.0000000000
80315  53.365  8.128  17.816 0.0000000000
117491  53.855  9.298  17.581 0.0000000000
81813  55.154  10.550  17.614 0.0000000000
82662  54.757  10.653  17.550 0.0000000000
82653  54.105  10.742  17.838 0.0000000000
82647  53.873  11.270  18.753 0.0000000000
82654  52.995  10.272  18.390 0.0000000000
81807  51.805  9.560  18.459 0.0000000000
81044  50.428  8.333  18.621 0.0000000000
81053  50.421  7.733  18.465 0.0000000000
81045  50.004  7.939  18.731 0.0000000000
81039  49.662  7.979  19.066 0.0000000000
80309  47.682  6.829  19.565 0.0000000000
77951  46.295  4.835  19.937 0.0000000000
125696  47.999  3.691  21.513 0.0000000000
76332  47.701  3.129  21.914 0.0000000000
125946  47.393  2.675  22.288 0.0000000000
79431  44.611  6.883  35.951 0.0000000000
79445  45.872  6.502  35.506 0.0000000000
121722  44.904  5.908  34.975 0.0000000000
78672  44.881  5.425  34.636 0.0000000000
76994  44.053  3.992  33.864 0.0000000000
77835  44.816  4.167  33.663 0.0000000000
128229  45.442  2.914  33.001 0.0000000000
76209  45.560  2.460  32.652 0.0000000000
82494  53.230  10.493  32.216 0.0000000000
82510  53.626  10.697  31.514 0.0000000000
82493  54.625  10.769  32.309 0.0000000000
82526  53.306  10.730  30.713 0.0000000000
83346  54.186  11.202  29.190 0.0000000000
83382  54.324  11.733  27.852 0.0000000000
81002  49.933  8.075  25.834 0.0000000000
80993  50.588  8.513  26.371 0.0000000000
81001  50.593  8.447  25.444 0.0000000000
81008  50.642  8.354  24.557 0.0000000000
81015  50.707  8.261  23.646 0.0000000000
81022  50.881  8.048  22.751 0.0000000000
81029  51.722  8.081  21.362 0.0000000000
81037  52.164  7.664  20.529 0.0000000000
77919  52.799  4.471  22.153 0.0000000000
77930  52.234  4.889  21.542 0.0000000000
78757  52.739  5.452  20.759 0.0000000000
78768  52.246  6.011  20.497 0.0000000000
80299  52.084  7.043  20.231 0.0000000000
80298  52.975  7.413  19.563 0.0000000000
79557  53.618  7.029  18.332 0.0000000000
78786  53.971  6.169  18.237 0.0000000000
77968  54.069  6.011  18.182 0.0000000000
77957  53.065  5.536  18.704 0.0000000000
77945  52.382  4.737  19.436 0.0000000000
77138  51.230  3.902  20.623 0.0000000000
81642  54.721  9.495  37.087 0.0000000000
80907  54.238  8.701  36.016 0.0000000000
80918  54.393  8.761  35.431 0.0000000000
122295  53.845  8.355  34.920 0.0000000000
81646  50.807  9.606  37.544 0.0000000000
80895  51.391  8.707  36.903 0.0000000000
80910  51.965  7.782  36.559 0.0000000000
80186  51.380  6.845  35.486 0.0000000000
80172  51.905  7.180  36.107 0.0000000000
80171  52.511  7.601  36.202 0.0000000000
80194  53.178  7.798  35.368 0.0000000000
80927  53.105  7.913  34.513 0.0000000000
80932  53.664  8.424  33.968 0.0000000000
80941  52.496  8.498  31.371 0.0000000000
80949  52.554  8.651  30.570 0.0000000000
80207  51.262  8.096  31.782 0.0000000000
80950  51.805  8.363  30.318 0.0000000000
80964  51.690  8.454  29.519 0.0000000000
110545  50.946  8.387  28.045 0.0000000000
78657  46.282  6.066  35.018 0.0000000000
78678  47.831  5.380  34.349 0.0000000000
77833  46.678  4.308  33.340 0.0000000000
77820  47.286  4.787  33.817 0.0000000000
123980  48.278  4.689  33.657 0.0000000000
78680  49.231  5.827  32.085 0.0000000000
128135  46.128  2.601  30.432 0.0000000000
77021  46.595  3.335  30.623 0.0000000000
77853  47.082  4.178  30.442 0.0000000000
77842  47.542  4.486  31.110 0.0000000000
78682  48.024  4.958  31.080 0.0000000000
78681  48.599  5.428  31.461 0.0000000000
79467  49.204  6.137  31.355 0.0000000000
79484  49.350  6.864  30.056 0.0000000000
80234  49.161  7.052  29.184 0.0000000000
79491  48.356  6.706  28.810 0.0000000000
80242  49.817  7.639  28.669 0.0000000000
119008  49.456  7.526  27.884 0.0000000000
80985  50.167  7.984  27.794 0.0000000000
80994  50.017  8.038  26.765 0.0000000000
80263  49.425  7.500  25.399 0.0000000000
113919  49.316  6.459  24.268 0.0000000000
79520  48.677  5.937  24.767 0.0000000000
78736  49.239  5.666  23.976 0.0000000000
78743  49.628  5.551  23.333 0.0000000000
77907  51.427  4.150  23.040 0.0000000000
125519  48.721  3.073  25.606 0.0000000000
77073  49.374  3.327  25.303 0.0000000000
77090  50.528  3.586  24.251 0.0000000000
77089  51.457  3.385  24.264 0.0000000000
77102  51.935  3.673  23.597 0.0000000000
78661  42.892  5.662  35.010 0.0000000000
79449  42.265  6.188  35.551 0.0000000000
78675  42.476  5.016  34.736 0.0000000000
78664  39.909  4.913  35.918 0.0000000000
77828  40.129  3.967  34.876 0.0000000000
76998  40.704  3.351  34.471 0.0000000000
121376  44.592  12.680  30.484 0.0000000000
83352  45.168  11.460  29.835 0.0000000000
83353  44.768  11.967  29.374 0.0000000000
84156  44.542  12.675  29.681 0.0000000000
128549  44.465  14.851  25.739 0.0000000000
85727  44.063  15.206  24.350 0.0000000000
118809  44.625  13.707  24.802 0.0000000000
119173  44.202  14.733  23.596 0.0000000000
85728  43.828  14.799  23.533 0.0000000000
85736  43.477  14.361  22.665 0.0000000000
85046  43.413  13.717  21.995 0.0000000000
84270  43.572  13.114  21.612 0.0000000000
84230  47.830  13.206  24.479 0.0000000000
114494  46.251  14.034  22.479 0.0000000000
85743  47.525  15.278  20.128 0.0000000000
85744  46.839  15.201  20.060 0.0000000000
117135  46.087  14.616  20.866 0.0000000000
85058  44.690  13.999  20.406 0.0000000000
84269  44.222  13.433  21.093 0.0000000000
120268  43.506  11.730  22.408 0.0000000000
83445  44.255  11.629  22.468 0.0000000000
82623  46.338  11.223  23.518 0.0000000000
81640  56.494  10.141  37.141 0.0000000000
82445  58.841  11.262  35.799 0.0000000000
83272  59.027  11.335  34.973 0.0000000000
83288  59.035  11.499  34.304 0.0000000000
80930  55.183  8.856  33.128 0.0000000000
110745  56.615  9.266  33.132 0.0000000000
81682  57.315  9.408  32.606 0.0000000000
81697  57.618  9.699  31.153 0.0000000000
81688  57.536  9.480  31.921 0.0000000000
128147  58.330  9.929  32.987 0.0000000000
81680  58.948  10.376  32.712 0.0000000000
83299  59.481  11.107  33.489 0.0000000000
83300  59.091  11.533  33.568 0.0000000000
119474  58.913  11.460  32.041 0.0000000000
83320  58.158  11.516  31.245 0.0000000000
126836  57.427  11.666  30.255 0.0000000000
83342  58.472  11.865  29.376 0.0000000000
83361  57.865  12.315  28.565 0.0000000000
83343  57.112  11.804  29.228 0.0000000000
83363  55.974  12.139  28.273 0.0000000000
83381  55.237  12.117  27.926 0.0000000000
84192  54.690  12.557  26.637 0.0000000000
80992  51.209  8.979  25.958 0.0000000000
81751  51.949  9.397  26.447 0.0000000000
81760  52.613  9.667  25.902 0.0000000000
81774  52.609  9.955  24.019 0.0000000000
82595  53.069  10.011  25.410 0.0000000000
81759  53.322  9.882  26.117 0.0000000000
82582  53.974  10.177  26.119 0.0000000000
112176  54.668  10.521  26.088 0.0000000000
82592  55.308  11.011  25.678 0.0000000000
81790  53.674  9.726  21.218 0.0000000000
82629  54.039  10.262  22.035 0.0000000000
82637  55.566  10.775  20.055 0.0000000000
82628  54.933  10.945  21.394 0.0000000000
82616  54.479  10.988  22.577 0.0000000000
83429  55.201  11.349  23.987 0.0000000000
83416  55.213  11.380  24.892 0.0000000000
83415  56.391  11.565  25.283 0.0000000000
83414  57.453  11.904  25.346 0.0000000000
83413  57.650  12.305  25.607 0.0000000000
84206  57.452  12.825  24.823 0.0000000000
85033  57.417  13.208  23.193 0.0000000000
85000  57.156  13.304  24.672 0.0000000000
84207  57.210  12.865  25.498 0.0000000000
84989  56.251  13.255  25.361 0.0000000000
84209  55.445  13.055  26.103 0.0000000000
84210  54.340  12.773  25.890 0.0000000000
85004  52.701  13.706  24.096 0.0000000000
85020  52.455  14.010  23.141 0.0000000000
107250  53.160  13.662  22.647 0.0000000000
85038  52.188  13.901  22.462 0.0000000000
85021  51.697  14.221  22.785 0.0000000000
84247  51.236  13.855  22.127 0.0000000000
82648  52.865  10.606  19.965 0.0000000000
82639  52.503  10.932  21.085 0.0000000000
82640  51.669  10.654  21.552 0.0000000000
82641  50.973  10.209  21.838 0.0000000000
82630  51.200  11.279  22.200 0.0000000000
83441  49.047  11.471  22.814 0.0000000000
120111  48.533  10.074  23.677 0.0000000000
81016  48.332  8.749  23.463 0.0000000000
81009  47.834  8.890  24.078 0.0000000000
77124  50.959  3.195  21.242 0.0000000000
76329  50.676  2.516  21.639 0.0000000000
76317  46.067  3.011  22.891 0.0000000000
77003  45.324  3.506  33.197 0.0000000000
77144  56.375  4.717  19.102 0.0000000000
77830  49.008  4.791  33.363 0.0000000000
77831  48.446  4.435  33.146 0.0000000000
77932  47.830  4.348  20.732 0.0000000000
77934  46.186  4.340  20.516 0.0000000000
77959  50.668  5.326  19.435 0.0000000000
78662  41.501  5.759  35.458 0.0000000000
78706  47.122  5.882  28.009 0.0000000000
78714  46.708  5.278  27.697 0.0000000000
78721  46.737  5.239  27.004 0.0000000000
78780  49.151  5.947  18.938 0.0000000000
78782  47.622  5.691  19.485 0.0000000000
78783  46.974  6.135  19.573 0.0000000000
79446  44.987  6.355  35.366 0.0000000000
79541  47.047  6.904  21.063 0.0000000000
79558  48.769  6.599  18.778 0.0000000000
79575  51.826  7.488  17.993 0.0000000000
80174  49.100  7.231  36.552 0.0000000000
80185  52.590  7.452  35.735 0.0000000000
80197  50.927  7.048  33.980 0.0000000000
80251  48.798  7.257  27.491 0.0000000000
80281  47.299  7.488  23.275 0.0000000000
80291  50.789  7.003  21.627 0.0000000000
80302  47.574  7.123  20.298 0.0000000000
80308  48.552  7.137  18.909 0.0000000000
80317  49.861  7.317  18.640 0.0000000000
80925  55.611  9.106  34.454 0.0000000000
81017  47.645  8.270  23.756 0.0000000000
81024  48.680  8.297  22.534 0.0000000000
81051  51.633  8.675  18.031 0.0000000000
81057  53.518  8.876  17.569 0.0000000000
81058  51.955  8.590  17.875 0.0000000000
81641  55.447  9.649  36.970 0.0000000000
81652  56.746  9.824  36.241 0.0000000000
81655  54.053  9.029  36.499 0.0000000000
81661  56.933  9.640  35.457 0.0000000000
81677  57.668  9.568  33.318 0.0000000000
81681  58.251  9.804  32.448 0.0000000000
81683  56.493  9.195  32.256 0.0000000000
81684  55.464  8.951  32.309 0.0000000000
81687  58.468  10.099  31.637 0.0000000000
81710  54.685  9.337  29.614 0.0000000000
81735  54.997  9.678  27.982 0.0000000000
81736  54.205  9.470  28.005 0.0000000000
81777  48.642  9.417  23.486 0.0000000000
81794  50.004  8.832  21.543 0.0000000000
81801  51.439  9.678  19.849 0.0000000000
81820  53.291  9.368  17.451 0.0000000000
82430  58.514  11.176  36.677 0.0000000000
82444  59.247  11.212  34.454 0.0000000000
82458  58.698  10.613  34.600 0.0000000000
82474  59.516  10.913  33.181 0.0000000000
82488  59.480  11.116  32.829 0.0000000000
82496  51.710  10.503  31.954 0.0000000000
82507  57.096  11.333  31.707 0.0000000000
82509  54.422  10.856  31.632 0.0000000000
82514  47.297  10.637  31.195 0.0000000000
82522  59.492  11.032  30.334 0.0000000000
82538  59.470  11.084  30.154 0.0000000000
82540  57.920  10.319  29.562 0.0000000000
82543  54.019  10.988  29.977 0.0000000000
82550  46.893  10.791  30.087 0.0000000000
82579  57.780  11.335  26.678 0.0000000000
82580  56.130  11.099  26.026 0.0000000000
82593  54.414  10.729  25.329 0.0000000000
82618  53.360  10.317  23.904 0.0000000000
82621  48.336  10.760  23.473 0.0000000000
82636  56.185  11.285  19.299 0.0000000000
82661  55.753  11.025  17.546 0.0000000000
82663  53.653  10.100  17.510 0.0000000000
83260  58.403  11.643  36.485 0.0000000000
83287  59.319  11.257  33.912 0.0000000000
83301  57.735  11.465  34.440 0.0000000000
83307  59.257  11.381  32.804 0.0000000000
83308  58.688  11.587  32.984 0.0000000000
83331  59.494  11.187  30.559 0.0000000000
83333  56.029  11.334  30.720 0.0000000000
83334  45.983  11.075  31.062 0.0000000000
83336  44.758  11.960  30.219 0.0000000000
83347  52.759  10.847  29.016 0.0000000000
83351  45.950  11.040  30.189 0.0000000000
83360  58.743  11.473  28.449 0.0000000000
83367  51.832  10.904  28.060 0.0000000000
83369  49.981  10.939  28.202 0.0000000000
83370  49.052  10.948  27.993 0.0000000000
83385  51.678  11.168  27.372 0.0000000000
83389  47.917  11.405  26.999 0.0000000000
83390  46.338  11.635  27.141 0.0000000000
83426  57.562  12.225  24.722 0.0000000000
83437  57.618  12.080  23.901 0.0000000000
83460  47.766  12.311  22.096 0.0000000000
83463  43.904  11.949  21.846 0.0000000000
83464  43.358  12.204  21.947 0.0000000000
83477  56.355  12.120  20.442 0.0000000000
83478  56.180  11.623  19.155 0.0000000000
83479  55.307  11.867  18.544 0.0000000000
83486  55.764  11.409  17.820 0.0000000000
84174  57.127  12.356  27.979 0.0000000000
84182  55.000  12.372  27.345 0.0000000000
84193  53.669  12.233  26.422 0.0000000000
84198  46.114  12.167  25.890 0.0000000000
84199  45.175  12.514  26.128 0.0000000000
84208  56.592  12.923  26.180 0.0000000000
84215  48.009  12.698  25.153 0.0000000000
84227  50.028  12.937  24.734 0.0000000000
84228  49.349  13.201  24.556 0.0000000000
84238  57.621  12.576  23.484 0.0000000000
84243  57.505  12.589  22.615 0.0000000000
84261  55.333  12.792  20.364 0.0000000000
84277  45.537  13.982  20.136 0.0000000000
84990  54.537  13.461  24.657 0.0000000000
84992  52.993  13.173  24.934 0.0000000000
85011  45.575  13.335  23.929 0.0000000000
85012  44.783  13.903  23.863 0.0000000000
85016  57.483  13.132  24.056 0.0000000000
85042  47.863  14.662  21.404 0.0000000000
85043  46.757  14.643  21.261 0.0000000000
85052  57.020  13.089  21.641 0.0000000000
85056  47.990  14.774  19.676 0.0000000000
85057  47.203  14.435  19.701 0.0000000000
85063  47.432  15.151  19.637 0.0000000000
85065  45.219  14.014  20.183 0.0000000000
85720  44.228  15.345  25.267 0.0000000000
85741  48.506  14.697  20.685 0.0000000000
85742  48.177  15.024  20.456 0.0000000000
85746  44.318  14.307  21.564 0.0000000000
85753  47.382  15.268  19.757 0.0000000000
85754  45.957  14.416  20.446 0.0000000000
85755  44.711  14.161  20.602 0.0000000000
85759  46.933  15.142  19.811 0.0000000000
108049  52.949  8.599  32.020 0.0000000000
108285  58.927  11.114  28.755 0.0000000000
108288  52.050  7.159  35.428 0.0000000000
108929  51.269  11.005  29.942 0.0000000000
108991  49.070  10.663  31.132 0.0000000000
110263  50.172  10.884  30.333 0.0000000000
114382  57.135  13.469  23.811 0.0000000000
115744  59.202  11.188  34.928 0.0000000000
116559  45.134  11.582  29.086 0.0000000000
117444  50.829  7.907  18.227 0.0000000000
118340  46.491  11.421  33.189 0.0000000000
119186  49.192  13.431  21.341 0.0000000000
121535  51.070  11.142  27.251 0.0000000000
121776  47.330  12.650  25.022 0.0000000000
122862  54.281  8.694  34.264 0.0000000000
123339  43.982  11.517  23.178 0.0000000000
123431  50.704  6.976  18.329 0.0000000000
123510  55.104  11.045  31.817 0.0000000000
124458  58.445  12.043  28.585 0.0000000000
125477  55.893  9.048  32.883 0.0000000000
125653  53.300  9.013  30.558 0.0000000000
125869  57.086  13.488  23.006 0.0000000000
126019  57.362  11.832  22.821 0.0000000000
126352  50.862  11.023  29.014 0.0000000000
126611  49.137  7.068  18.625 0.0000000000
126625  54.987  13.254  25.397 0.0000000000
126652  47.570  12.879  21.007 0.0000000000
126851  49.991  2.600  21.812 0.0000000000
127523  43.854  12.601  21.615 0.0000000000
127729  51.316  13.979  23.575 0.0000000000
127829  52.643  9.566  22.568 0.0000000000
129341  51.690  14.129  22.341 0.0000000000
129619  59.336  11.309  33.331 0.0000000000
