#!ascii label  , from subject freesurfer vox2ras=TkReg
1010
39949  19.361  -36.683  52.870 0.0000000000
42681  30.277  -34.707  60.262 0.0000000000
59901  38.815  -15.933  44.157 0.0000000000
51920  27.833  -24.007  48.201 0.0000000000
47847  31.412  -28.980  55.191 0.0000000000
68185  51.501  -6.464  38.559 0.0000000000
56317  39.688  -20.280  46.521 0.0000000000
111504  34.451  -21.021  44.691 0.0000000000
39972  14.053  -38.205  52.311 0.0000000000
42740  23.605  -35.131  57.621 0.0000000000
44395  27.229  -32.173  55.512 0.0000000000
41855  20.996  -35.622  51.194 0.0000000000
63430  45.199  -11.088  41.743 0.0000000000
123341  21.593  -38.519  57.830 0.0000000000
112214  17.240  -37.968  56.946 0.0000000000
61740  44.698  -13.622  44.571 0.0000000000
39872  12.966  -37.440  57.206 0.0000000000
39877  8.466  -37.639  57.600 0.0000000000
55449  32.606  -20.707  49.221 0.0000000000
49837  29.284  -26.694  52.290 0.0000000000
45236  30.854  -30.954  48.903 0.0000000000
44435  29.042  -32.764  52.337 0.0000000000
54584  39.335  -21.279  48.033 0.0000000000
54640  37.237  -21.064  45.707 0.0000000000
55478  36.239  -20.719  46.851 0.0000000000
56300  41.945  -20.119  48.414 0.0000000000
40009  18.051  -37.305  50.446 0.0000000000
38169  15.723  -38.715  50.979 0.0000000000
39970  16.328  -36.629  52.618 0.0000000000
39930  21.547  -37.067  54.496 0.0000000000
119412  22.328  -35.197  54.343 0.0000000000
39986  20.011  -36.832  52.095 0.0000000000
40025  19.081  -37.597  49.762 0.0000000000
59917  38.951  -14.965  41.763 0.0000000000
58952  40.930  -15.997  46.131 0.0000000000
60797  41.442  -14.722  44.725 0.0000000000
61759  41.567  -13.523  42.318 0.0000000000
38076  16.293  -39.318  59.353 0.0000000000
39015  15.352  -37.924  57.058 0.0000000000
38950  14.279  -38.633  59.546 0.0000000000
40786  10.694  -36.523  62.434 0.0000000000
108307  10.400  -37.003  59.176 0.0000000000
116845  8.470  -37.033  60.432 0.0000000000
39831  6.802  -37.654  60.877 0.0000000000
39799  6.676  -36.955  62.374 0.0000000000
50828  30.035  -25.123  55.725 0.0000000000
48805  29.763  -27.562  53.872 0.0000000000
47911  30.180  -29.331  50.473 0.0000000000
46046  31.439  -30.564  51.875 0.0000000000
45207  24.329  -31.370  52.724 0.0000000000
44422  27.899  -32.338  53.832 0.0000000000
107429  25.905  -31.338  50.727 0.0000000000
45239  27.532  -31.606  49.079 0.0000000000
54569  29.524  -21.570  49.118 0.0000000000
54629  30.865  -21.180  46.174 0.0000000000
53720  28.400  -22.447  46.329 0.0000000000
70031  54.983  -3.784  37.312 0.0000000000
68190  53.250  -6.031  37.130 0.0000000000
58036  38.791  -17.742  45.486 0.0000000000
56329  37.101  -19.593  44.045 0.0000000000
58018  41.652  -17.756  47.627 0.0000000000
42698  27.857  -34.678  59.355 0.0000000000
42736  28.608  -33.809  57.901 0.0000000000
120796  24.741  -33.195  56.996 0.0000000000
123975  23.103  -32.590  54.290 0.0000000000
42818  21.807  -34.301  49.934 0.0000000000
63414  47.698  -11.123  43.485 0.0000000000
65329  48.220  -9.699  41.920 0.0000000000
66286  48.791  -8.901  39.706 0.0000000000
66288  49.405  -8.435  38.470 0.0000000000
39890  20.687  -37.502  55.942 0.0000000000
39914  18.082  -36.927  55.404 0.0000000000
38989  19.953  -38.325  57.620 0.0000000000
39870  23.043  -37.119  57.239 0.0000000000
62589  45.188  -12.114  42.922 0.0000000000
129198  15.648  -37.230  55.168 0.0000000000
115773  13.920  -37.537  54.848 0.0000000000
39028  11.362  -38.007  55.047 0.0000000000
39838  11.893  -37.251  59.285 0.0000000000
39899  10.527  -37.564  56.829 0.0000000000
40759  3.902  -36.279  65.359 0.0000000000
55427  35.115  -20.060  49.950 0.0000000000
53651  28.908  -22.981  51.310 0.0000000000
51862  29.472  -24.076  53.429 0.0000000000
50900  28.333  -25.000  50.725 0.0000000000
48895  28.721  -27.830  49.217 0.0000000000
46091  30.793  -30.531  47.163 0.0000000000
44510  29.593  -32.808  45.175 0.0000000000
43607  29.819  -32.981  56.181 0.0000000000
44407  31.172  -32.833  54.633 0.0000000000
45203  31.961  -31.252  53.227 0.0000000000
44458  29.905  -32.755  50.200 0.0000000000
45252  28.148  -31.828  47.408 0.0000000000
110782  33.306  -20.565  46.564 0.0000000000
53753  32.350  -22.149  44.243 0.0000000000
55463  39.183  -20.847  48.935 0.0000000000
122542  37.952  -20.804  47.600 0.0000000000
123420  37.096  -20.043  48.743 0.0000000000
55443  40.118  -20.950  49.307 0.0000000000
39968  19.235  -36.836  51.959 0.0000000000
39989  17.558  -36.758  51.057 0.0000000000
39950  18.508  -36.544  53.141 0.0000000000
39947  20.319  -36.750  53.418 0.0000000000
39966  20.643  -36.665  53.010 0.0000000000
39967  19.765  -36.792  52.453 0.0000000000
39987  19.580  -36.890  51.704 0.0000000000
127421  39.382  -15.239  43.446 0.0000000000
59892  39.997  -15.655  45.110 0.0000000000
59891  41.398  -15.287  45.570 0.0000000000
59899  40.249  -15.076  44.288 0.0000000000
60806  40.175  -14.532  42.873 0.0000000000
39796  9.714  -36.467  62.457 0.0000000000
39829  9.244  -36.679  61.043 0.0000000000
116530  8.299  -36.894  61.216 0.0000000000
39830  7.601  -37.437  60.672 0.0000000000
39817  7.436  -37.248  61.380 0.0000000000
39818  6.687  -37.410  61.593 0.0000000000
48772  30.341  -27.623  55.706 0.0000000000
47848  30.818  -28.530  54.722 0.0000000000
107829  30.746  -28.881  53.443 0.0000000000
46919  31.666  -29.940  53.732 0.0000000000
42694  30.841  -34.404  59.700 0.0000000000
118908  22.931  -31.166  50.816 0.0000000000
109542  25.696  -31.704  51.870 0.0000000000
45227  24.028  -30.550  49.591 0.0000000000
45242  24.774  -30.658  48.950 0.0000000000
53695  28.425  -22.692  48.368 0.0000000000
53705  28.860  -21.969  47.789 0.0000000000
68173  51.400  -6.281  39.441 0.0000000000
68172  52.648  -5.549  39.691 0.0000000000
69101  53.043  -5.342  39.082 0.0000000000
69118  53.622  -5.419  37.622 0.0000000000
68191  52.447  -6.377  37.414 0.0000000000
117852  38.911  -19.377  46.168 0.0000000000
57121  37.670  -18.862  44.661 0.0000000000
56325  38.337  -19.969  45.898 0.0000000000
54657  35.907  -21.166  44.872 0.0000000000
55508  36.441  -21.020  44.300 0.0000000000
107243  35.015  -21.496  43.876 0.0000000000
56311  40.762  -20.147  47.527 0.0000000000
57114  40.070  -18.605  47.255 0.0000000000
119177  39.854  -17.820  46.731 0.0000000000
39082  14.723  -38.453  51.692 0.0000000000
39073  13.490  -38.690  52.556 0.0000000000
42723  24.842  -34.638  58.819 0.0000000000
42738  26.616  -34.106  58.010 0.0000000000
124366  24.009  -34.189  57.545 0.0000000000
41827  21.532  -35.614  52.715 0.0000000000
43640  22.443  -34.324  53.835 0.0000000000
42787  21.706  -34.402  52.560 0.0000000000
43656  21.823  -33.740  52.103 0.0000000000
42810  21.584  -35.150  50.403 0.0000000000
40935  20.456  -36.443  50.104 0.0000000000
110060  28.380  -28.156  46.964 0.0000000000
64368  46.625  -10.764  42.356 0.0000000000
64366  48.152  -10.304  42.819 0.0000000000
64373  47.062  -10.239  41.887 0.0000000000
65360  47.603  -9.670  39.554 0.0000000000
65359  48.252  -9.357  39.176 0.0000000000
66285  49.291  -8.453  39.370 0.0000000000
39011  21.156  -38.005  56.808 0.0000000000
39012  20.467  -37.894  56.987 0.0000000000
38988  20.747  -38.398  57.672 0.0000000000
38986  22.798  -38.009  57.499 0.0000000000
39888  22.307  -37.578  56.195 0.0000000000
62582  46.414  -12.236  43.817 0.0000000000
62584  44.807  -12.662  43.346 0.0000000000
61766  42.195  -13.139  41.724 0.0000000000
39893  17.634  -37.448  56.199 0.0000000000
39915  17.075  -37.189  55.580 0.0000000000
39894  16.632  -37.604  56.313 0.0000000000
39017  13.780  -37.819  56.978 0.0000000000
124675  14.362  -37.567  55.710 0.0000000000
39918  12.788  -37.641  55.745 0.0000000000
39937  12.199  -37.820  54.932 0.0000000000
39919  11.881  -37.649  55.936 0.0000000000
38952  12.433  -37.597  60.793 0.0000000000
39855  9.561  -37.085  58.825 0.0000000000
39854  10.304  -37.134  58.416 0.0000000000
39900  9.689  -37.559  56.959 0.0000000000
39921  9.891  -37.819  56.316 0.0000000000
54534  30.162  -21.807  51.720 0.0000000000
49803  29.399  -25.885  54.155 0.0000000000
51850  29.741  -24.124  54.327 0.0000000000
50874  29.074  -25.275  52.533 0.0000000000
127436  28.787  -24.846  52.273 0.0000000000
124640  28.768  -25.965  51.538 0.0000000000
48863  28.680  -27.078  50.022 0.0000000000
124620  29.090  -27.541  50.537 0.0000000000
46972  30.758  -30.184  49.432 0.0000000000
115770  29.883  -29.537  49.076 0.0000000000
46076  30.975  -30.730  48.235 0.0000000000
45277  30.595  -31.910  46.326 0.0000000000
44498  30.585  -32.283  46.942 0.0000000000
43609  27.593  -33.069  56.576 0.0000000000
43593  29.031  -33.228  56.986 0.0000000000
43608  28.944  -33.066  56.015 0.0000000000
108491  28.328  -32.395  53.185 0.0000000000
43637  29.616  -32.905  54.674 0.0000000000
124507  30.213  -32.806  53.486 0.0000000000
44418  31.811  -32.414  54.068 0.0000000000
44433  30.553  -32.672  52.618 0.0000000000
44443  31.300  -32.031  52.090 0.0000000000
44445  30.008  -33.057  50.948 0.0000000000
45265  26.541  -31.340  47.685 0.0000000000
45253  27.508  -31.309  47.932 0.0000000000
55447  33.994  -20.141  49.406 0.0000000000
55467  34.047  -20.339  48.428 0.0000000000
55482  32.864  -20.831  47.863 0.0000000000
53755  30.320  -22.341  44.427 0.0000000000
54646  31.321  -21.507  45.444 0.0000000000
69121  55.374  -4.975  35.950 0.0000000000
54620  40.217  -21.235  46.916 0.0000000000
55498  38.222  -20.753  45.817 0.0000000000
119365  38.749  -21.212  46.541 0.0000000000
54624  36.586  -21.010  46.206 0.0000000000
54625  35.565  -20.865  46.212 0.0000000000
55441  42.169  -20.341  49.233 0.0000000000
55462  41.037  -21.135  48.072 0.0000000000
40010  16.915  -37.595  50.504 0.0000000000
107369  16.042  -37.028  51.688 0.0000000000
124274  15.482  -37.148  52.402 0.0000000000
116600  22.867  -36.372  56.199 0.0000000000
42753  23.028  -35.065  56.086 0.0000000000
120294  22.371  -35.971  54.418 0.0000000000
40888  21.234  -36.312  52.743 0.0000000000
40901  20.747  -36.176  51.784 0.0000000000
40920  20.065  -36.586  50.766 0.0000000000
40006  19.817  -36.785  51.317 0.0000000000
40008  18.797  -37.470  50.346 0.0000000000
63448  44.210  -11.159  40.458 0.0000000000
107565  21.464  -38.947  58.999 0.0000000000
60780  42.926  -14.954  46.311 0.0000000000
60789  43.063  -14.600  45.532 0.0000000000
61742  42.877  -13.876  44.204 0.0000000000
61749  43.483  -13.368  43.628 0.0000000000
61751  41.757  -13.632  43.207 0.0000000000
127207  40.429  -14.257  42.299 0.0000000000
38970  17.496  -39.074  58.248 0.0000000000
112213  16.261  -37.958  57.025 0.0000000000
38993  15.961  -38.390  57.830 0.0000000000
123335  14.246  -38.066  57.564 0.0000000000
38995  13.603  -37.813  57.860 0.0000000000
39826  11.842  -37.172  60.785 0.0000000000
39828  10.275  -36.690  60.759 0.0000000000
39840  9.916  -36.910  59.751 0.0000000000
39856  8.554  -37.396  58.405 0.0000000000
39857  7.703  -37.556  58.838 0.0000000000
49802  29.643  -26.862  54.494 0.0000000000
48806  29.539  -27.202  52.985 0.0000000000
47894  29.519  -28.042  51.524 0.0000000000
109942  30.038  -28.557  52.134 0.0000000000
46942  30.668  -29.619  51.053 0.0000000000
46956  30.836  -30.392  50.105 0.0000000000
44411  25.783  -31.460  54.655 0.0000000000
44410  27.511  -32.184  54.554 0.0000000000
125416  26.229  -31.891  52.859 0.0000000000
44436  27.128  -31.948  52.200 0.0000000000
44447  27.585  -32.064  51.438 0.0000000000
44459  27.886  -32.130  50.671 0.0000000000
45225  26.190  -31.285  50.029 0.0000000000
45254  26.038  -31.155  48.384 0.0000000000
54567  31.126  -20.937  49.788 0.0000000000
108454  30.919  -20.897  47.797 0.0000000000
121235  30.176  -21.262  47.698 0.0000000000
53719  29.295  -21.964  45.942 0.0000000000
70032  54.323  -4.319  37.902 0.0000000000
69123  54.125  -5.570  36.766 0.0000000000
58955  38.956  -16.875  45.243 0.0000000000
58972  37.598  -16.686  43.326 0.0000000000
58044  37.714  -17.853  44.386 0.0000000000
55507  37.078  -20.587  44.579 0.0000000000
55519  36.144  -20.294  43.062 0.0000000000
57094  43.381  -19.107  49.191 0.0000000000
58005  42.878  -18.004  48.304 0.0000000000
58017  42.429  -17.141  47.876 0.0000000000
58943  41.176  -16.662  46.701 0.0000000000
58945  40.041  -16.877  46.285 0.0000000000
42696  29.267  -34.564  59.627 0.0000000000
122252  29.707  -34.464  59.294 0.0000000000
42720  28.185  -34.275  58.627 0.0000000000
43595  27.112  -33.788  57.203 0.0000000000
43626  26.506  -32.536  56.276 0.0000000000
43613  23.292  -34.007  56.315 0.0000000000
44398  23.711  -32.765  55.576 0.0000000000
44412  24.909  -31.522  55.201 0.0000000000
45188  23.519  -31.801  54.002 0.0000000000
44461  22.223  -32.673  50.923 0.0000000000
43668  21.991  -33.371  49.335 0.0000000000
65327  49.678  -9.057  42.216 0.0000000000
64388  46.943  -9.974  41.008 0.0000000000
65332  48.231  -9.384  41.022 0.0000000000
66262  50.058  -8.177  41.002 0.0000000000
67204  50.324  -7.617  40.427 0.0000000000
67214  50.218  -7.519  39.505 0.0000000000
67217  50.428  -7.636  38.584 0.0000000000
67223  51.400  -7.442  37.354 0.0000000000
39932  20.074  -36.777  54.059 0.0000000000
108726  19.036  -36.596  53.714 0.0000000000
39913  19.782  -36.889  55.451 0.0000000000
39013  19.485  -37.628  56.726 0.0000000000
38990  18.912  -38.334  57.571 0.0000000000
38072  20.651  -38.944  58.836 0.0000000000
38969  18.433  -39.037  58.181 0.0000000000
38055  17.663  -40.022  59.486 0.0000000000
115320  29.787  -34.934  60.574 0.0000000000
41755  27.719  -35.195  60.071 0.0000000000
42699  26.745  -35.004  59.536 0.0000000000
42701  24.333  -35.238  59.073 0.0000000000
40835  23.786  -36.354  58.897 0.0000000000
40843  23.162  -36.373  57.410 0.0000000000
39909  22.586  -37.023  55.713 0.0000000000
39911  21.184  -37.413  55.103 0.0000000000
63412  47.645  -11.673  44.140 0.0000000000
63416  46.499  -11.700  43.309 0.0000000000
63421  44.785  -11.697  42.213 0.0000000000
61757  43.185  -13.096  42.824 0.0000000000
62600  43.343  -12.345  41.518 0.0000000000
63432  43.711  -11.692  41.004 0.0000000000
107385  17.799  -36.569  53.988 0.0000000000
39951  16.564  -36.606  53.665 0.0000000000
110097  15.530  -36.941  54.236 0.0000000000
122535  15.206  -37.545  55.764 0.0000000000
39936  14.837  -37.280  55.026 0.0000000000
107272  13.762  -37.719  53.804 0.0000000000
39042  13.177  -38.286  53.377 0.0000000000
39058  11.868  -38.752  53.575 0.0000000000
38973  13.499  -37.980  58.965 0.0000000000
38996  12.800  -37.420  58.277 0.0000000000
39853  11.496  -37.218  58.342 0.0000000000
39898  11.787  -37.359  56.815 0.0000000000
113075  11.154  -37.850  55.759 0.0000000000
39764  5.049  -36.724  64.499 0.0000000000
56287  36.486  -19.689  49.861 0.0000000000
124244  31.776  -20.737  50.220 0.0000000000
54550  30.453  -21.304  50.286 0.0000000000
53668  29.210  -22.536  50.651 0.0000000000
52782  28.538  -23.572  50.303 0.0000000000
52760  29.229  -23.246  52.340 0.0000000000
51892  28.540  -24.247  51.069 0.0000000000
51893  28.299  -24.387  50.139 0.0000000000
49880  28.219  -26.287  49.536 0.0000000000
115257  28.330  -27.671  48.449 0.0000000000
47951  28.836  -28.607  47.609 0.0000000000
47927  29.669  -29.033  49.848 0.0000000000
122987  29.478  -29.257  48.575 0.0000000000
47002  29.955  -29.837  46.900 0.0000000000
46117  30.489  -31.333  45.870 0.0000000000
45291  30.304  -31.915  45.161 0.0000000000
46902  32.465  -30.257  55.803 0.0000000000
42718  30.268  -34.114  58.601 0.0000000000
43591  30.722  -33.463  57.254 0.0000000000
43605  31.400  -33.265  56.602 0.0000000000
43638  28.874  -32.829  54.838 0.0000000000
43622  30.684  -33.133  55.706 0.0000000000
122806  32.374  -32.641  56.062 0.0000000000
44391  32.962  -31.658  55.665 0.0000000000
46033  32.795  -31.035  55.184 0.0000000000
46918  32.055  -30.515  54.004 0.0000000000
46045  31.800  -30.845  52.791 0.0000000000
45222  30.906  -31.378  50.510 0.0000000000
45223  30.629  -31.589  49.662 0.0000000000
44470  28.961  -32.351  49.612 0.0000000000
110106  29.153  -32.302  48.742 0.0000000000
44478  29.736  -32.508  48.216 0.0000000000
44500  28.734  -32.910  46.021 0.0000000000
125826  35.701  -20.113  48.764 0.0000000000
55490  34.677  -20.692  46.634 0.0000000000
54644  34.001  -20.612  45.239 0.0000000000
125289  31.640  -20.899  46.031 0.0000000000
54645  32.264  -21.071  45.413 0.0000000000
54660  33.640  -21.118  44.425 0.0000000000
67222  52.101  -7.109  36.976 0.0000000000
56285  38.426  -20.245  49.505 0.0000000000
55444  37.796  -20.215  48.964 0.0000000000
55426  39.303  -20.354  50.052 0.0000000000
39969  18.369  -36.616  52.154 0.0000000000
39948  19.927  -36.746  53.143 0.0000000000
59911  38.753  -15.559  43.360 0.0000000000
59918  38.490  -15.479  42.366 0.0000000000
120877  37.973  -15.978  42.909 0.0000000000
58962  39.201  -16.101  44.851 0.0000000000
59900  39.490  -15.507  44.116 0.0000000000
39797  8.762  -36.626  62.505 0.0000000000
39816  9.029  -36.620  61.823 0.0000000000
115455  8.102  -36.815  61.886 0.0000000000
112261  7.309  -37.028  61.916 0.0000000000
47833  31.437  -28.787  56.020 0.0000000000
47834  30.798  -28.329  55.439 0.0000000000
47859  31.301  -29.232  54.196 0.0000000000
42680  31.138  -34.536  60.643 0.0000000000
45244  22.579  -31.618  49.283 0.0000000000
45228  23.017  -30.942  49.935 0.0000000000
45243  23.187  -30.874  48.957 0.0000000000
52799  28.094  -23.488  48.811 0.0000000000
112181  28.013  -23.224  48.047 0.0000000000
68158  52.056  -5.844  39.960 0.0000000000
68184  52.217  -5.865  38.975 0.0000000000
69102  52.862  -5.687  38.074 0.0000000000
114813  52.138  -6.206  38.140 0.0000000000
54658  35.136  -21.322  44.618 0.0000000000
54676  34.434  -21.554  43.290 0.0000000000
54659  34.442  -21.334  44.056 0.0000000000
55487  40.319  -20.813  46.788 0.0000000000
117167  40.191  -19.729  47.087 0.0000000000
57115  39.581  -18.945  46.763 0.0000000000
39971  14.740  -37.668  52.302 0.0000000000
39072  13.963  -39.017  51.930 0.0000000000
110630  24.392  -34.359  58.156 0.0000000000
41842  21.193  -35.571  51.991 0.0000000000
109151  21.449  -34.948  52.300 0.0000000000
41841  21.457  -35.038  51.422 0.0000000000
113893  20.948  -35.829  50.293 0.0000000000
47959  28.559  -28.755  46.070 0.0000000000
63429  45.917  -10.893  42.058 0.0000000000
64375  45.704  -10.622  41.183 0.0000000000
65365  48.249  -9.379  38.235 0.0000000000
108816  21.391  -38.369  57.471 0.0000000000
127117  20.855  -38.183  57.283 0.0000000000
38987  22.079  -38.354  57.381 0.0000000000
61739  45.566  -13.321  44.650 0.0000000000
61747  45.151  -12.956  44.047 0.0000000000
61748  44.346  -13.212  43.825 0.0000000000
118381  13.287  -37.563  56.361 0.0000000000
39897  12.468  -37.422  56.593 0.0000000000
38940  12.407  -37.548  61.417 0.0000000000
39876  9.383  -37.351  57.810 0.0000000000
39901  8.814  -37.757  56.961 0.0000000000
39018  9.178  -38.027  56.295 0.0000000000
128440  29.395  -26.383  52.784 0.0000000000
50860  29.379  -25.698  53.054 0.0000000000
120873  29.212  -25.958  52.359 0.0000000000
50885  28.812  -25.512  52.029 0.0000000000
49847  29.025  -26.303  51.866 0.0000000000
49862  28.835  -26.806  51.100 0.0000000000
120950  29.189  -27.171  51.695 0.0000000000
46064  30.821  -30.462  48.852 0.0000000000
45262  31.048  -31.691  47.156 0.0000000000
45251  30.938  -31.459  48.032 0.0000000000
113072  27.427  -32.555  56.128 0.0000000000
121774  28.286  -33.016  56.345 0.0000000000
43625  27.919  -32.630  56.011 0.0000000000
107209  29.020  -32.663  53.469 0.0000000000
44434  29.689  -32.817  52.956 0.0000000000
128943  30.742  -32.669  53.294 0.0000000000
111577  29.908  -33.008  51.869 0.0000000000
123328  29.468  -33.035  51.359 0.0000000000
55448  33.124  -20.332  49.834 0.0000000000
55468  33.273  -20.562  48.933 0.0000000000
55469  32.712  -20.807  48.521 0.0000000000
54602  39.797  -21.413  47.477 0.0000000000
54603  38.871  -21.291  47.275 0.0000000000
55477  37.040  -20.561  47.439 0.0000000000
54605  37.032  -20.896  46.652 0.0000000000
55423  42.294  -20.409  50.070 0.0000000000
54583  40.031  -21.385  48.367 0.0000000000
54566  40.883  -21.205  48.741 0.0000000000
54601  40.474  -21.309  47.808 0.0000000000
40890  17.023  -36.433  51.821 0.0000000000
39990  16.619  -36.924  51.072 0.0000000000
40853  22.583  -36.305  55.197 0.0000000000
40862  22.129  -36.512  54.447 0.0000000000
40876  21.385  -36.490  53.306 0.0000000000
40889  20.517  -36.560  52.354 0.0000000000
124905  21.123  -36.142  52.308 0.0000000000
40902  20.214  -36.590  51.625 0.0000000000
39988  19.018  -37.141  51.096 0.0000000000
59884  41.619  -15.725  46.464 0.0000000000
60790  42.166  -14.709  45.183 0.0000000000
130113  42.748  -14.412  44.794 0.0000000000
60803  42.120  -14.311  44.448 0.0000000000
117558  42.101  -13.828  43.870 0.0000000000
60804  41.365  -14.228  43.893 0.0000000000
60811  39.775  -14.571  42.077 0.0000000000
38971  16.590  -38.912  58.503 0.0000000000
121250  14.910  -38.658  58.851 0.0000000000
108164  14.262  -38.284  58.404 0.0000000000
39814  10.980  -36.635  61.599 0.0000000000
39827  11.232  -36.820  60.931 0.0000000000
123795  9.344  -36.842  60.299 0.0000000000
39841  8.744  -37.163  59.496 0.0000000000
39842  7.724  -37.526  59.843 0.0000000000
39843  6.897  -37.830  60.091 0.0000000000
39819  5.806  -37.518  61.830 0.0000000000
39800  5.569  -37.156  62.648 0.0000000000
48790  30.133  -27.816  54.807 0.0000000000
129499  29.925  -27.063  55.241 0.0000000000
47876  29.516  -27.678  52.302 0.0000000000
123564  29.988  -28.239  53.102 0.0000000000
46930  31.156  -29.780  52.357 0.0000000000
46931  30.609  -29.313  51.852 0.0000000000
125707  31.070  -29.890  51.591 0.0000000000
126674  31.076  -30.194  50.909 0.0000000000
45194  25.624  -31.587  53.527 0.0000000000
113420  26.667  -31.856  53.789 0.0000000000
45206  25.502  -31.737  52.558 0.0000000000
45215  26.104  -31.620  51.394 0.0000000000
45205  26.304  -31.851  52.146 0.0000000000
44448  26.769  -31.798  51.473 0.0000000000
125446  27.150  -31.863  50.894 0.0000000000
44460  26.532  -31.622  50.785 0.0000000000
45255  25.161  -30.977  48.180 0.0000000000
54568  30.260  -21.168  49.416 0.0000000000
54586  30.211  -21.138  48.468 0.0000000000
54587  29.530  -21.600  48.146 0.0000000000
111139  28.851  -21.844  46.853 0.0000000000
53737  28.792  -22.771  45.388 0.0000000000
68195  53.690  -6.523  36.301 0.0000000000
58043  38.322  -17.340  44.838 0.0000000000
57128  37.261  -18.440  43.822 0.0000000000
57135  36.776  -18.919  43.179 0.0000000000
56341  36.555  -19.706  43.307 0.0000000000
129439  37.814  -20.976  45.691 0.0000000000
55499  37.511  -20.824  45.310 0.0000000000
55520  35.660  -21.325  43.975 0.0000000000
129848  36.145  -20.884  43.653 0.0000000000
118778  35.613  -20.942  43.067 0.0000000000
55528  35.785  -20.344  42.292 0.0000000000
56299  42.656  -19.663  48.990 0.0000000000
57108  41.566  -18.654  47.816 0.0000000000
57107  42.268  -18.265  48.045 0.0000000000
58932  41.612  -17.047  47.315 0.0000000000
58027  41.120  -17.461  47.103 0.0000000000
58035  39.402  -17.297  45.953 0.0000000000
42697  28.650  -34.488  59.283 0.0000000000
42721  27.196  -34.481  58.638 0.0000000000
43596  26.127  -33.671  57.506 0.0000000000
43610  26.808  -33.190  56.849 0.0000000000
43611  25.688  -33.100  57.044 0.0000000000
42764  22.575  -35.152  55.079 0.0000000000
42763  22.912  -34.308  55.246 0.0000000000
43639  22.770  -33.509  54.034 0.0000000000
119325  23.058  -33.215  54.917 0.0000000000
44397  24.604  -32.307  55.715 0.0000000000
126100  23.824  -31.963  54.987 0.0000000000
44425  22.825  -32.659  53.619 0.0000000000
116158  21.943  -33.421  51.448 0.0000000000
44449  22.211  -32.828  51.962 0.0000000000
43661  21.914  -33.607  50.576 0.0000000000
113964  19.703  -36.972  50.360 0.0000000000
40023  20.099  -36.965  49.616 0.0000000000
40024  19.665  -37.423  49.410 0.0000000000
64359  49.094  -11.099  44.397 0.0000000000
65330  47.648  -10.109  42.166 0.0000000000
64365  48.873  -10.124  43.204 0.0000000000
65328  48.885  -9.634  42.499 0.0000000000
110311  50.203  -9.077  42.882 0.0000000000
64408  46.214  -10.264  39.603 0.0000000000
64389  46.261  -10.221  40.603 0.0000000000
65347  48.239  -9.297  40.098 0.0000000000
66279  48.886  -8.860  40.627 0.0000000000
66263  49.509  -8.678  41.296 0.0000000000
125751  49.483  -8.426  40.607 0.0000000000
66278  49.201  -8.505  40.070 0.0000000000
66284  49.866  -8.018  39.016 0.0000000000
39912  20.491  -37.030  54.885 0.0000000000
39933  19.438  -36.672  54.353 0.0000000000
39014  18.290  -37.816  56.874 0.0000000000
121217  21.111  -38.835  58.742 0.0000000000
113832  19.838  -39.137  58.856 0.0000000000
38073  18.912  -39.388  58.806 0.0000000000
38074  18.018  -39.586  58.805 0.0000000000
41753  29.234  -34.888  60.304 0.0000000000
42700  25.322  -35.107  59.476 0.0000000000
39851  23.582  -36.911  58.334 0.0000000000
39869  23.351  -36.791  57.770 0.0000000000
40842  23.479  -36.397  58.121 0.0000000000
40847  22.929  -36.527  56.880 0.0000000000
39887  22.812  -37.076  56.514 0.0000000000
39889  21.594  -37.762  56.025 0.0000000000
39910  22.017  -37.403  55.369 0.0000000000
58057  37.306  -17.240  42.779 0.0000000000
62583  45.590  -12.462  43.571 0.0000000000
63417  45.918  -11.920  43.153 0.0000000000
63420  45.525  -11.490  42.505 0.0000000000
61750  42.600  -13.453  43.405 0.0000000000
61758  42.351  -13.244  42.592 0.0000000000
62601  42.718  -12.752  41.177 0.0000000000
62599  44.027  -11.977  41.863 0.0000000000
62618  43.148  -12.246  40.627 0.0000000000
39934  18.534  -36.653  54.570 0.0000000000
39935  16.600  -36.926  54.806 0.0000000000
39895  15.691  -37.697  56.368 0.0000000000
39896  14.816  -37.732  56.339 0.0000000000
39917  13.599  -37.612  55.668 0.0000000000
110573  14.503  -37.284  54.079 0.0000000000
128217  13.305  -37.873  54.212 0.0000000000
122486  12.494  -38.053  53.970 0.0000000000
39043  11.629  -38.249  54.244 0.0000000000
38129  11.163  -39.104  53.895 0.0000000000
127772  12.366  -37.498  60.127 0.0000000000
38974  12.706  -37.562  59.498 0.0000000000
39852  12.107  -37.270  58.595 0.0000000000
107769  10.981  -36.943  60.032 0.0000000000
39839  11.100  -37.173  59.044 0.0000000000
39875  10.354  -37.361  57.623 0.0000000000
110786  10.886  -37.200  58.167 0.0000000000
39874  11.208  -37.315  57.426 0.0000000000
115299  11.258  -37.587  56.512 0.0000000000
40775  5.877  -36.437  64.123 0.0000000000
40757  5.556  -36.100  64.838 0.0000000000
40758  4.800  -36.260  65.250 0.0000000000
39765  4.396  -36.706  64.794 0.0000000000
110377  34.083  -19.779  51.056 0.0000000000
55413  31.592  -20.765  51.178 0.0000000000
54549  31.167  -21.041  50.516 0.0000000000
121269  30.699  -21.332  51.098 0.0000000000
53650  29.514  -22.436  51.425 0.0000000000
53667  29.887  -21.766  50.858 0.0000000000
118438  28.813  -22.917  50.263 0.0000000000
114495  28.736  -23.299  50.942 0.0000000000
52748  29.367  -23.608  52.886 0.0000000000
50899  28.566  -25.212  51.446 0.0000000000
51875  28.635  -24.614  51.843 0.0000000000
50914  28.168  -25.292  49.840 0.0000000000
125550  28.227  -27.110  49.093 0.0000000000
116670  28.511  -28.051  47.824 0.0000000000
47940  28.943  -28.463  48.378 0.0000000000
47912  29.543  -28.336  50.646 0.0000000000
46989  30.869  -30.436  47.891 0.0000000000
118011  30.426  -29.975  47.564 0.0000000000
47950  29.502  -29.330  47.754 0.0000000000
46106  30.303  -30.527  46.125 0.0000000000
127671  30.205  -32.281  45.710 0.0000000000
42719  29.190  -34.239  58.778 0.0000000000
118885  29.877  -34.210  58.668 0.0000000000
42735  29.577  -33.744  57.973 0.0000000000
43592  30.072  -33.313  57.188 0.0000000000
43590  31.520  -33.368  57.410 0.0000000000
43606  30.713  -33.260  56.449 0.0000000000
44409  28.300  -32.543  54.631 0.0000000000
44408  30.294  -32.864  54.268 0.0000000000
43636  30.555  -33.033  55.003 0.0000000000
43621  31.434  -32.950  55.426 0.0000000000
43620  31.870  -32.982  56.016 0.0000000000
44393  32.269  -32.639  55.591 0.0000000000
44392  32.782  -32.211  55.831 0.0000000000
44406  32.099  -32.563  54.877 0.0000000000
44431  32.087  -31.824  53.641 0.0000000000
44417  32.542  -32.034  54.438 0.0000000000
45193  32.380  -31.422  54.087 0.0000000000
115445  32.509  -31.012  54.457 0.0000000000
46038  32.138  -30.902  53.578 0.0000000000
44457  30.893  -31.989  51.169 0.0000000000
110529  30.384  -32.371  50.490 0.0000000000
44468  30.174  -32.259  49.505 0.0000000000
44471  28.117  -32.011  49.869 0.0000000000
110305  28.770  -32.542  50.378 0.0000000000
45238  28.356  -31.744  48.272 0.0000000000
44479  29.111  -32.559  47.798 0.0000000000
44487  29.826  -32.657  47.322 0.0000000000
44488  28.950  -32.701  46.912 0.0000000000
55446  35.681  -19.928  49.576 0.0000000000
55445  36.427  -19.886  49.062 0.0000000000
128823  35.288  -20.110  49.427 0.0000000000
55481  33.567  -20.630  47.695 0.0000000000
55480  34.422  -20.558  47.488 0.0000000000
55491  33.853  -20.620  46.977 0.0000000000
54627  33.987  -20.534  46.168 0.0000000000
54608  30.520  -21.160  47.024 0.0000000000
114024  31.515  -20.774  46.944 0.0000000000
53754  31.819  -21.997  44.755 0.0000000000
54661  32.656  -21.551  44.635 0.0000000000
123123  33.149  -20.794  45.049 0.0000000000
54678  33.018  -21.912  43.979 0.0000000000
69120  56.182  -4.473  36.173 0.0000000000
70049  56.967  -4.907  35.830 0.0000000000
67229  51.793  -7.860  36.589 0.0000000000
55464  38.448  -20.763  48.281 0.0000000000
55465  37.507  -20.394  48.227 0.0000000000
55466  36.636  -20.155  48.308 0.0000000000
115755  18.570  -36.906  51.286 0.0000000000
40877  17.449  -36.441  52.915 0.0000000000
39946  20.943  -36.850  53.674 0.0000000000
40863  21.587  -36.620  53.908 0.0000000000
109926  20.131  -36.737  52.750 0.0000000000
59910  39.310  -14.981  42.777 0.0000000000
58953  40.335  -16.199  45.868 0.0000000000
111804  40.670  -15.638  45.536 0.0000000000
59898  40.771  -15.183  44.932 0.0000000000
60798  40.849  -14.710  44.316 0.0000000000
60805  40.561  -14.564  43.636 0.0000000000
59909  39.877  -14.933  43.535 0.0000000000
38056  15.900  -39.694  60.039 0.0000000000
38077  15.686  -39.380  59.715 0.0000000000
47860  30.407  -28.402  54.033 0.0000000000
47874  31.229  -29.541  53.228 0.0000000000
45208  23.732  -31.305  52.269 0.0000000000
110713  24.818  -31.520  52.046 0.0000000000
45216  24.149  -31.078  51.621 0.0000000000
129844  25.234  -31.278  51.237 0.0000000000
45226  25.201  -30.846  50.091 0.0000000000
123428  23.566  -30.981  48.260 0.0000000000
53694  28.948  -22.153  48.747 0.0000000000
53706  28.151  -22.527  47.362 0.0000000000
119117  51.475  -6.261  40.243 0.0000000000
68141  52.121  -6.129  40.949 0.0000000000
70017  53.707  -5.006  38.394 0.0000000000
58029  39.167  -18.251  46.174 0.0000000000
58037  38.247  -18.252  45.047 0.0000000000
123865  38.661  -18.543  45.672 0.0000000000
57120  38.251  -19.158  45.461 0.0000000000
117458  37.679  -19.994  45.154 0.0000000000
54641  36.206  -21.079  45.594 0.0000000000
55500  36.770  -21.055  45.045 0.0000000000
54675  35.102  -21.450  43.225 0.0000000000
55475  41.278  -20.574  47.957 0.0000000000
57095  42.181  -19.236  48.241 0.0000000000
57109  40.707  -18.918  47.628 0.0000000000
58019  41.106  -18.127  47.485 0.0000000000
58028  40.558  -17.973  47.200 0.0000000000
124658  15.392  -38.313  51.320 0.0000000000
38147  13.313  -39.585  52.356 0.0000000000
39074  12.992  -38.994  52.813 0.0000000000
42722  25.995  -34.499  58.861 0.0000000000
42739  25.455  -34.078  58.220 0.0000000000
43597  24.862  -33.626  57.613 0.0000000000
42782  22.095  -34.953  53.748 0.0000000000
42774  22.490  -34.749  54.380 0.0000000000
114329  21.694  -34.952  53.068 0.0000000000
43646  22.027  -34.412  53.261 0.0000000000
44426  22.388  -33.614  53.416 0.0000000000
43651  22.024  -33.660  52.729 0.0000000000
42799  21.659  -34.269  51.645 0.0000000000
127051  21.689  -34.552  50.809 0.0000000000
41865  21.398  -35.374  49.424 0.0000000000
48906  27.981  -27.377  47.613 0.0000000000
63418  46.907  -11.222  43.056 0.0000000000
64363  48.546  -10.760  43.678 0.0000000000
64367  47.334  -10.625  42.653 0.0000000000
64407  46.918  -9.943  40.055 0.0000000000
64422  46.980  -10.093  39.055 0.0000000000
66289  48.807  -8.906  38.839 0.0000000000
66294  48.843  -8.948  37.829 0.0000000000
108464  23.325  -37.437  57.879 0.0000000000
39871  22.540  -37.776  56.921 0.0000000000
39010  21.920  -38.116  56.777 0.0000000000
62579  46.563  -12.578  44.458 0.0000000000
127372  17.610  -36.782  54.902 0.0000000000
39916  16.113  -37.407  55.698 0.0000000000
39016  14.524  -37.900  56.963 0.0000000000
116429  14.053  -37.699  56.288 0.0000000000
110386  13.097  -37.811  54.929 0.0000000000
109640  12.948  -37.970  60.725 0.0000000000
54533  30.895  -21.208  51.990 0.0000000000
54516  30.368  -21.825  52.560 0.0000000000
53636  29.686  -22.506  52.187 0.0000000000
50841  29.627  -25.109  54.743 0.0000000000
50859  29.439  -24.961  53.777 0.0000000000
51874  29.071  -24.463  52.721 0.0000000000
49863  28.485  -25.940  50.651 0.0000000000
47926  30.502  -29.776  49.633 0.0000000000
46973  30.750  -30.183  48.734 0.0000000000
46105  30.993  -31.222  46.733 0.0000000000
46090  31.212  -31.009  47.494 0.0000000000
44499  29.892  -32.589  46.298 0.0000000000
43594  27.971  -33.527  57.114 0.0000000000
120867  28.520  -32.544  53.938 0.0000000000
44421  28.958  -32.712  54.250 0.0000000000
44420  29.587  -32.755  53.865 0.0000000000
44419  30.916  -32.703  53.828 0.0000000000
44432  31.382  -32.273  53.183 0.0000000000
125932  31.666  -31.647  52.901 0.0000000000
44444  30.490  -32.591  51.471 0.0000000000
124364  26.786  -31.243  48.508 0.0000000000
45264  27.275  -31.592  47.112 0.0000000000
45263  27.896  -32.217  46.657 0.0000000000
45278  27.103  -32.124  46.484 0.0000000000
125126  34.641  -20.076  49.873 0.0000000000
108830  34.883  -20.241  49.196 0.0000000000
124898  33.261  -20.710  48.286 0.0000000000
55492  33.081  -20.698  47.180 0.0000000000
53735  30.305  -21.778  45.407 0.0000000000
53734  30.973  -22.000  44.836 0.0000000000
129951  54.756  -4.951  36.383 0.0000000000
70050  55.269  -4.324  36.571 0.0000000000
55488  39.758  -21.043  46.433 0.0000000000
56318  39.028  -20.606  46.198 0.0000000000
55489  38.992  -21.094  46.234 0.0000000000
54622  38.120  -21.083  46.079 0.0000000000
54604  37.916  -21.091  46.764 0.0000000000
54623  37.397  -21.076  46.239 0.0000000000
54642  35.365  -21.077  45.410 0.0000000000
54643  34.833  -21.003  45.175 0.0000000000
56284  42.681  -20.081  49.816 0.0000000000
55442  41.628  -20.676  49.458 0.0000000000
119427  41.492  -20.719  48.646 0.0000000000
55476  40.736  -21.016  47.427 0.0000000000
39092  16.277  -38.402  50.599 0.0000000000
39081  15.953  -37.736  50.969 0.0000000000
39991  15.358  -37.755  51.657 0.0000000000
41781  23.156  -35.920  57.207 0.0000000000
42741  23.269  -35.417  56.854 0.0000000000
41799  22.792  -35.787  55.638 0.0000000000
41800  22.485  -35.608  54.782 0.0000000000
41808  22.188  -35.437  54.053 0.0000000000
40875  22.017  -36.088  53.747 0.0000000000
41816  21.872  -35.434  53.418 0.0000000000
40919  20.447  -36.192  51.019 0.0000000000
40007  19.357  -37.107  50.818 0.0000000000
63447  44.963  -10.841  40.845 0.0000000000
64391  44.804  -10.813  39.873 0.0000000000
38071  21.514  -38.670  58.276 0.0000000000
38051  22.116  -39.079  59.240 0.0000000000
59882  43.336  -15.355  46.863 0.0000000000
60779  43.652  -14.720  46.253 0.0000000000
59890  42.230  -15.039  46.023 0.0000000000
128022  43.654  -14.456  45.092 0.0000000000
60795  44.065  -14.282  44.842 0.0000000000
61741  43.805  -13.740  44.309 0.0000000000
60810  40.919  -14.084  42.874 0.0000000000
61760  40.881  -13.851  41.918 0.0000000000
38992  16.890  -38.466  57.678 0.0000000000
38972  15.710  -38.769  58.897 0.0000000000
38994  14.992  -38.343  57.884 0.0000000000
107406  11.784  -37.055  61.507 0.0000000000
38975  6.966  -38.074  58.316 0.0000000000
108518  29.782  -26.114  55.208 0.0000000000
49824  29.480  -26.591  53.551 0.0000000000
47893  30.055  -28.898  51.293 0.0000000000
47875  30.660  -29.047  52.675 0.0000000000
46957  30.771  -29.949  50.234 0.0000000000
119030  26.738  -31.802  54.847 0.0000000000
44394  27.862  -32.425  55.389 0.0000000000
44423  27.320  -32.092  53.629 0.0000000000
44424  26.833  -31.935  52.909 0.0000000000
110427  27.564  -32.107  53.030 0.0000000000
107628  28.053  -32.230  52.273 0.0000000000
44446  28.626  -32.645  51.274 0.0000000000
45224  27.118  -31.720  50.092 0.0000000000
45240  26.559  -31.294  49.234 0.0000000000
45241  25.684  -30.963  49.139 0.0000000000
45266  25.602  -31.419  47.542 0.0000000000
55450  31.898  -20.770  49.448 0.0000000000
55470  32.108  -20.787  48.808 0.0000000000
54585  31.183  -20.806  48.802 0.0000000000
54609  29.624  -21.557  47.213 0.0000000000
128154  29.440  -21.690  46.589 0.0000000000
53718  30.004  -21.520  46.383 0.0000000000
70051  54.525  -4.591  37.045 0.0000000000
69117  54.074  -5.038  37.610 0.0000000000
68194  54.315  -6.217  35.973 0.0000000000
58963  38.518  -16.521  44.545 0.0000000000
58971  38.161  -16.179  43.778 0.0000000000
58964  37.842  -16.968  44.135 0.0000000000
58051  37.396  -17.512  43.610 0.0000000000
56330  36.624  -20.404  43.808 0.0000000000
117732  42.852  -18.813  48.538 0.0000000000
120348  43.483  -18.377  48.721 0.0000000000
59865  42.865  -16.087  47.437 0.0000000000
58942  41.940  -16.306  47.171 0.0000000000
58944  40.630  -17.222  46.678 0.0000000000
126865  40.658  -16.616  46.344 0.0000000000
58954  39.644  -16.464  45.586 0.0000000000
42682  29.767  -34.663  59.913 0.0000000000
42737  27.589  -34.039  57.857 0.0000000000
42752  23.507  -34.604  56.924 0.0000000000
43612  24.021  -33.720  57.017 0.0000000000
43629  23.347  -33.499  55.700 0.0000000000
43627  25.262  -32.641  56.370 0.0000000000
44396  25.926  -31.916  55.583 0.0000000000
45187  24.614  -31.357  54.419 0.0000000000
45195  24.427  -31.424  53.440 0.0000000000
44437  22.490  -32.722  52.866 0.0000000000
45209  22.894  -31.908  52.213 0.0000000000
45218  22.617  -31.867  51.328 0.0000000000
44472  22.245  -32.578  49.830 0.0000000000
51913  27.865  -24.903  48.131 0.0000000000
66256  50.393  -8.613  42.367 0.0000000000
64374  46.399  -10.418  41.534 0.0000000000
65333  47.605  -9.807  41.416 0.0000000000
65348  47.588  -9.657  40.523 0.0000000000
65331  48.888  -9.171  41.597 0.0000000000
108768  50.075  -8.566  41.714 0.0000000000
108495  50.498  -8.141  41.776 0.0000000000
67185  50.898  -7.639  41.862 0.0000000000
117456  50.602  -7.660  41.206 0.0000000000
67203  50.752  -7.117  40.778 0.0000000000
66277  49.714  -8.034  40.016 0.0000000000
68174  50.705  -6.754  40.033 0.0000000000
67213  50.746  -6.875  39.041 0.0000000000
67216  51.025  -7.152  38.157 0.0000000000
109030  19.692  -36.696  53.557 0.0000000000
118110  18.948  -36.764  55.128 0.0000000000
39891  20.124  -37.386  56.314 0.0000000000
39892  18.695  -37.232  55.959 0.0000000000
38991  17.868  -38.467  57.588 0.0000000000
38091  21.072  -38.617  58.141 0.0000000000
38967  20.352  -38.708  58.220 0.0000000000
38053  20.162  -39.244  59.606 0.0000000000
38968  19.434  -38.849  58.204 0.0000000000
38075  17.142  -39.524  58.982 0.0000000000
37117  16.728  -39.863  59.729 0.0000000000
41754  28.555  -34.816  59.915 0.0000000000
42724  23.953  -35.165  58.462 0.0000000000
41758  24.358  -35.745  59.372 0.0000000000
41771  23.790  -35.823  58.672 0.0000000000
41780  23.460  -35.897  57.908 0.0000000000
125149  22.941  -36.191  56.861 0.0000000000
39929  22.291  -36.976  55.010 0.0000000000
39931  20.699  -36.971  54.197 0.0000000000
121785  37.608  -16.568  42.585 0.0000000000
63411  48.305  -11.427  44.227 0.0000000000
63415  47.053  -11.696  43.726 0.0000000000
63419  46.232  -11.340  42.754 0.0000000000
62585  44.007  -12.892  43.093 0.0000000000
62590  44.421  -12.340  42.630 0.0000000000
62592  42.911  -12.870  42.018 0.0000000000
62591  43.638  -12.582  42.325 0.0000000000
63431  44.457  -11.352  41.388 0.0000000000
116485  15.746  -36.828  53.227 0.0000000000
39952  14.996  -37.163  53.220 0.0000000000
39953  14.213  -37.578  53.084 0.0000000000
39954  13.671  -38.035  52.989 0.0000000000
39057  12.529  -38.821  53.223 0.0000000000
38137  12.092  -39.588  53.183 0.0000000000
122297  11.807  -37.219  60.017 0.0000000000
39873  12.075  -37.256  57.586 0.0000000000
39920  10.538  -37.842  56.031 0.0000000000
39029  10.533  -38.269  55.221 0.0000000000
39044  10.795  -38.652  54.498 0.0000000000
39777  6.281  -36.709  63.290 0.0000000000
116749  5.279  -36.919  63.590 0.0000000000
56286  37.524  -19.734  49.701 0.0000000000
108424  33.991  -19.934  50.228 0.0000000000
127623  32.380  -20.601  49.838 0.0000000000
54551  29.635  -21.654  49.989 0.0000000000
53683  29.101  -22.279  49.684 0.0000000000
52792  28.544  -22.946  49.415 0.0000000000
52793  28.260  -23.760  49.579 0.0000000000
119614  29.881  -22.672  53.021 0.0000000000
52772  29.109  -22.953  51.823 0.0000000000
119086  28.821  -24.049  52.331 0.0000000000
124542  28.745  -23.629  51.690 0.0000000000
51912  27.939  -24.490  49.102 0.0000000000
50931  27.914  -25.659  48.748 0.0000000000
49913  27.955  -27.057  48.379 0.0000000000
47003  29.034  -29.057  46.880 0.0000000000
48862  29.240  -27.551  51.063 0.0000000000
48883  29.235  -28.008  49.883 0.0000000000
47939  29.256  -28.688  49.195 0.0000000000
47013  29.352  -29.552  46.064 0.0000000000
46118  30.328  -30.847  44.957 0.0000000000
45307  30.400  -31.597  44.311 0.0000000000
118884  30.200  -32.532  44.328 0.0000000000
46903  31.928  -29.533  55.906 0.0000000000
42695  30.178  -34.457  59.337 0.0000000000
43579  30.694  -33.731  58.061 0.0000000000
42734  30.172  -33.739  57.989 0.0000000000
43578  31.524  -33.524  58.297 0.0000000000
43604  32.210  -32.949  56.660 0.0000000000
43624  28.468  -32.745  55.477 0.0000000000
43623  29.253  -32.992  55.353 0.0000000000
124250  30.001  -32.967  55.370 0.0000000000
111832  31.251  -33.199  56.000 0.0000000000
44385  32.716  -32.312  56.391 0.0000000000
44384  32.976  -31.724  56.195 0.0000000000
45186  32.799  -31.511  54.980 0.0000000000
46026  32.817  -30.815  55.750 0.0000000000
46910  32.394  -30.536  54.946 0.0000000000
46911  31.879  -29.792  55.075 0.0000000000
116327  31.870  -30.030  54.370 0.0000000000
46039  31.683  -30.334  53.050 0.0000000000
45204  31.637  -31.264  52.344 0.0000000000
45214  31.336  -31.351  51.425 0.0000000000
46050  31.170  -30.719  50.829 0.0000000000
118836  30.804  -30.850  49.785 0.0000000000
45237  30.574  -31.680  48.916 0.0000000000
127084  29.441  -32.964  50.685 0.0000000000
122925  29.435  -32.690  50.075 0.0000000000
128504  28.442  -31.982  49.149 0.0000000000
44469  29.717  -32.459  49.295 0.0000000000
44477  30.294  -32.182  48.566 0.0000000000
44486  30.533  -32.211  47.681 0.0000000000
44511  28.385  -33.228  45.381 0.0000000000
44527  28.871  -33.538  44.793 0.0000000000
117092  37.064  -19.815  49.232 0.0000000000
109812  35.999  -20.335  47.732 0.0000000000
109407  35.060  -20.460  48.141 0.0000000000
55479  35.305  -20.650  47.153 0.0000000000
54626  34.797  -20.791  45.794 0.0000000000
54607  31.954  -20.781  47.992 0.0000000000
54606  32.386  -20.699  47.285 0.0000000000
54628  32.458  -20.653  46.453 0.0000000000
113141  33.182  -20.570  45.801 0.0000000000
68192  51.734  -6.748  37.749 0.0000000000
67228  52.565  -7.655  36.274 0.0000000000
38966  22.257  -38.507  57.921 0.0000000000
40887  21.743  -36.018  53.122 0.0000000000
41791  23.004  -35.879  56.468 0.0000000000
42717  30.752  -34.160  58.849 0.0000000000
42773  22.765  -34.108  54.396 0.0000000000
43628  24.044  -33.143  56.319 0.0000000000
44377  32.667  -32.429  57.109 0.0000000000
44405  32.737  -32.149  55.215 0.0000000000
45196  23.322  -31.749  53.076 0.0000000000
45217  23.340  -31.267  51.538 0.0000000000
45229  22.529  -31.786  50.327 0.0000000000
45257  23.000  -31.556  48.337 0.0000000000
46063  30.784  -30.495  49.371 0.0000000000
46077  23.948  -30.615  48.730 0.0000000000
46990  30.269  -29.787  48.237 0.0000000000
50873  29.301  -24.900  53.033 0.0000000000
54621  39.508  -21.255  46.693 0.0000000000
60796  43.414  -14.304  44.763 0.0000000000
62580  45.972  -12.806  44.187 0.0000000000
109523  29.902  -24.430  55.136 0.0000000000
114741  23.938  -30.812  50.759 0.0000000000
128872  38.480  -20.534  48.943 0.0000000000
129558  30.916  -30.762  50.298 0.0000000000
