#!ascii label  , from subject freesurfer vox2ras=TkReg
735
65877  23.697  -9.828  -8.804 0.2500000000
64941  24.068  -10.417  -9.633 0.2500000000
123019  23.907  -11.377  -9.453 0.7500000000
68671  23.419  -6.653  -9.136 0.2500000000
67742  23.381  -7.444  -9.101 0.1250000000
67749  23.651  -7.385  -9.463 0.3750000000
66816  23.506  -8.135  -9.276 0.2500000000
65878  23.375  -9.035  -8.772 0.2500000000
65887  24.099  -9.542  -9.668 0.7500000000
110655  23.821  -9.870  -9.174 0.3750000000
64015  24.575  -10.857  -10.011 0.8750000000
64014  25.379  -11.204  -10.213 0.8750000000
66815  24.073  -8.674  -9.723 0.3750000000
66830  24.656  -8.350  -10.401 0.8750000000
65906  25.738  -9.449  -10.734 1.0000000000
126913  25.096  -9.534  -10.550 1.0000000000
65907  24.635  -9.156  -10.270 0.8750000000
64958  26.137  -10.763  -10.462 1.0000000000
64960  24.553  -10.010  -10.215 0.8750000000
68676  23.590  -6.585  -9.434 0.2500000000
68675  24.108  -6.975  -10.039 0.7500000000
67755  24.691  -7.577  -10.526 0.8750000000
67748  24.092  -7.840  -9.868 0.7500000000
65905  26.512  -9.439  -10.787 1.0000000000
66829  25.335  -8.741  -10.726 1.0000000000
113996  27.784  -10.186  -10.715 1.0000000000
112687  26.934  -10.276  -10.612 1.0000000000
129567  26.086  -10.035  -10.704 1.0000000000
68650  23.456  -6.043  -8.121 0.1250000000
67754  25.326  -7.315  -10.973 1.0000000000
125841  24.320  -6.468  -10.350 0.8750000000
119158  25.177  -8.012  -10.823 1.0000000000
66826  27.881  -8.881  -11.035 1.0000000000
66827  26.937  -8.783  -10.954 1.0000000000
66828  26.139  -8.738  -10.944 1.0000000000
66847  25.817  -7.910  -11.117 1.0000000000
65903  28.319  -9.683  -10.904 1.0000000000
65904  27.361  -9.515  -10.814 1.0000000000
65902  29.279  -9.921  -11.230 1.0000000000
73339  23.449  -2.180  -10.383 0.2500000000
69599  23.449  -5.946  -9.267 0.2500000000
69612  23.324  -5.137  -9.438 0.3750000000
69611  23.551  -5.647  -9.662 0.5000000000
68681  24.623  -5.939  -10.654 1.0000000000
69621  23.884  -5.351  -10.320 0.6250000000
68698  26.285  -6.187  -11.539 1.0000000000
68680  25.480  -6.323  -11.203 1.0000000000
66844  28.458  -8.220  -11.241 1.0000000000
66845  27.409  -8.147  -11.269 1.0000000000
68697  26.764  -6.640  -11.520 1.0000000000
66825  29.047  -8.988  -11.073 1.0000000000
123732  29.334  -8.314  -11.383 1.0000000000
66843  29.795  -8.768  -11.709 1.0000000000
72459  23.499  -2.474  -10.398 0.5000000000
124880  23.330  -2.702  -9.861 0.3750000000
71515  23.355  -3.115  -9.939 0.3750000000
70569  23.304  -3.912  -9.957 0.5000000000
130057  23.811  -3.376  -10.638 0.5000000000
70578  24.668  -4.127  -11.066 0.8750000000
70590  25.541  -4.739  -11.568 1.0000000000
108764  25.374  -4.036  -11.526 1.0000000000
107848  26.847  -5.836  -11.649 1.0000000000
69637  25.943  -5.419  -11.672 1.0000000000
68695  28.329  -6.709  -11.364 1.0000000000
68696  27.327  -6.656  -11.492 1.0000000000
124958  30.137  -7.300  -11.775 1.0000000000
107492  29.165  -7.541  -11.355 1.0000000000
108717  30.206  -8.145  -12.015 0.8750000000
73356  23.733  -1.752  -10.983 0.5000000000
72470  23.953  -2.476  -11.056 0.6250000000
72469  24.779  -2.517  -11.399 0.6250000000
71535  25.506  -3.543  -11.547 1.0000000000
71536  24.668  -3.327  -11.240 0.7500000000
70589  26.010  -4.364  -11.748 1.0000000000
70601  28.572  -4.428  -11.317 1.0000000000
69634  27.951  -5.192  -11.288 1.0000000000
69635  26.852  -5.122  -11.701 1.0000000000
69648  29.177  -5.265  -11.398 1.0000000000
107103  28.657  -5.954  -11.373 1.0000000000
107502  27.584  -5.900  -11.450 1.0000000000
69647  30.569  -5.497  -11.884 0.8750000000
69633  29.741  -6.001  -11.520 1.0000000000
67767  30.686  -7.597  -13.102 0.8750000000
117222  24.564  -1.692  -11.403 0.8750000000
72467  26.509  -3.029  -11.567 1.0000000000
72466  27.304  -3.050  -11.355 1.0000000000
70587  26.600  -4.606  -11.734 1.0000000000
72482  28.470  -3.160  -11.066 1.0000000000
123133  31.113  -5.226  -13.209 1.0000000000
124639  29.798  -4.738  -11.518 1.0000000000
71546  28.859  -3.717  -11.310 1.0000000000
70600  30.803  -4.692  -11.979 1.0000000000
74174  24.178  -0.916  -11.220 0.5000000000
121991  24.821  -1.055  -11.496 0.8750000000
121977  25.280  -1.854  -11.470 1.0000000000
74194  27.719  -0.475  -10.175 1.0000000000
106574  26.894  -2.059  -10.921 1.0000000000
106985  26.058  -2.044  -11.330 1.0000000000
74193  29.093  -0.882  -10.460 1.0000000000
73372  28.789  -1.654  -10.371 1.0000000000
73371  30.308  -1.575  -10.724 1.0000000000
107999  29.360  -2.559  -10.954 1.0000000000
115487  31.255  -3.389  -12.375 1.0000000000
115450  31.015  -4.036  -12.210 0.8750000000
122008  25.902  3.466  -11.662 1.0000000000
107229  25.433  3.043  -11.809 0.3750000000
106758  25.846  2.838  -11.884 0.8750000000
75835  27.221  0.845  -11.120 1.0000000000
75007  28.977  0.066  -10.855 1.0000000000
75008  28.484  -0.090  -10.885 1.0000000000
77454  25.696  4.529  -11.350 0.8750000000
106876  26.651  3.996  -11.211 1.0000000000
106784  26.705  3.163  -11.375 1.0000000000
121921  26.822  2.469  -11.243 1.0000000000
128854  27.730  3.327  -10.661 1.0000000000
75834  28.197  1.202  -10.847 1.0000000000
74990  28.751  0.728  -11.030 1.0000000000
75006  30.478  -0.039  -11.325 1.0000000000
107915  25.854  5.234  -11.047 0.7500000000
106809  27.773  2.641  -10.604 1.0000000000
75816  29.347  2.003  -10.523 1.0000000000
75817  28.710  1.928  -10.212 1.0000000000
113923  29.104  1.244  -10.665 1.0000000000
111791  27.577  4.702  -10.768 1.0000000000
76613  28.983  2.949  -10.019 1.0000000000
82865  26.378  10.947  -9.202 0.1250000000
83708  26.975  11.639  -9.942 0.1250000000
82875  26.548  10.637  -10.628 0.2500000000
83717  26.986  11.340  -11.297 0.1250000000
82874  27.090  10.491  -11.590 0.3750000000
83727  27.012  12.112  -11.920 0.2500000000
83715  28.092  11.028  -11.940 0.5000000000
83716  27.461  11.198  -11.858 0.2500000000
127565  28.733  12.140  -11.922 0.3750000000
84487  27.103  12.248  -10.699 0.2500000000
84495  26.975  12.728  -12.337 0.2500000000
85293  27.592  13.204  -12.390 0.2500000000
83726  27.677  11.893  -12.044 0.2500000000
84494  28.435  13.192  -12.564 0.2500000000
112285  27.908  12.674  -12.298 0.2500000000
84493  29.443  12.587  -12.187 0.3750000000
84503  29.401  13.106  -12.788 0.2500000000
64921  23.352  -9.562  -7.946 0.1250000000
65888  23.531  -9.049  -9.095 0.2500000000
66808  23.273  -8.423  -8.911 0.1250000000
64956  28.630  -10.577  -10.752 1.0000000000
72465  27.963  -2.367  -10.651 1.0000000000
111421  23.768  -10.817  -7.661 0.1250000000
63163  25.190  -12.575  -9.713 0.7500000000
67720  23.115  -7.531  -7.897 0.1250000000
63162  26.164  -12.358  -9.885 1.0000000000
110281  26.929  -11.144  -10.355 1.0000000000
64957  27.711  -10.874  -10.511 1.0000000000
110627  29.194  -11.245  -10.826 1.0000000000
69600  23.018  -4.917  -8.518 0.3750000000
72420  23.063  -2.717  -8.562 0.2500000000
71516  23.179  -3.459  -9.584 0.2500000000
66842  30.535  -8.986  -12.504 0.8750000000
68693  31.186  -6.898  -13.606 0.8750000000
106830  24.759  3.042  -10.538 0.1250000000
106587  24.471  2.365  -10.926 0.1250000000
121950  24.573  -0.135  -11.340 0.3750000000
106849  25.067  -0.240  -11.629 0.6250000000
109998  30.816  -2.676  -11.702 1.0000000000
70599  31.333  -4.668  -13.382 0.8750000000
106585  25.344  3.335  -11.807 0.5000000000
106964  25.571  3.933  -11.676 0.8750000000
106579  25.110  2.210  -11.494 0.3750000000
107031  25.600  1.468  -11.683 0.8750000000
124931  30.258  -0.841  -10.825 1.0000000000
74988  30.936  0.724  -11.773 1.0000000000
121093  29.981  1.287  -10.975 1.0000000000
108503  26.940  5.518  -10.843 0.8750000000
121892  28.190  5.316  -10.664 1.0000000000
106977  29.555  3.891  -9.916 1.0000000000
82858  26.704  11.010  -7.986 0.1250000000
82027  25.857  9.811  -9.911 0.1250000000
118772  26.925  8.880  -11.089 0.6250000000
82872  29.042  10.584  -11.361 0.5000000000
123719  29.161  11.362  -11.629 0.5000000000
84486  26.790  12.905  -11.685 0.2500000000
83725  29.994  11.837  -11.714 0.5000000000
85294  26.889  13.196  -12.114 0.1250000000
85298  30.106  13.439  -13.168 0.2500000000
84502  30.613  12.780  -12.585 0.3750000000
112739  30.260  14.058  -13.571 0.2500000000
123861  28.224  13.610  -12.716 0.1250000000
64931  23.530  -10.834  -8.920 0.1250000000
64942  23.663  -10.633  -9.131 0.3750000000
111508  23.553  -11.324  -9.026 0.5000000000
64001  24.731  -11.749  -9.835 0.7500000000
64000  25.521  -11.898  -9.993 1.0000000000
63178  26.183  -11.560  -10.217 1.0000000000
64959  25.309  -10.282  -10.481 1.0000000000
68682  23.921  -6.170  -10.086 0.8750000000
67771  25.866  -7.015  -11.283 1.0000000000
66846  26.581  -8.065  -11.224 1.0000000000
67770  26.386  -7.217  -11.364 1.0000000000
70570  23.174  -4.308  -9.546 0.3750000000
70579  23.808  -4.444  -10.508 0.5000000000
69620  24.671  -5.005  -10.884 0.8750000000
69619  25.304  -5.487  -11.264 1.0000000000
67768  27.918  -7.464  -11.355 1.0000000000
67769  27.023  -7.399  -11.437 1.0000000000
71534  26.192  -3.794  -11.690 1.0000000000
69636  26.478  -5.241  -11.711 1.0000000000
70588  26.406  -4.767  -11.745 1.0000000000
68694  29.478  -6.667  -11.467 1.0000000000
112625  30.573  -6.599  -12.258 0.8750000000
108718  30.906  -8.328  -13.194 0.8750000000
72468  25.754  -2.845  -11.525 1.0000000000
118896  29.836  -4.100  -11.553 1.0000000000
125655  27.340  -4.512  -11.488 1.0000000000
71547  27.790  -3.778  -11.246 1.0000000000
69632  31.240  -5.986  -13.665 0.8750000000
71533  26.793  -3.917  -11.669 1.0000000000
113194  30.023  -3.389  -11.408 1.0000000000
106934  24.472  -0.503  -11.322 0.6250000000
106810  25.709  -0.958  -11.562 1.0000000000
121990  26.366  -1.320  -11.238 1.0000000000
106911  26.499  -0.412  -11.410 1.0000000000
73373  27.690  -1.381  -10.449 1.0000000000
106995  27.158  0.193  -10.786 1.0000000000
123289  28.360  -0.816  -10.073 1.0000000000
114056  25.145  2.752  -11.834 0.7500000000
106869  25.634  2.234  -11.562 1.0000000000
74991  28.073  0.349  -10.718 1.0000000000
106578  26.259  0.623  -11.750 1.0000000000
124408  26.574  1.685  -11.423 1.0000000000
106593  26.433  4.819  -11.033 0.8750000000
128114  27.630  1.955  -10.712 1.0000000000
74989  29.800  0.804  -10.986 1.0000000000
121949  28.303  3.909  -10.446 1.0000000000
106588  28.803  4.590  -10.318 1.0000000000
82024  25.741  10.028  -8.167 0.1250000000
84470  27.002  12.588  -9.284 0.2500000000
82033  26.462  9.782  -11.228 0.5000000000
82873  27.968  10.432  -11.782 0.7500000000
85299  28.808  13.527  -13.063 0.2500000000
63956  23.956  -11.367  -7.077 0.1250000000
63974  23.602  -11.452  -7.718 0.1250000000
63149  23.587  -12.009  -9.015 0.6250000000
63164  24.179  -12.444  -9.365 0.7500000000
125117  24.710  0.187  -11.432 0.6250000000
121952  25.763  -0.037  -11.788 0.8750000000
107202  25.201  0.651  -11.692 0.7500000000
123413  25.191  2.099  -11.465 0.7500000000
106583  24.895  1.542  -11.444 0.8750000000
106592  29.066  5.163  -10.364 1.0000000000
82032  27.722  9.538  -11.492 0.7500000000
82031  28.905  9.805  -11.116 0.7500000000
85307  31.277  13.704  -13.611 0.2500000000
84510  31.475  12.978  -13.226 0.3750000000
59605  26.629  -16.823  -8.903 0.7500000000
59616  28.257  -17.082  -10.237 0.7500000000
114611  25.962  -15.862  -8.453 0.7500000000
118975  25.332  -15.237  -8.441 0.7500000000
119113  28.630  -16.378  -10.841 0.7500000000
60539  26.820  -15.878  -9.006 0.7500000000
60554  26.959  -14.937  -9.233 0.7500000000
61511  25.999  -15.074  -8.827 0.7500000000
110512  28.154  -15.321  -9.927 0.7500000000
62361  24.772  -13.150  -9.385 0.7500000000
121401  26.660  -13.930  -9.370 0.7500000000
127614  26.008  -13.690  -9.477 0.8750000000
62360  25.499  -13.378  -9.487 0.8750000000
61524  28.814  -15.699  -11.139 0.7500000000
121027  28.379  -14.507  -10.106 0.7500000000
62359  26.375  -13.153  -9.571 0.8750000000
63161  27.126  -12.589  -9.792 0.8750000000
61533  29.224  -14.767  -10.856 0.7500000000
62357  28.535  -13.609  -10.244 0.7500000000
63160  27.917  -12.828  -9.992 0.8750000000
63177  26.964  -11.876  -10.104 0.8750000000
63175  29.781  -12.972  -10.769 0.7500000000
63176  28.701  -12.648  -10.397 0.8750000000
64012  28.416  -11.559  -10.476 0.8750000000
63187  30.247  -12.382  -11.240 0.8750000000
107059  29.412  -12.014  -10.692 0.8750000000
64011  29.924  -11.479  -11.250 0.8750000000
64955  29.594  -10.702  -11.277 0.8750000000
64969  32.088  -10.926  -12.473 0.3750000000
65925  31.425  -10.199  -12.697 0.6250000000
113624  30.865  -10.416  -12.423 0.7500000000
64971  30.178  -10.172  -11.853 0.7500000000
64968  32.895  -10.754  -12.136 0.5000000000
65924  32.043  -9.954  -12.730 0.5000000000
66841  31.393  -9.189  -12.967 0.7500000000
65922  33.655  -8.961  -11.530 0.1250000000
66839  32.605  -8.627  -12.276 0.3750000000
66840  32.015  -8.997  -12.994 0.6250000000
108310  31.563  -8.319  -13.302 0.6250000000
66824  34.741  -8.746  -11.061 0.1250000000
67764  32.451  -7.822  -12.533 0.1250000000
68691  33.211  -7.023  -11.730 0.1250000000
107204  31.472  -6.892  -13.643 0.6250000000
68692  31.870  -6.205  -13.853 0.6250000000
107584  34.372  -6.947  -11.021 0.1250000000
69628  34.331  -5.587  -11.607 0.1250000000
69630  32.427  -5.673  -13.016 0.1250000000
69644  31.949  -5.631  -14.040 0.5000000000
69645  31.699  -5.789  -14.089 0.6250000000
69646  31.495  -5.261  -13.973 0.7500000000
67762  35.185  -7.725  -11.078 0.1250000000
70597  32.286  -5.022  -13.568 0.5000000000
109952  32.069  -4.212  -13.898 0.5000000000
71544  31.958  -4.114  -14.010 0.6250000000
70598  31.716  -4.668  -13.992 0.7500000000
126874  26.611  6.588  -10.877 0.5000000000
106760  26.975  6.540  -11.036 0.7500000000
110495  31.941  -3.403  -14.142 0.6250000000
73369  31.781  -2.173  -14.047 0.6250000000
73370  31.253  -2.035  -12.638 0.8750000000
72479  32.132  -2.570  -14.303 0.5000000000
72480  31.990  -2.740  -14.280 0.6250000000
112680  31.618  -1.557  -13.508 0.7500000000
75833  30.884  1.814  -11.504 0.8750000000
74173  31.665  -0.816  -13.684 0.7500000000
126957  31.202  -0.247  -12.445 0.8750000000
76632  31.496  2.823  -11.732 0.8750000000
129045  32.114  -2.164  -14.386 0.3750000000
72486  32.026  -2.130  -14.376 0.5000000000
73378  31.942  -1.287  -14.482 0.5000000000
73377  32.069  -1.370  -14.500 0.2500000000
75005  31.386  -0.283  -15.508 0.5000000000
106884  26.607  7.359  -10.934 0.6250000000
106610  27.257  7.300  -10.902 0.7500000000
106590  27.796  6.023  -10.731 0.8750000000
76634  30.125  3.341  -10.081 0.8750000000
122031  30.365  4.076  -10.023 0.7500000000
76633  30.881  2.886  -10.931 0.8750000000
74987  31.597  0.205  -13.511 0.6250000000
75832  31.520  1.234  -13.014 0.7500000000
74202  31.761  -0.581  -15.477 0.3750000000
117979  31.487  2.172  -12.739 0.7500000000
74201  31.884  -0.572  -15.504 0.2500000000
115733  26.935  8.044  -10.860 0.6250000000
106772  28.179  6.786  -10.619 0.8750000000
106750  28.763  5.889  -10.499 0.8750000000
106806  29.643  5.487  -10.393 0.8750000000
106612  29.431  6.556  -10.491 0.7500000000
77452  31.747  3.779  -12.172 0.7500000000
112254  31.491  1.847  -14.302 0.5000000000
75856  32.188  1.406  -16.067 0.2500000000
75864  30.944  1.496  -16.573 0.5000000000
125418  30.970  0.738  -16.623 0.5000000000
75019  32.202  -0.151  -15.538 0.2500000000
81287  26.245  8.509  -10.812 0.5000000000
129949  27.496  8.327  -10.881 0.5000000000
117542  28.009  8.585  -10.977 0.6250000000
81285  28.921  8.063  -10.608 0.7500000000
106900  29.644  7.499  -10.526 0.7500000000
81284  29.674  8.310  -10.625 0.7500000000
127299  30.248  7.765  -10.728 0.7500000000
127145  30.793  6.437  -11.075 0.7500000000
106609  30.398  6.956  -10.808 0.7500000000
121908  30.374  5.974  -10.721 0.7500000000
106805  31.131  5.257  -11.179 0.7500000000
121945  31.259  6.015  -11.271 0.7500000000
77472  31.863  3.752  -13.867 0.5000000000
78287  32.050  4.348  -13.289 0.3750000000
78269  31.838  4.665  -11.960 0.6250000000
75863  31.457  2.014  -16.094 0.2500000000
76649  31.556  3.412  -15.014 0.3750000000
77471  31.916  4.022  -14.935 0.3750000000
119321  28.884  8.914  -10.855 0.6250000000
81292  30.951  7.647  -11.182 0.7500000000
107276  31.388  6.826  -11.325 0.7500000000
79795  31.975  6.249  -11.678 0.6250000000
78268  32.149  4.934  -12.819 0.3750000000
79042  32.025  5.484  -11.941 0.3750000000
77482  32.264  3.694  -15.424 0.1250000000
125998  32.344  4.220  -14.985 0.1250000000
120706  29.697  9.121  -10.916 0.7500000000
122745  30.438  8.403  -11.065 0.6250000000
79794  32.328  6.117  -12.388 0.3750000000
80527  32.313  6.879  -11.844 0.3750000000
79073  32.658  5.210  -14.473 0.2500000000
79058  32.334  5.366  -13.215 0.3750000000
78298  33.290  4.855  -14.391 0.1250000000
78299  32.596  4.693  -14.738 0.1250000000
121039  33.211  3.634  -14.458 0.1250000000
82030  29.868  9.953  -11.050 0.6250000000
82040  31.550  9.211  -11.689 0.3750000000
82041  30.616  9.133  -11.341 0.3750000000
81290  32.188  8.482  -11.816 0.3750000000
120717  32.984  7.448  -13.086 0.2500000000
80528  31.893  7.650  -11.576 0.3750000000
109632  32.608  5.383  -14.709 0.1250000000
79807  32.501  5.721  -13.701 0.3750000000
79057  34.459  5.322  -13.605 0.1250000000
83724  31.031  11.299  -11.901 0.3750000000
82885  30.076  10.632  -11.307 0.3750000000
121154  30.835  9.922  -11.463 0.3750000000
116418  31.679  9.968  -11.919 0.3750000000
117314  32.471  9.256  -13.125 0.3750000000
82039  32.252  9.301  -12.097 0.3750000000
119916  32.705  7.990  -13.738 0.3750000000
81296  32.638  8.441  -12.538 0.3750000000
80564  32.356  5.833  -15.452 0.1250000000
79824  32.566  5.495  -14.846 0.1250000000
80549  32.415  6.667  -14.497 0.2500000000
79822  33.652  5.848  -14.352 0.1250000000
83732  32.339  11.534  -13.155 0.2500000000
117644  32.476  10.730  -13.542 0.2500000000
82893  32.285  10.777  -12.779 0.3750000000
82894  31.747  10.666  -12.223 0.3750000000
123592  32.453  8.460  -14.475 0.1250000000
82048  32.165  10.039  -12.491 0.3750000000
81316  31.638  7.043  -15.431 0.1250000000
80577  31.488  6.457  -16.307 0.1250000000
84501  31.721  12.217  -12.804 0.3750000000
83733  31.781  11.409  -12.483 0.3750000000
119076  32.155  9.372  -15.733 0.1250000000
122616  32.381  10.313  -15.723 0.1250000000
121720  31.087  9.394  -17.024 0.1250000000
129931  31.930  5.894  -16.109 0.1250000000
114657  30.763  7.705  -17.061 0.1250000000
84547  32.288  11.677  -17.034 0.1250000000
82087  30.476  8.597  -17.708 0.1250000000
81340  31.220  7.171  -17.119 0.1250000000
81329  32.174  6.909  -16.485 0.1250000000
120500  27.759  -12.147  -10.183 0.8750000000
64024  30.771  -11.793  -11.708 0.6250000000
75847  31.048  0.666  -15.355 0.5000000000
75020  31.520  0.063  -16.294 0.3750000000
106844  28.896  7.331  -10.514 0.7500000000
121944  30.373  4.963  -10.364 0.7500000000
78270  31.122  4.441  -11.025 0.7500000000
76650  31.556  3.009  -13.681 0.5000000000
76661  31.344  2.478  -15.668 0.5000000000
80565  31.759  5.836  -15.902 0.1250000000
118514  32.455  9.541  -14.276 0.2500000000
81346  30.775  7.891  -17.331 0.1250000000
67765  31.756  -7.756  -13.401 0.5000000000
67766  31.221  -7.666  -13.555 0.6250000000
71543  32.522  -3.486  -13.334 0.3750000000
113970  31.993  -3.299  -14.191 0.3750000000
129294  32.611  -2.186  -14.045 0.2500000000
73368  33.146  -1.319  -13.670 0.1250000000
58645  26.779  -18.044  -9.317 0.7500000000
59606  25.755  -16.511  -8.191 0.7500000000
58644  27.706  -18.225  -9.708 0.7500000000
126788  27.386  -16.737  -9.576 0.7500000000
59615  28.994  -17.032  -10.801 0.7500000000
62345  24.956  -13.846  -9.175 0.6250000000
61526  25.798  -14.204  -9.246 0.7500000000
60552  29.151  -16.416  -11.283 0.6250000000
61532  29.759  -14.945  -11.004 0.6250000000
63186  31.041  -12.987  -11.973 0.5000000000
63185  31.894  -12.936  -12.257 0.3750000000
111893  31.442  -12.112  -12.082 0.5000000000
64022  32.806  -11.730  -12.242 0.1250000000
65901  33.668  -10.138  -11.542 0.1250000000
65921  35.312  -9.449  -11.172 0.1250000000
130052  35.875  -7.316  -11.509 0.1250000000
68689  35.511  -6.705  -11.468 0.1250000000
69627  35.516  -5.800  -11.615 0.1250000000
106594  26.311  5.918  -10.807 0.3750000000
116603  35.328  -5.114  -11.610 0.1250000000
70586  33.185  -5.138  -12.231 0.1250000000
70596  33.081  -4.143  -12.448 0.1250000000
116028  32.578  -2.841  -13.875 0.2500000000
106992  26.264  7.902  -10.388 0.5000000000
75004  33.151  0.211  -13.837 0.1250000000
74191  32.526  -0.585  -14.336 0.2500000000
76647  33.072  1.843  -14.516 0.1250000000
122809  26.043  9.171  -10.878 0.3750000000
78284  34.468  4.538  -13.181 0.1250000000
79070  34.540  5.941  -13.837 0.1250000000
80575  35.103  7.643  -15.270 0.1250000000
84509  32.320  12.461  -13.634 0.2500000000
84521  32.559  12.336  -14.567 0.1250000000
119376  32.505  13.070  -15.337 0.1250000000
82948  30.384  9.746  -18.252 0.1250000000
81328  34.400  8.252  -16.246 0.1250000000
82099  30.678  8.838  -18.170 0.1250000000
65927  29.970  -9.434  -11.817 0.7500000000
72481  31.600  -2.893  -13.545 0.7500000000
71545  31.722  -3.934  -13.559 0.7500000000
127707  25.792  -12.862  -9.673 0.7500000000
64013  27.552  -11.526  -10.336 0.8750000000
65926  30.749  -9.762  -12.573 0.7500000000
74192  31.030  -1.069  -12.131 0.8750000000
121874  29.707  4.646  -10.110 0.8750000000
117747  30.300  11.163  -11.553 0.3750000000
113111  30.871  12.057  -12.159 0.3750000000
85306  32.071  13.263  -13.772 0.1250000000
59604  27.576  -17.631  -9.811 0.7500000000
59603  28.419  -17.724  -10.182 0.7500000000
61512  25.182  -14.578  -8.803 0.7500000000
60553  27.775  -16.079  -9.720 0.7500000000
61525  27.541  -14.377  -9.517 0.7500000000
62358  27.517  -13.487  -9.633 0.8750000000
62370  29.302  -13.637  -10.645 0.7500000000
62374  30.480  -13.274  -11.413 0.6250000000
64010  30.471  -10.919  -11.760 0.7500000000
64023  32.085  -11.912  -12.293 0.5000000000
64970  31.347  -11.138  -12.306 0.6250000000
65923  32.740  -9.588  -12.168 0.2500000000
110161  32.033  -8.353  -13.127 0.3750000000
67763  33.993  -7.867  -11.017 0.1250000000
122445  33.199  -8.051  -11.742 0.1250000000
107151  32.131  -7.051  -13.070 0.5000000000
114538  32.505  -6.341  -12.633 0.1250000000
68690  33.944  -6.315  -11.380 0.1250000000
122765  34.755  -6.246  -11.350 0.1250000000
69629  33.208  -5.961  -11.945 0.1250000000
117701  31.799  -5.044  -14.062 0.6250000000
81286  28.003  7.773  -10.737 0.6250000000
77453  31.102  3.577  -10.708 0.7500000000
75857  31.221  0.857  -16.883 0.3750000000
120631  30.823  1.391  -16.206 0.5000000000
76648  32.517  2.714  -15.389 0.1250000000
119031  31.824  0.491  -16.315 0.2500000000
75846  32.676  0.850  -14.825 0.1250000000
76659  31.736  3.146  -15.784 0.1250000000
77483  31.983  3.809  -15.457 0.3750000000
81291  31.307  8.415  -11.465 0.3750000000
78286  32.456  4.686  -14.167 0.3750000000
116232  32.575  4.309  -14.954 0.1250000000
118048  32.635  6.714  -12.643 0.3750000000
118276  32.623  7.582  -12.242 0.3750000000
79071  33.436  5.342  -14.327 0.1250000000
78285  33.524  4.309  -14.102 0.1250000000
79072  32.716  5.002  -14.594 0.1250000000
124413  32.603  6.298  -13.694 0.2500000000
79823  32.598  5.229  -14.757 0.1250000000
79837  32.118  5.475  -15.324 0.1250000000
82884  31.008  10.614  -11.657 0.3750000000
79836  33.093  5.864  -14.793 0.1250000000
79838  32.011  5.663  -15.274 0.1250000000
80566  31.689  6.083  -15.692 0.1250000000
79835  34.496  6.395  -14.201 0.1250000000
117359  32.536  11.557  -13.984 0.2500000000
82917  32.483  10.536  -14.605 0.2500000000
82059  31.467  8.058  -15.929 0.1250000000
80584  31.128  7.053  -16.792 0.1250000000
80578  31.448  6.448  -16.280 0.1250000000
83749  32.553  11.330  -15.079 0.1250000000
119917  32.272  10.750  -16.648 0.1250000000
118627  30.765  8.400  -16.960 0.1250000000
81330  31.102  7.084  -16.506 0.1250000000
117993  32.379  12.869  -16.909 0.1250000000
84533  32.531  12.041  -15.776 0.1250000000
59593  25.968  -17.358  -8.413 0.7500000000
61513  24.545  -14.142  -8.521 0.5000000000
62369  30.231  -14.131  -11.218 0.6250000000
62373  30.909  -13.873  -11.980 0.5000000000
70585  34.365  -4.703  -11.826 0.1250000000
70584  35.652  -4.379  -11.770 0.1250000000
126029  33.414  2.700  -13.975 0.1250000000
80563  34.295  6.911  -14.719 0.1250000000
80576  33.422  7.176  -15.507 0.1250000000
59594  25.073  -16.817  -7.622 0.7500000000
60540  25.010  -15.793  -7.914 0.5000000000
57745  27.215  -19.069  -8.505 0.6250000000
58632  27.813  -18.518  -9.008 0.6250000000
58642  28.994  -17.667  -8.952 0.3750000000
58643  28.484  -18.029  -9.619 0.6250000000
59592  29.636  -16.835  -8.387 0.2500000000
59602  28.959  -17.479  -10.166 0.3750000000
106608  26.460  6.995  -10.714 0.3750000000
118474  26.908  -18.643  -9.136 0.6250000000
59614  29.201  -16.700  -10.951 0.5000000000
61523  29.282  -15.771  -11.273 0.5000000000
58617  28.931  -18.209  -7.367 0.5000000000
58631  28.593  -18.137  -8.431 0.6250000000
56873  26.835  -19.401  -8.005 0.6250000000
124803  24.259  -15.200  -7.538 0.3750000000
57746  26.268  -19.105  -8.418 0.6250000000
58634  25.319  -17.948  -8.015 0.6250000000
125774  28.650  -18.732  -6.981 0.3750000000
57744  28.106  -18.791  -7.888 0.5000000000
117897  27.508  -19.287  -7.764 0.6250000000
58616  29.688  -17.801  -6.862 0.3750000000
59601  29.655  -16.335  -9.451 0.2500000000
60550  29.748  -15.763  -10.267 0.2500000000
61522  29.826  -15.204  -10.987 0.3750000000
126144  30.765  -14.816  -10.857 0.2500000000
62368  31.059  -14.279  -11.926 0.2500000000
62372  31.505  -13.864  -12.217 0.2500000000
71496  22.950  -3.447  -8.447 0.1250000000
106584  23.880  -0.428  -10.376 0.2500000000
63184  32.719  -12.718  -12.204 0.2500000000
106905  24.910  1.593  -11.376 0.3750000000
106808  25.718  3.941  -11.522 0.2500000000
82028  25.944  8.867  -10.018 0.2500000000
73299  23.273  -2.066  -8.621 0.1250000000
70555  22.873  -4.053  -8.494 0.2500000000
62347  23.776  -12.715  -8.815 0.2500000000
106582  24.748  0.826  -11.459 0.3750000000
63174  32.383  -13.663  -12.158 0.2500000000
60541  24.698  -14.899  -8.185 0.3750000000
58633  26.057  -18.447  -8.760 0.6250000000
120973  24.116  -14.436  -7.907 0.3750000000
61531  30.513  -14.649  -11.261 0.2500000000
58630  29.311  -17.562  -7.776 0.2500000000
60551  29.255  -16.089  -11.287 0.3750000000
59595  24.445  -15.988  -7.132 0.3750000000
56863  28.096  -19.333  -6.951 0.3750000000
61530  31.318  -14.525  -11.298 0.2500000000
71479  23.626  -3.986  -8.403 0.1250000000
56866  25.375  -19.907  -7.113 0.5000000000
56844  27.624  -19.917  -6.380 0.3750000000
56864  27.222  -19.687  -7.269 0.5000000000
56865  26.238  -19.718  -7.541 0.5000000000
58618  24.892  -18.441  -7.375 0.5000000000
57747  25.546  -18.736  -8.204 0.5000000000
57737  25.485  -19.274  -7.709 0.5000000000
56846  23.552  -20.066  -5.502 0.1250000000
56867  24.752  -20.003  -6.612 0.3750000000
126722  24.797  -17.488  -7.237 0.2500000000
123569  23.910  -21.655  -5.607 0.1250000000
56008  23.654  -20.665  -5.844 0.2500000000
56028  25.139  -20.421  -6.549 0.3750000000
111604  28.035  -20.341  -5.660 0.2500000000
56005  26.915  -20.455  -5.917 0.3750000000
56027  26.019  -20.239  -6.674 0.5000000000
56009  22.935  -20.775  -5.257 0.1250000000
56029  24.357  -20.576  -6.305 0.3750000000
57717  23.746  -19.197  -5.415 0.1250000000
58619  24.429  -17.621  -6.382 0.1250000000
72478  33.270  -2.486  -13.109 0.1250000000
59574  24.525  -16.769  -6.723 0.2500000000
56843  28.459  -19.651  -5.937 0.2500000000
57738  24.725  -19.287  -6.865 0.5000000000
56026  26.811  -20.054  -6.742 0.3750000000
111659  24.444  -18.481  -6.488 0.1250000000
56845  24.087  -19.851  -6.180 0.2500000000
55200  23.291  -21.209  -5.491 0.1250000000
56007  24.820  -21.064  -6.187 0.3750000000
126141  24.151  -18.988  -6.144 0.1250000000
57716  23.992  -18.287  -5.756 0.1250000000
55199  24.616  -21.729  -5.747 0.2500000000
55197  26.610  -21.208  -5.493 0.2500000000
128753  24.016  -13.802  -8.249 0.2500000000
117938  23.997  -21.184  -5.995 0.1250000000
56006  25.827  -20.722  -5.954 0.2500000000
55198  25.540  -21.486  -5.635 0.2500000000
62329  23.849  -13.837  -7.861 0.1250000000
106607  25.860  5.436  -10.914 0.1250000000
121942  25.638  4.819  -11.164 0.1250000000
107012  26.353  6.216  -10.631 0.1250000000
121937  25.511  5.912  -10.207 0.1250000000
106973  26.214  6.207  -8.782 0.1250000000
106762  26.012  6.422  -9.269 0.1250000000
81281  25.735  8.536  -9.247 0.1250000000
108620  24.681  4.559  -10.365 0.1250000000
106926  26.190  7.792  -9.936 0.1250000000
125748  26.138  7.980  -8.525 0.1250000000
80520  26.327  7.980  -8.354 0.1250000000
106803  24.741  3.767  -10.654 0.1250000000
121919  24.216  -0.169  -10.408 0.1250000000
62312  23.778  -13.894  -6.389 0.1250000000
106948  24.439  1.688  -10.845 0.1250000000
106586  24.747  3.886  -10.089 0.1250000000
129412  24.741  4.462  -9.849 0.1250000000
106602  25.428  4.733  -9.470 0.1250000000
106855  26.220  5.381  -8.857 0.1250000000
106933  27.299  6.972  -7.821 0.1250000000
80519  26.965  7.797  -8.131 0.1250000000
81279  25.487  8.969  -8.128 0.1250000000
63987  23.514  -11.647  -8.789 0.1250000000
63136  23.614  -12.508  -8.491 0.1250000000
62346  24.255  -13.336  -8.859 0.1250000000
106797  26.356  7.073  -10.380 0.1250000000
61497  23.947  -14.719  -7.455 0.1250000000
106782  24.307  0.838  -10.904 0.1250000000
62330  23.757  -13.209  -8.302 0.1250000000
62287  23.921  -13.077  -6.474 0.1250000000
128319  23.710  -13.412  -6.851 0.1250000000
106606  24.837  5.321  -10.369 0.1250000000
121890  25.499  5.521  -9.560 0.1250000000
106611  26.336  7.175  -8.562 0.1250000000
122020  26.589  6.152  -8.489 0.1250000000
79784  26.629  7.308  -8.339 0.1250000000
106928  27.231  4.873  -8.896 0.1250000000
81276  27.403  8.587  -7.997 0.1250000000
115670  29.352  -18.472  -6.559 0.1250000000
58629  30.113  -17.133  -7.226 0.1250000000
123944  30.284  -16.192  -8.459 0.1250000000
60538  30.563  -15.641  -9.036 0.1250000000
61510  30.608  -15.131  -10.048 0.1250000000
61508  32.137  -14.546  -9.251 0.1250000000
61521  31.442  -14.772  -10.246 0.1250000000
62344  32.835  -13.905  -9.676 0.1250000000
62367  31.895  -14.235  -11.977 0.1250000000
62356  33.402  -13.328  -9.933 0.1250000000
124332  32.978  -13.830  -10.727 0.1250000000
63173  33.160  -13.229  -11.825 0.1250000000
55985  27.609  -21.021  -5.328 0.1250000000
55984  28.485  -20.843  -4.997 0.1250000000
56004  28.879  -20.110  -5.214 0.1250000000
56842  29.298  -19.425  -5.471 0.1250000000
57735  30.166  -18.232  -6.128 0.1250000000
57715  29.735  -18.809  -5.772 0.1250000000
58615  30.546  -17.589  -6.459 0.1250000000
59573  30.953  -16.954  -6.741 0.1250000000
59590  31.466  -15.960  -7.613 0.1250000000
60537  31.447  -15.554  -8.339 0.1250000000
61496  31.926  -15.135  -8.489 0.1250000000
63172  33.787  -12.516  -11.110 0.1250000000
63159  33.872  -12.728  -10.173 0.1250000000
63183  33.366  -12.344  -11.881 0.1250000000
57736  28.937  -19.061  -6.271 0.1250000000
62366  32.733  -13.892  -11.638 0.1250000000
59591  30.696  -16.441  -7.581 0.1250000000
61520  32.217  -14.291  -10.800 0.1250000000
60526  30.940  -15.951  -8.175 0.1250000000
61509  31.412  -15.164  -9.216 0.1250000000
61507  33.011  -14.168  -8.499 0.1250000000
62365  33.388  -13.352  -11.029 0.1250000000
62343  33.501  -13.479  -8.806 0.1250000000
55183  28.103  -21.552  -4.755 0.1250000000
65863  23.133  -9.072  -7.574 0.1250000000
69631  31.507  -6.296  -13.998 0.6250000000
71480  23.007  -3.942  -8.318 0.1250000000
71495  23.069  -3.176  -8.454 0.1250000000
73355  24.156  -1.245  -11.260 0.8750000000
74142  23.728  -0.735  -9.717 0.2500000000
76660  31.672  3.275  -15.656 0.1250000000
81277  25.546  9.284  -7.836 0.1250000000
113219  24.769  -6.790  -10.658 0.8750000000
113272  23.616  -0.832  -10.229 0.2500000000
113680  24.098  -1.882  -11.271 0.5000000000
115989  26.999  -1.075  -10.584 1.0000000000
116620  23.438  -4.798  -9.841 0.3750000000
119864  24.683  4.953  -9.879 0.1250000000
123456  26.175  -4.853  -11.774 1.0000000000
125585  31.441  2.393  -15.885 0.2500000000
127384  26.369  -4.392  -11.734 1.0000000000
128772  32.897  7.144  -12.815 0.3750000000
129837  32.378  10.110  -13.144 0.2500000000
129923  26.426  7.967  -10.771 0.6250000000
