#!ascii label  , from subject freesurfer vox2ras=TkReg
483
118975  25.332  -15.237  -8.441 0.0000000000
108310  31.563  -8.319  -13.302 0.0000000000
75816  29.347  2.003  -10.523 0.0000000000
121991  24.821  -1.055  -11.496 0.0000000000
56865  26.238  -19.718  -7.541 0.0000000000
59592  29.636  -16.835  -8.387 0.0000000000
64012  28.416  -11.559  -10.476 0.0000000000
68698  26.285  -6.187  -11.539 0.0000000000
109998  30.816  -2.676  -11.702 0.0000000000
76648  32.517  2.714  -15.389 0.0000000000
81284  29.674  8.310  -10.625 0.0000000000
59593  25.968  -17.358  -8.413 0.0000000000
58632  27.813  -18.518  -9.008 0.0000000000
59616  28.257  -17.082  -10.237 0.0000000000
66830  24.656  -8.350  -10.401 0.0000000000
69611  23.551  -5.647  -9.662 0.0000000000
75835  27.221  0.845  -11.120 0.0000000000
106574  26.894  -2.059  -10.921 0.0000000000
75006  30.478  -0.039  -11.325 0.0000000000
75005  31.386  -0.283  -15.508 0.0000000000
117979  31.487  2.172  -12.739 0.0000000000
82027  25.857  9.811  -9.911 0.0000000000
115733  26.935  8.044  -10.860 0.0000000000
82872  29.042  10.584  -11.361 0.0000000000
64971  30.178  -10.172  -11.853 0.0000000000
62373  30.909  -13.873  -11.980 0.0000000000
64022  32.806  -11.730  -12.242 0.0000000000
106784  26.705  3.163  -11.375 0.0000000000
69629  33.208  -5.961  -11.945 0.0000000000
62347  23.776  -12.715  -8.815 0.0000000000
127614  26.008  -13.690  -9.477 0.0000000000
64014  25.379  -11.204  -10.213 0.0000000000
65904  27.361  -9.515  -10.814 0.0000000000
107492  29.165  -7.541  -11.355 0.0000000000
108764  25.374  -4.036  -11.526 0.0000000000
70601  28.572  -4.428  -11.317 0.0000000000
123133  31.113  -5.226  -13.209 0.0000000000
113970  31.993  -3.299  -14.191 0.0000000000
108503  26.940  5.518  -10.843 0.0000000000
106806  29.643  5.487  -10.393 0.0000000000
82894  31.747  10.666  -12.223 0.0000000000
80528  31.893  7.650  -11.576 0.0000000000
78269  31.838  4.665  -11.960 0.0000000000
78299  32.596  4.693  -14.738 0.0000000000
61533  29.224  -14.767  -10.856 0.0000000000
120973  24.116  -14.436  -7.907 0.0000000000
124803  24.259  -15.200  -7.538 0.0000000000
59606  25.755  -16.511  -8.191 0.0000000000
59605  26.629  -16.823  -8.903 0.0000000000
60539  26.820  -15.878  -9.006 0.0000000000
75817  28.710  1.928  -10.212 0.0000000000
74990  28.751  0.728  -11.030 0.0000000000
121093  29.981  1.287  -10.975 0.0000000000
74988  30.936  0.724  -11.773 0.0000000000
76632  31.496  2.823  -11.732 0.0000000000
83717  26.986  11.340  -11.297 0.0000000000
82874  27.090  10.491  -11.590 0.0000000000
127565  28.733  12.140  -11.922 0.0000000000
66841  31.393  -9.189  -12.967 0.0000000000
65925  31.425  -10.199  -12.697 0.0000000000
65924  32.043  -9.954  -12.730 0.0000000000
106869  25.634  2.234  -11.562 0.0000000000
106585  25.344  3.335  -11.807 0.0000000000
57737  25.485  -19.274  -7.709 0.0000000000
56866  25.375  -19.907  -7.113 0.0000000000
56005  26.915  -20.455  -5.917 0.0000000000
56844  27.624  -19.917  -6.380 0.0000000000
58642  28.994  -17.667  -8.952 0.0000000000
58617  28.931  -18.209  -7.367 0.0000000000
63164  24.179  -12.444  -9.365 0.0000000000
123019  23.907  -11.377  -9.453 0.0000000000
119158  25.177  -8.012  -10.823 0.0000000000
66829  25.335  -8.741  -10.726 0.0000000000
66846  26.581  -8.065  -11.224 0.0000000000
66844  28.458  -8.220  -11.241 0.0000000000
68696  27.327  -6.656  -11.492 0.0000000000
130057  23.811  -3.376  -10.638 0.0000000000
72469  24.779  -2.517  -11.399 0.0000000000
107999  29.360  -2.559  -10.954 0.0000000000
72466  27.304  -3.050  -11.355 0.0000000000
71546  28.859  -3.717  -11.310 0.0000000000
124639  29.798  -4.738  -11.518 0.0000000000
115450  31.015  -4.036  -12.210 0.0000000000
71544  31.958  -4.114  -14.010 0.0000000000
72481  31.600  -2.893  -13.545 0.0000000000
75857  31.221  0.857  -16.883 0.0000000000
74201  31.884  -0.572  -15.504 0.0000000000
81286  28.003  7.773  -10.737 0.0000000000
106760  26.975  6.540  -11.036 0.0000000000
106772  28.179  6.786  -10.619 0.0000000000
121892  28.190  5.316  -10.664 0.0000000000
106612  29.431  6.556  -10.491 0.0000000000
79795  31.975  6.249  -11.678 0.0000000000
79794  32.328  6.117  -12.388 0.0000000000
78268  32.149  4.934  -12.819 0.0000000000
63161  27.126  -12.589  -9.792 0.0000000000
121027  28.379  -14.507  -10.106 0.0000000000
62370  29.302  -13.637  -10.645 0.0000000000
62366  32.733  -13.892  -11.638 0.0000000000
61530  31.318  -14.525  -11.298 0.0000000000
58634  25.319  -17.948  -8.015 0.0000000000
57746  26.268  -19.105  -8.418 0.0000000000
117897  27.508  -19.287  -7.764 0.0000000000
118474  26.908  -18.643  -9.136 0.0000000000
58644  27.706  -18.225  -9.708 0.0000000000
59615  28.994  -17.032  -10.801 0.0000000000
66816  23.506  -8.135  -9.276 0.0000000000
68675  24.108  -6.975  -10.039 0.0000000000
68681  24.623  -5.939  -10.654 0.0000000000
121952  25.763  -0.037  -11.788 0.0000000000
106985  26.058  -2.044  -11.330 0.0000000000
74194  27.719  -0.475  -10.175 0.0000000000
74193  29.093  -0.882  -10.460 0.0000000000
73371  30.308  -1.575  -10.724 0.0000000000
112680  31.618  -1.557  -13.508 0.0000000000
126957  31.202  -0.247  -12.445 0.0000000000
75847  31.048  0.666  -15.355 0.0000000000
76661  31.344  2.478  -15.668 0.0000000000
81281  25.735  8.536  -9.247 0.0000000000
122809  26.043  9.171  -10.878 0.0000000000
82032  27.722  9.538  -11.492 0.0000000000
119321  28.884  8.914  -10.855 0.0000000000
110627  29.194  -11.245  -10.826 0.0000000000
63175  29.781  -12.972  -10.769 0.0000000000
64024  30.771  -11.793  -11.708 0.0000000000
63185  31.894  -12.936  -12.257 0.0000000000
125117  24.710  0.187  -11.432 0.0000000000
107031  25.600  1.468  -11.683 0.0000000000
124408  26.574  1.685  -11.423 0.0000000000
106809  27.773  2.641  -10.604 0.0000000000
56863  28.096  -19.333  -6.951 0.0000000000
107151  32.131  -7.051  -13.070 0.0000000000
66839  32.605  -8.627  -12.276 0.0000000000
61513  24.545  -14.142  -8.521 0.0000000000
61526  25.798  -14.204  -9.246 0.0000000000
62361  24.772  -13.150  -9.385 0.0000000000
63162  26.164  -12.358  -9.885 0.0000000000
110281  26.929  -11.144  -10.355 0.0000000000
64960  24.553  -10.010  -10.215 0.0000000000
129567  26.086  -10.035  -10.704 0.0000000000
64957  27.711  -10.874  -10.511 0.0000000000
65903  28.319  -9.683  -10.904 0.0000000000
66843  29.795  -8.768  -11.709 0.0000000000
67767  30.686  -7.597  -13.102 0.0000000000
69620  24.671  -5.005  -10.884 0.0000000000
69637  25.943  -5.419  -11.672 0.0000000000
72467  26.509  -3.029  -11.567 0.0000000000
70587  26.600  -4.606  -11.734 0.0000000000
69635  26.852  -5.122  -11.701 0.0000000000
107103  28.657  -5.954  -11.373 0.0000000000
112625  30.573  -6.599  -12.258 0.0000000000
107204  31.472  -6.892  -13.643 0.0000000000
69644  31.949  -5.631  -14.040 0.0000000000
70596  33.081  -4.143  -12.448 0.0000000000
72486  32.026  -2.130  -14.376 0.0000000000
106876  26.651  3.996  -11.211 0.0000000000
121949  28.303  3.909  -10.446 0.0000000000
106977  29.555  3.891  -9.916 0.0000000000
82885  30.076  10.632  -11.307 0.0000000000
82041  30.616  9.133  -11.341 0.0000000000
82039  32.252  9.301  -12.097 0.0000000000
81292  30.951  7.647  -11.182 0.0000000000
127145  30.793  6.437  -11.075 0.0000000000
121944  30.373  4.963  -10.364 0.0000000000
77453  31.102  3.577  -10.708 0.0000000000
77452  31.747  3.779  -12.172 0.0000000000
77471  31.916  4.022  -14.935 0.0000000000
77483  31.983  3.809  -15.457 0.0000000000
60554  26.959  -14.937  -9.233 0.0000000000
119113  28.630  -16.378  -10.841 0.0000000000
59614  29.201  -16.700  -10.951 0.0000000000
62369  30.231  -14.131  -11.218 0.0000000000
61522  29.826  -15.204  -10.987 0.0000000000
60541  24.698  -14.899  -8.185 0.0000000000
60540  25.010  -15.793  -7.914 0.0000000000
114611  25.962  -15.862  -8.453 0.0000000000
113923  29.104  1.244  -10.665 0.0000000000
75833  30.884  1.814  -11.504 0.0000000000
76633  30.881  2.886  -10.931 0.0000000000
83716  27.461  11.198  -11.858 0.0000000000
66840  32.015  -8.997  -12.994 0.0000000000
56027  26.019  -20.239  -6.674 0.0000000000
56026  26.811  -20.054  -6.742 0.0000000000
56864  27.222  -19.687  -7.269 0.0000000000
58630  29.311  -17.562  -7.776 0.0000000000
111508  23.553  -11.324  -9.026 0.0000000000
64942  23.663  -10.633  -9.131 0.0000000000
67771  25.866  -7.015  -11.283 0.0000000000
66847  25.817  -7.910  -11.117 0.0000000000
67770  26.386  -7.217  -11.364 0.0000000000
67769  27.023  -7.399  -11.437 0.0000000000
68697  26.764  -6.640  -11.520 0.0000000000
72470  23.953  -2.476  -11.056 0.0000000000
117222  24.564  -1.692  -11.403 0.0000000000
72482  28.470  -3.160  -11.066 0.0000000000
113194  30.023  -3.389  -11.408 0.0000000000
115487  31.255  -3.389  -12.375 0.0000000000
71545  31.722  -3.934  -13.559 0.0000000000
75856  32.188  1.406  -16.067 0.0000000000
119031  31.824  0.491  -16.315 0.0000000000
81285  28.921  8.063  -10.608 0.0000000000
106844  28.896  7.331  -10.514 0.0000000000
106900  29.644  7.499  -10.526 0.0000000000
118048  32.635  6.714  -12.643 0.0000000000
124413  32.603  6.298  -13.694 0.0000000000
79807  32.501  5.721  -13.701 0.0000000000
120500  27.759  -12.147  -10.183 0.0000000000
63160  27.917  -12.828  -9.992 0.0000000000
63176  28.701  -12.648  -10.397 0.0000000000
124332  32.978  -13.830  -10.727 0.0000000000
61520  32.217  -14.291  -10.800 0.0000000000
59594  25.073  -16.817  -7.622 0.0000000000
57747  25.546  -18.736  -8.204 0.0000000000
58633  26.057  -18.447  -8.760 0.0000000000
58645  26.779  -18.044  -9.317 0.0000000000
126788  27.386  -16.737  -9.576 0.0000000000
59604  27.576  -17.631  -9.811 0.0000000000
59603  28.419  -17.724  -10.182 0.0000000000
68676  23.590  -6.585  -9.434 0.0000000000
67749  23.651  -7.385  -9.463 0.0000000000
125841  24.320  -6.468  -10.350 0.0000000000
68682  23.921  -6.170  -10.086 0.0000000000
106995  27.158  0.193  -10.786 0.0000000000
106911  26.499  -0.412  -11.410 0.0000000000
75007  28.977  0.066  -10.855 0.0000000000
75008  28.484  -0.090  -10.885 0.0000000000
124931  30.258  -0.841  -10.825 0.0000000000
74192  31.030  -1.069  -12.131 0.0000000000
75832  31.520  1.234  -13.014 0.0000000000
112254  31.491  1.847  -14.302 0.0000000000
120631  30.823  1.391  -16.206 0.0000000000
82875  26.548  10.637  -10.628 0.0000000000
82028  25.944  8.867  -10.018 0.0000000000
82873  27.968  10.432  -11.782 0.0000000000
82031  28.905  9.805  -11.116 0.0000000000
64955  29.594  -10.702  -11.277 0.0000000000
64011  29.924  -11.479  -11.250 0.0000000000
64010  30.471  -10.919  -11.760 0.0000000000
64969  32.088  -10.926  -12.473 0.0000000000
64023  32.085  -11.912  -12.293 0.0000000000
63184  32.719  -12.718  -12.204 0.0000000000
121950  24.573  -0.135  -11.340 0.0000000000
106582  24.748  0.826  -11.459 0.0000000000
107202  25.201  0.651  -11.692 0.0000000000
106583  24.895  1.542  -11.444 0.0000000000
106758  25.846  2.838  -11.884 0.0000000000
121921  26.822  2.469  -11.243 0.0000000000
128854  27.730  3.327  -10.661 0.0000000000
57744  28.106  -18.791  -7.888 0.0000000000
115670  29.352  -18.472  -6.559 0.0000000000
114538  32.505  -6.341  -12.633 0.0000000000
62330  23.757  -13.209  -8.302 0.0000000000
62346  24.255  -13.336  -8.859 0.0000000000
62345  24.956  -13.846  -9.175 0.0000000000
64001  24.731  -11.749  -9.835 0.0000000000
63163  25.190  -12.575  -9.713 0.0000000000
64000  25.521  -11.898  -9.993 0.0000000000
63178  26.183  -11.560  -10.217 0.0000000000
66815  24.073  -8.674  -9.723 0.0000000000
65887  24.099  -9.542  -9.668 0.0000000000
65907  24.635  -9.156  -10.270 0.0000000000
65905  26.512  -9.439  -10.787 0.0000000000
65906  25.738  -9.449  -10.734 0.0000000000
112687  26.934  -10.276  -10.612 0.0000000000
113996  27.784  -10.186  -10.715 0.0000000000
123732  29.334  -8.314  -11.383 0.0000000000
108717  30.206  -8.145  -12.015 0.0000000000
124958  30.137  -7.300  -11.775 0.0000000000
71536  24.668  -3.327  -11.240 0.0000000000
70579  23.808  -4.444  -10.508 0.0000000000
70578  24.668  -4.127  -11.066 0.0000000000
70590  25.541  -4.739  -11.568 0.0000000000
71547  27.790  -3.778  -11.246 0.0000000000
71533  26.793  -3.917  -11.669 0.0000000000
125655  27.340  -4.512  -11.488 0.0000000000
69634  27.951  -5.192  -11.288 0.0000000000
107502  27.584  -5.900  -11.450 0.0000000000
69647  30.569  -5.497  -11.884 0.0000000000
69632  31.240  -5.986  -13.665 0.0000000000
68693  31.186  -6.898  -13.606 0.0000000000
68692  31.870  -6.205  -13.853 0.0000000000
69645  31.699  -5.789  -14.089 0.0000000000
109952  32.069  -4.212  -13.898 0.0000000000
71543  32.522  -3.486  -13.334 0.0000000000
73369  31.781  -2.173  -14.047 0.0000000000
73378  31.942  -1.287  -14.482 0.0000000000
106992  26.264  7.902  -10.388 0.0000000000
106608  26.460  6.995  -10.714 0.0000000000
106594  26.311  5.918  -10.807 0.0000000000
107915  25.854  5.234  -11.047 0.0000000000
77454  25.696  4.529  -11.350 0.0000000000
106593  26.433  4.819  -11.033 0.0000000000
106592  29.066  5.163  -10.364 0.0000000000
106588  28.803  4.590  -10.318 0.0000000000
121874  29.707  4.646  -10.110 0.0000000000
83724  31.031  11.299  -11.901 0.0000000000
82884  31.008  10.614  -11.657 0.0000000000
121154  30.835  9.922  -11.463 0.0000000000
116418  31.679  9.968  -11.919 0.0000000000
81296  32.638  8.441  -12.538 0.0000000000
81290  32.188  8.482  -11.816 0.0000000000
81291  31.307  8.415  -11.465 0.0000000000
106609  30.398  6.956  -10.808 0.0000000000
107276  31.388  6.826  -11.325 0.0000000000
79042  32.025  5.484  -11.941 0.0000000000
121945  31.259  6.015  -11.271 0.0000000000
106805  31.131  5.257  -11.179 0.0000000000
78270  31.122  4.441  -11.025 0.0000000000
78286  32.456  4.686  -14.167 0.0000000000
78287  32.050  4.348  -13.289 0.0000000000
125998  32.344  4.220  -14.985 0.0000000000
121401  26.660  -13.930  -9.370 0.0000000000
110512  28.154  -15.321  -9.927 0.0000000000
61524  28.814  -15.699  -11.139 0.0000000000
60552  29.151  -16.416  -11.283 0.0000000000
61523  29.282  -15.771  -11.273 0.0000000000
62374  30.480  -13.274  -11.413 0.0000000000
61521  31.442  -14.772  -10.246 0.0000000000
126144  30.765  -14.816  -10.857 0.0000000000
61510  30.608  -15.131  -10.048 0.0000000000
60550  29.748  -15.763  -10.267 0.0000000000
75834  28.197  1.202  -10.847 0.0000000000
74991  28.073  0.349  -10.718 0.0000000000
74989  29.800  0.804  -10.986 0.0000000000
82033  26.462  9.782  -11.228 0.0000000000
83715  28.092  11.028  -11.940 0.0000000000
65926  30.749  -9.762  -12.573 0.0000000000
113624  30.865  -10.416  -12.423 0.0000000000
64968  32.895  -10.754  -12.136 0.0000000000
114056  25.145  2.752  -11.834 0.0000000000
122008  25.902  3.466  -11.662 0.0000000000
58618  24.892  -18.441  -7.375 0.0000000000
111659  24.444  -18.481  -6.488 0.0000000000
57738  24.725  -19.287  -6.865 0.0000000000
111604  28.035  -20.341  -5.660 0.0000000000
58631  28.593  -18.137  -8.431 0.0000000000
63149  23.587  -12.009  -9.015 0.0000000000
64015  24.575  -10.857  -10.011 0.0000000000
66828  26.139  -8.738  -10.944 0.0000000000
66827  26.937  -8.783  -10.954 0.0000000000
66826  27.881  -8.881  -11.035 0.0000000000
66845  27.409  -8.147  -11.269 0.0000000000
67768  27.918  -7.464  -11.355 0.0000000000
68695  28.329  -6.709  -11.364 0.0000000000
71535  25.506  -3.543  -11.547 0.0000000000
72465  27.963  -2.367  -10.651 0.0000000000
118896  29.836  -4.100  -11.553 0.0000000000
70600  30.803  -4.692  -11.979 0.0000000000
70599  31.333  -4.668  -13.382 0.0000000000
69646  31.495  -5.261  -13.973 0.0000000000
70598  31.716  -4.668  -13.992 0.0000000000
110495  31.941  -3.403  -14.142 0.0000000000
74202  31.761  -0.581  -15.477 0.0000000000
75020  31.520  0.063  -16.294 0.0000000000
75019  32.202  -0.151  -15.538 0.0000000000
106884  26.607  7.359  -10.934 0.0000000000
106610  27.257  7.300  -10.902 0.0000000000
106590  27.796  6.023  -10.731 0.0000000000
106750  28.763  5.889  -10.499 0.0000000000
118276  32.623  7.582  -12.242 0.0000000000
80527  32.313  6.879  -11.844 0.0000000000
79058  32.334  5.366  -13.215 0.0000000000
79073  32.658  5.210  -14.473 0.0000000000
62359  26.375  -13.153  -9.571 0.0000000000
62358  27.517  -13.487  -9.633 0.0000000000
62357  28.535  -13.609  -10.244 0.0000000000
62372  31.505  -13.864  -12.217 0.0000000000
62368  31.059  -14.279  -11.926 0.0000000000
62367  31.895  -14.235  -11.977 0.0000000000
56873  26.835  -19.401  -8.005 0.0000000000
57745  27.215  -19.069  -8.505 0.0000000000
58643  28.484  -18.029  -9.619 0.0000000000
59602  28.959  -17.479  -10.166 0.0000000000
67748  24.092  -7.840  -9.868 0.0000000000
67755  24.691  -7.577  -10.526 0.0000000000
67754  25.326  -7.315  -10.973 0.0000000000
68680  25.480  -6.323  -11.203 0.0000000000
106849  25.067  -0.240  -11.629 0.0000000000
121977  25.280  -1.854  -11.470 0.0000000000
106810  25.709  -0.958  -11.562 0.0000000000
121990  26.366  -1.320  -11.238 0.0000000000
73373  27.690  -1.381  -10.449 0.0000000000
123289  28.360  -0.816  -10.073 0.0000000000
73372  28.789  -1.654  -10.371 0.0000000000
73370  31.253  -2.035  -12.638 0.0000000000
74173  31.665  -0.816  -13.684 0.0000000000
74987  31.597  0.205  -13.511 0.0000000000
125418  30.970  0.738  -16.623 0.0000000000
75864  30.944  1.496  -16.573 0.0000000000
75863  31.457  2.014  -16.094 0.0000000000
81287  26.245  8.509  -10.812 0.0000000000
118772  26.925  8.880  -11.089 0.0000000000
129949  27.496  8.327  -10.881 0.0000000000
117542  28.009  8.585  -10.977 0.0000000000
120706  29.697  9.121  -10.916 0.0000000000
107059  29.412  -12.014  -10.692 0.0000000000
63187  30.247  -12.382  -11.240 0.0000000000
63186  31.041  -12.987  -11.973 0.0000000000
64970  31.347  -11.138  -12.306 0.0000000000
111893  31.442  -12.112  -12.082 0.0000000000
63174  32.383  -13.663  -12.158 0.0000000000
106934  24.472  -0.503  -11.322 0.0000000000
106578  26.259  0.623  -11.750 0.0000000000
128114  27.630  1.955  -10.712 0.0000000000
76613  28.983  2.949  -10.019 0.0000000000
125774  28.650  -18.732  -6.981 0.0000000000
67765  31.756  -7.756  -13.401 0.0000000000
110161  32.033  -8.353  -13.127 0.0000000000
67764  32.451  -7.822  -12.533 0.0000000000
61512  25.182  -14.578  -8.803 0.0000000000
62360  25.499  -13.378  -9.487 0.0000000000
127707  25.792  -12.862  -9.673 0.0000000000
63177  26.964  -11.876  -10.104 0.0000000000
64013  27.552  -11.526  -10.336 0.0000000000
64941  24.068  -10.417  -9.633 0.0000000000
126913  25.096  -9.534  -10.550 0.0000000000
64959  25.309  -10.282  -10.481 0.0000000000
64958  26.137  -10.763  -10.462 0.0000000000
64956  28.630  -10.577  -10.752 0.0000000000
65902  29.279  -9.921  -11.230 0.0000000000
66825  29.047  -8.988  -11.073 0.0000000000
65927  29.970  -9.434  -11.817 0.0000000000
66842  30.535  -8.986  -12.504 0.0000000000
108718  30.906  -8.328  -13.194 0.0000000000
69612  23.324  -5.137  -9.438 0.0000000000
69621  23.884  -5.351  -10.320 0.0000000000
69619  25.304  -5.487  -11.264 0.0000000000
72468  25.754  -2.845  -11.525 0.0000000000
71534  26.192  -3.794  -11.690 0.0000000000
70589  26.010  -4.364  -11.748 0.0000000000
70588  26.406  -4.767  -11.745 0.0000000000
69636  26.478  -5.241  -11.711 0.0000000000
107848  26.847  -5.836  -11.649 0.0000000000
68694  29.478  -6.667  -11.467 0.0000000000
69648  29.177  -5.265  -11.398 0.0000000000
69633  29.741  -6.001  -11.520 0.0000000000
67766  31.221  -7.666  -13.555 0.0000000000
69630  32.427  -5.673  -13.016 0.0000000000
117701  31.799  -5.044  -14.062 0.0000000000
70597  32.286  -5.022  -13.568 0.0000000000
70586  33.185  -5.138  -12.231 0.0000000000
72480  31.990  -2.740  -14.280 0.0000000000
73377  32.069  -1.370  -14.500 0.0000000000
116028  32.578  -2.841  -13.875 0.0000000000
126874  26.611  6.588  -10.877 0.0000000000
106964  25.571  3.933  -11.676 0.0000000000
111791  27.577  4.702  -10.768 0.0000000000
76634  30.125  3.341  -10.081 0.0000000000
123719  29.161  11.362  -11.629 0.0000000000
117747  30.300  11.163  -11.553 0.0000000000
82030  29.868  9.953  -11.050 0.0000000000
82040  31.550  9.211  -11.689 0.0000000000
122745  30.438  8.403  -11.065 0.0000000000
127299  30.248  7.765  -10.728 0.0000000000
121908  30.374  5.974  -10.721 0.0000000000
122031  30.365  4.076  -10.023 0.0000000000
76650  31.556  3.009  -13.681 0.0000000000
77472  31.863  3.752  -13.867 0.0000000000
76649  31.556  3.412  -15.014 0.0000000000
76659  31.736  3.146  -15.784 0.0000000000
77482  32.264  3.694  -15.424 0.0000000000
116232  32.575  4.309  -14.954 0.0000000000
121039  33.211  3.634  -14.458 0.0000000000
61511  25.999  -15.074  -8.827 0.0000000000
60553  27.775  -16.079  -9.720 0.0000000000
61525  27.541  -14.377  -9.517 0.0000000000
59601  29.655  -16.335  -9.451 0.0000000000
61532  29.759  -14.945  -11.004 0.0000000000
61531  30.513  -14.649  -11.261 0.0000000000
60551  29.255  -16.089  -11.287 0.0000000000
65923  32.740  -9.588  -12.168 0.0000000000
66808  23.273  -8.423  -8.911 0.0000000000
69631  31.507  -6.296  -13.998 0.0000000000
73355  24.156  -1.245  -11.260 0.0000000000
76660  31.672  3.275  -15.656 0.0000000000
113219  24.769  -6.790  -10.658 0.0000000000
115989  26.999  -1.075  -10.584 0.0000000000
116620  23.438  -4.798  -9.841 0.0000000000
123456  26.175  -4.853  -11.774 0.0000000000
125585  31.441  2.393  -15.885 0.0000000000
127384  26.369  -4.392  -11.734 0.0000000000
128772  32.897  7.144  -12.815 0.0000000000
129923  26.426  7.967  -10.771 0.0000000000
