#!ascii label  , from subject freesurfer vox2ras=TkReg
686
123720  37.246  -69.061  -11.669 0.3000000119
16364  35.223  -64.328  -8.708 0.6000000238
18872  33.639  -61.541  -7.004 0.6999999881
18873  32.906  -61.304  -6.724 0.6999999881
12100  36.708  -69.470  -11.772 0.4000000060
15507  34.656  -66.265  -14.023 0.4000000060
12869  37.325  -68.373  -11.305 0.5000000000
12099  37.959  -68.909  -11.917 0.5000000000
17283  35.914  -63.996  -9.195 0.6999999881
17262  34.879  -63.181  -7.305 0.6999999881
17275  35.698  -63.701  -8.263 0.5000000000
18076  34.712  -62.434  -7.228 0.6000000238
18077  33.965  -62.228  -6.812 0.6000000238
18871  34.446  -61.700  -7.351 0.6999999881
19733  33.254  -60.882  -7.357 0.6999999881
12850  36.437  -67.652  -10.958 0.5000000000
15506  35.320  -66.271  -14.256 0.4000000060
109571  36.565  -68.695  -11.291 0.6000000238
16408  34.457  -64.899  -12.393 0.4000000060
16389  35.166  -64.410  -11.402 0.5000000000
13705  36.783  -66.842  -10.927 0.6000000238
16390  34.555  -64.769  -10.759 0.6000000238
16376  35.282  -64.421  -9.879 0.6000000238
13722  37.452  -67.484  -10.964 0.6000000238
16375  35.923  -64.043  -10.355 0.6000000238
17261  35.439  -63.344  -7.713 0.6000000238
18075  35.460  -62.703  -7.574 0.6000000238
19731  35.037  -60.954  -7.801 0.6999999881
19732  34.000  -61.015  -7.602 0.6999999881
19734  32.911  -60.314  -7.840 0.6999999881
19746  34.258  -60.400  -7.978 0.6999999881
19747  33.456  -60.407  -7.935 0.6999999881
20674  34.415  -59.818  -8.255 0.6999999881
114947  35.541  -67.652  -11.091 0.5000000000
14576  35.253  -66.935  -12.684 0.5000000000
124493  34.135  -67.145  -13.466 0.5000000000
16430  34.662  -65.514  -13.695 0.4000000060
16407  35.032  -64.946  -13.643 0.5000000000
16388  35.749  -64.031  -11.929 0.6000000238
114326  38.177  -66.157  -11.158 0.6000000238
14548  37.213  -66.267  -11.207 0.5000000000
15477  37.750  -65.013  -11.960 0.5000000000
121834  36.569  -63.586  -9.735 0.6999999881
113807  36.037  -63.080  -8.006 0.6000000238
18087  36.164  -62.213  -7.981 0.6000000238
18886  36.048  -61.235  -7.975 0.6000000238
18870  35.320  -61.872  -7.625 0.6000000238
19745  35.847  -60.147  -8.148 0.6000000238
118015  35.014  -60.164  -8.019 0.6999999881
115977  32.974  -60.220  -8.692 0.6999999881
20673  35.270  -59.497  -8.104 0.6000000238
109641  33.559  -60.145  -8.419 0.6999999881
125651  33.077  -60.223  -9.093 0.6999999881
16429  35.194  -65.885  -14.249 0.4000000060
14549  36.257  -66.424  -11.840 0.5000000000
14575  35.677  -66.453  -13.947 0.4000000060
16406  35.804  -64.154  -13.926 0.5000000000
15479  36.227  -66.180  -13.770 0.4000000060
121301  36.444  -63.639  -10.755 0.6000000238
15456  36.811  -65.858  -11.909 0.4000000060
15504  36.461  -65.309  -14.545 0.4000000060
15478  36.994  -65.331  -12.867 0.4000000060
16426  37.307  -64.041  -16.015 0.4000000060
17274  36.364  -63.408  -8.766 0.6000000238
120183  36.594  -62.754  -8.518 0.6000000238
125174  36.685  -62.238  -8.415 0.6000000238
20689  32.964  -60.269  -9.773 0.6999999881
21672  33.838  -59.560  -8.751 0.6999999881
15505  35.719  -66.075  -14.347 0.4000000060
16428  36.260  -64.931  -14.708 0.4000000060
17291  36.392  -63.441  -12.035 0.6999999881
16427  37.160  -64.412  -15.699 0.4000000060
17282  37.104  -63.055  -10.588 0.8000000119
112382  37.558  -64.492  -14.318 0.5000000000
18092  37.037  -63.012  -9.322 0.6999999881
18086  37.138  -62.322  -8.877 0.6000000238
18885  36.833  -61.578  -8.452 0.5000000000
122665  32.588  -60.425  -10.043 0.6999999881
118442  35.983  -59.182  -8.196 0.6000000238
21680  33.372  -59.292  -9.477 0.8000000119
21670  35.542  -58.664  -7.994 0.6000000238
17318  36.420  -63.453  -15.230 0.5000000000
16446  36.956  -63.778  -16.136 0.5000000000
18119  38.219  -61.880  -15.257 0.6999999881
18091  37.365  -62.292  -9.823 0.6999999881
119468  37.228  -60.755  -8.832 0.6000000238
18884  37.381  -61.457  -9.210 0.6000000238
21681  32.927  -59.775  -10.409 0.6000000238
21657  35.130  -58.091  -7.822 0.6999999881
21671  34.695  -58.967  -8.202 0.6999999881
127759  36.802  -62.219  -15.726 0.5000000000
127393  36.312  -63.172  -13.675 0.6000000238
18122  36.912  -62.523  -16.088 0.6000000238
17290  36.890  -62.524  -12.568 0.6999999881
18110  39.013  -62.214  -13.727 0.6999999881
18099  37.483  -61.880  -11.415 0.6999999881
19758  37.581  -60.074  -9.704 0.5000000000
18892  37.598  -61.103  -10.404 0.6000000238
21696  32.171  -59.143  -11.826 0.5000000000
19743  37.237  -59.651  -8.927 0.6000000238
22612  32.902  -58.875  -11.052 0.6000000238
22622  32.668  -58.730  -11.919 0.5000000000
21669  36.556  -58.441  -8.200 0.6000000238
20672  36.591  -59.327  -8.518 0.6000000238
112338  33.305  -57.778  -9.098 0.6000000238
22611  33.073  -57.728  -10.574 0.5000000000
23549  33.283  -56.603  -10.664 0.5000000000
21656  35.953  -58.086  -7.733 0.6999999881
22596  34.340  -58.009  -8.182 0.6999999881
23528  34.497  -56.772  -7.681 0.6000000238
18120  37.349  -61.685  -15.420 0.6999999881
17303  36.702  -62.140  -15.006 0.6000000238
18905  38.782  -60.797  -14.444 0.6999999881
22630  32.749  -58.595  -12.967 0.4000000060
22621  33.213  -57.766  -11.706 0.4000000060
23543  33.140  -57.150  -9.704 0.5000000000
22587  33.788  -57.235  -8.373 0.5000000000
23534  33.341  -56.538  -8.777 0.4000000060
116942  35.035  -57.375  -7.660 0.6999999881
18899  38.747  -60.205  -13.860 0.6000000238
18900  38.121  -60.673  -14.024 0.6999999881
18111  37.422  -61.431  -13.691 0.6999999881
19780  39.799  -59.846  -14.118 0.6999999881
18894  37.908  -60.503  -12.230 0.6000000238
20688  37.789  -58.759  -9.643 0.6000000238
20703  38.017  -59.207  -10.619 0.5000000000
114508  37.366  -58.569  -8.778 0.6000000238
21668  37.328  -58.226  -8.434 0.6000000238
22585  36.273  -57.811  -7.406 0.6000000238
113150  33.234  -56.207  -9.635 0.4000000060
22586  35.715  -57.489  -7.354 0.6000000238
22574  35.284  -56.872  -7.197 0.5000000000
19777  38.380  -59.958  -13.038 0.6999999881
19775  39.561  -59.419  -13.275 0.6999999881
19768  38.547  -59.575  -12.470 0.6000000238
19769  38.236  -59.688  -11.759 0.6000000238
19774  40.694  -59.496  -14.113 0.6999999881
20671  37.875  -58.359  -9.103 0.6000000238
20687  38.231  -58.812  -10.070 0.6000000238
21655  36.741  -58.010  -7.948 0.6000000238
20701  39.183  -59.314  -11.851 0.6999999881
20711  38.872  -59.404  -12.553 0.6999999881
20702  38.549  -59.348  -11.379 0.6000000238
20657  38.231  -58.328  -8.641 0.6000000238
21654  37.364  -58.032  -7.898 0.6000000238
21636  36.822  -57.931  -7.208 0.6000000238
22573  35.771  -57.134  -6.695 0.5000000000
16405  39.425  -64.242  -11.379 0.5000000000
17301  39.661  -63.138  -11.896 0.5000000000
16404  40.340  -63.921  -11.633 0.5000000000
18108  41.072  -61.655  -12.544 0.6999999881
17300  40.597  -62.837  -11.818 0.5000000000
123804  40.176  -60.910  -13.915 0.6999999881
18109  39.980  -61.925  -12.533 0.6999999881
120518  39.851  -60.368  -14.231 0.6999999881
12121  37.505  -69.565  -12.370 0.3000000119
111723  32.708  -60.306  -9.573 0.6999999881
17317  38.097  -63.223  -15.387 0.6000000238
19744  36.703  -60.525  -8.448 0.6000000238
22597  33.726  -58.322  -8.746 0.6999999881
22604  33.081  -58.410  -10.004 0.6000000238
120162  33.263  -58.229  -12.735 0.5000000000
23529  33.741  -56.302  -7.920 0.5000000000
112619  37.868  -60.038  -10.877 0.5000000000
22572  36.307  -57.556  -6.639 0.6000000238
21667  37.706  -58.184  -8.452 0.6000000238
20686  38.779  -58.938  -10.564 0.5000000000
18903  43.790  -60.641  -13.817 0.6000000238
18891  46.994  -61.400  -11.110 0.6000000238
18883  47.619  -61.667  -10.205 0.4000000060
19778  44.726  -60.574  -13.347 0.5000000000
18896  42.745  -60.360  -13.666 0.6000000238
16377  34.609  -64.815  -9.442 0.5000000000
18882  47.974  -61.777  -9.351 0.4000000060
16365  34.414  -64.604  -8.319 0.5000000000
18895  45.635  -61.335  -12.740 0.5000000000
19729  45.915  -61.223  -8.085 0.4000000060
16347  34.022  -64.207  -7.416 0.5000000000
18893  46.271  -60.902  -11.810 0.6000000238
17276  34.920  -63.896  -7.736 0.5000000000
19779  44.241  -60.813  -13.943 0.5000000000
113175  41.597  -60.498  -13.767 0.6000000238
19722  47.123  -60.935  -6.507 0.4000000060
19721  48.519  -61.217  -5.924 0.4000000060
19740  45.571  -60.582  -10.241 0.4000000060
17234  32.125  -63.297  -6.105 0.5000000000
19770  45.297  -60.405  -12.494 0.5000000000
17263  33.538  -63.636  -6.758 0.5000000000
18064  32.447  -62.513  -6.184 0.5000000000
107044  42.626  -59.883  -13.810 0.6000000238
18898  40.660  -60.373  -14.180 0.6000000238
17233  34.205  -62.971  -6.825 0.5000000000
18862  32.381  -61.698  -6.232 0.5000000000
18044  31.752  -61.947  -5.747 0.4000000060
19772  43.854  -60.078  -13.543 0.5000000000
19771  44.539  -59.677  -12.671 0.5000000000
19773  41.589  -59.416  -14.119 0.6000000238
18897  41.340  -59.797  -14.195 0.6000000238
18904  40.452  -59.965  -14.408 0.6000000238
19723  46.394  -61.124  -7.220 0.4000000060
123606  31.833  -61.198  -5.922 0.5000000000
112535  31.138  -61.346  -5.479 0.4000000060
18861  33.145  -61.991  -6.523 0.6000000238
20698  44.616  -59.014  -11.327 0.6000000238
20700  43.734  -58.753  -11.875 0.6000000238
19764  42.785  -59.183  -11.926 0.6000000238
19765  42.188  -59.317  -13.337 0.6000000238
115294  47.724  -60.385  -5.852 0.4000000060
124147  32.336  -61.060  -6.438 0.5000000000
20625  31.266  -59.898  -5.890 0.4000000060
21611  29.721  -59.447  -5.595 0.4000000060
19739  45.635  -61.030  -9.028 0.4000000060
20683  44.073  -58.462  -11.014 0.6000000238
19754  45.383  -60.167  -11.154 0.6000000238
20699  44.386  -58.884  -11.892 0.5000000000
20684  43.262  -58.709  -10.996 0.6000000238
120625  41.344  -59.423  -12.076 0.6000000238
20658  32.407  -60.033  -7.462 0.6000000238
21637  30.135  -58.755  -6.004 0.5000000000
21612  29.284  -58.737  -5.782 0.5000000000
19730  44.744  -59.977  -8.256 0.4000000060
20651  45.299  -60.148  -7.396 0.4000000060
110165  44.525  -59.451  -9.447 0.5000000000
108568  43.927  -58.266  -9.988 0.5000000000
119550  43.458  -58.209  -10.094 0.5000000000
19755  41.889  -59.480  -10.972 0.6000000238
19767  40.352  -59.385  -12.406 0.6000000238
113690  46.232  -59.360  -6.416 0.4000000060
130108  46.756  -60.087  -6.325 0.4000000060
20638  47.274  -59.582  -6.054 0.4000000060
20637  48.196  -59.817  -5.308 0.4000000060
118159  32.657  -60.038  -8.635 0.6000000238
20640  45.326  -59.221  -6.849 0.4000000060
20639  46.021  -60.146  -6.672 0.4000000060
21658  31.344  -58.893  -7.420 0.6000000238
22575  30.456  -58.096  -6.808 0.5000000000
21638  29.564  -57.989  -6.393 0.4000000060
20685  42.292  -59.250  -9.935 0.5000000000
19756  40.879  -59.744  -10.616 0.6000000238
19757  39.912  -59.442  -10.691 0.6000000238
21628  46.811  -58.744  -6.248 0.4000000060
20675  32.292  -59.989  -9.326 0.6000000238
20659  32.141  -59.543  -8.083 0.6000000238
22590  28.372  -57.312  -7.228 0.5000000000
20652  44.591  -58.978  -7.675 0.4000000060
20665  44.042  -58.171  -8.869 0.5000000000
20666  43.374  -57.813  -9.413 0.5000000000
19741  41.271  -59.692  -9.590 0.5000000000
21627  47.956  -59.092  -5.770 0.4000000060
21673  31.693  -59.102  -8.641 0.5000000000
22598  30.298  -57.631  -8.554 0.5000000000
20667  42.747  -58.172  -9.324 0.4000000060
20668  41.772  -59.322  -8.855 0.4000000060
19742  40.393  -59.754  -9.483 0.4000000060
113430  47.487  -58.209  -6.171 0.4000000060
20691  32.372  -60.351  -10.122 0.6000000238
21629  45.759  -58.482  -6.543 0.4000000060
20690  32.411  -60.240  -10.403 0.5000000000
21682  31.815  -59.746  -9.922 0.5000000000
21674  31.143  -58.397  -9.101 0.5000000000
22599  29.448  -57.129  -8.289 0.4000000060
113794  31.757  -59.628  -10.720 0.4000000060
21666  43.470  -57.645  -8.887 0.5000000000
20653  42.889  -57.717  -8.881 0.5000000000
20669  40.852  -59.647  -8.556 0.4000000060
128155  39.244  -58.972  -9.840 0.4000000060
110273  41.392  -59.275  -7.825 0.5000000000
20704  32.124  -59.835  -11.113 0.5000000000
21697  32.100  -59.193  -11.768 0.4000000060
20656  39.551  -59.305  -8.450 0.5000000000
20670  38.470  -58.550  -9.574 0.5000000000
21652  41.718  -58.623  -7.395 0.5000000000
20654  42.154  -58.634  -8.270 0.5000000000
125643  40.545  -59.448  -7.666 0.5000000000
22565  46.321  -57.817  -6.368 0.4000000060
21635  37.613  -58.205  -6.653 0.5000000000
20655  40.929  -59.070  -7.026 0.5000000000
118192  32.149  -58.850  -12.586 0.4000000060
126839  38.568  -58.599  -6.437 0.4000000060
21653  38.042  -58.345  -7.590 0.5000000000
20642  38.930  -58.929  -7.328 0.5000000000
20641  39.944  -59.261  -7.062 0.5000000000
21633  40.343  -58.751  -6.363 0.5000000000
21634  39.433  -58.880  -6.302 0.4000000060
19724  32.665  -60.626  -6.995 0.6000000238
126039  34.334  -63.580  -7.159 0.6000000238
21689  32.449  -59.634  -11.126 0.5000000000
111782  32.799  -63.218  -6.428 0.5000000000
18063  33.369  -62.744  -6.563 0.5000000000
19708  31.411  -60.616  -5.725 0.4000000060
19709  30.714  -60.451  -5.501 0.4000000060
20682  44.575  -59.048  -10.615 0.6000000238
19725  31.972  -60.408  -6.414 0.6000000238
20626  30.512  -59.586  -5.739 0.4000000060
20643  31.689  -59.628  -6.909 0.6000000238
20644  30.895  -59.100  -6.379 0.5000000000
120844  28.806  -58.227  -6.082 0.5000000000
119399  28.897  -59.426  -5.465 0.5000000000
127327  29.931  -57.596  -6.872 0.5000000000
21659  30.831  -58.182  -7.949 0.5000000000
127866  29.432  -57.247  -7.635 0.5000000000
20705  32.099  -60.154  -10.677 0.6000000238
7210  33.011  -75.349  -9.662 0.3000000119
6501  33.989  -76.401  -10.812 0.3000000119
6483  34.212  -76.502  -9.887 0.3000000119
126623  35.201  -77.833  -11.637 0.3000000119
6500  34.621  -77.252  -11.257 0.3000000119
5835  35.574  -77.892  -10.631 0.3000000119
5872  35.734  -77.796  -12.959 0.3000000119
5860  35.816  -78.079  -12.315 0.3000000119
6467  36.871  -77.148  -9.067 0.3000000119
120409  36.100  -77.975  -9.908 0.3000000119
5846  37.158  -78.063  -11.545 0.3000000119
5859  37.149  -78.148  -12.000 0.3000000119
6481  36.958  -77.530  -10.074 0.3000000119
7233  36.325  -75.844  -11.060 0.3000000119
109364  37.089  -76.941  -10.725 0.3000000119
6499  37.233  -77.588  -11.300 0.4000000060
5845  37.422  -77.677  -11.924 0.4000000060
6542  38.039  -76.987  -12.941 0.4000000060
6565  37.447  -76.461  -13.677 0.3000000119
112549  36.932  -73.863  -11.869 0.3000000119
7959  37.405  -75.856  -12.355 0.4000000060
6518  37.832  -76.956  -12.537 0.4000000060
8766  36.001  -73.927  -11.356 0.3000000119
126673  39.049  -75.938  -12.944 0.4000000060
9634  37.491  -72.121  -10.897 0.4000000060
8782  36.516  -73.168  -11.295 0.4000000060
7265  38.824  -75.601  -13.589 0.4000000060
7994  39.107  -74.846  -14.044 0.3000000119
7940  37.561  -74.798  -12.378 0.3000000119
7958  38.598  -75.701  -12.651 0.4000000060
116808  37.533  -72.878  -11.456 0.4000000060
110130  39.758  -74.529  -12.677 0.5000000000
7957  39.268  -75.383  -12.817 0.4000000060
13721  38.403  -67.361  -11.277 0.5000000000
10480  37.894  -71.576  -10.661 0.4000000060
7246  39.366  -75.304  -13.215 0.4000000060
12144  38.072  -69.876  -13.270 0.3000000119
12910  39.107  -68.739  -13.382 0.4000000060
10554  39.357  -71.587  -15.899 0.3000000119
15436  33.962  -65.255  -10.231 0.4000000060
16387  38.483  -64.601  -11.677 0.4000000060
15454  38.440  -65.461  -11.250 0.4000000060
9651  38.909  -73.091  -11.452 0.4000000060
8781  38.191  -73.829  -12.058 0.3000000119
8780  39.470  -73.845  -12.090 0.5000000000
15453  39.273  -65.196  -11.139 0.4000000060
14574  38.702  -66.625  -11.184 0.4000000060
10499  38.335  -72.277  -11.022 0.4000000060
12887  38.670  -68.537  -12.427 0.4000000060
7976  39.676  -74.592  -13.481 0.4000000060
13740  39.631  -67.471  -12.795 0.5000000000
8819  39.836  -73.697  -13.800 0.5000000000
12909  39.729  -68.438  -13.631 0.4000000060
12143  38.812  -69.299  -13.900 0.4000000060
110986  39.754  -72.105  -15.250 0.3000000119
12156  39.175  -69.744  -14.809 0.4000000060
15423  33.897  -65.237  -9.061 0.4000000060
17302  38.707  -63.606  -12.566 0.4000000060
10498  39.387  -72.434  -10.975 0.4000000060
126466  39.694  -65.712  -11.345 0.4000000060
14573  39.531  -66.364  -11.501 0.5000000000
9650  40.009  -73.094  -11.598 0.4000000060
8794  40.210  -73.759  -12.382 0.4000000060
14600  40.007  -66.785  -12.600 0.5000000000
10478  39.768  -71.705  -10.687 0.4000000060
10497  40.316  -72.279  -11.122 0.4000000060
9664  40.631  -73.154  -12.127 0.4000000060
8793  40.550  -73.370  -12.719 0.5000000000
9681  40.465  -72.376  -13.516 0.5000000000
14572  40.426  -65.995  -12.243 0.4000000060
11269  41.397  -71.147  -10.431 0.4000000060
13755  40.009  -67.881  -13.504 0.4000000060
10538  40.498  -71.283  -14.405 0.4000000060
12141  40.342  -69.803  -14.757 0.4000000060
12142  39.728  -69.022  -14.191 0.4000000060
15476  40.273  -65.064  -11.587 0.4000000060
17299  42.127  -64.230  -13.387 0.3000000119
10496  41.243  -71.967  -11.263 0.4000000060
128835  41.422  -72.135  -11.975 0.4000000060
19710  29.358  -60.115  -5.327 0.4000000060
11249  42.260  -70.858  -9.907 0.4000000060
10476  41.524  -71.501  -10.814 0.4000000060
10522  41.567  -71.614  -12.513 0.5000000000
11330  41.539  -70.728  -13.325 0.5000000000
15503  41.240  -66.178  -13.384 0.5000000000
13739  40.357  -67.248  -13.439 0.4000000060
12075  42.856  -70.898  -9.973 0.4000000060
11331  40.935  -70.548  -14.297 0.4000000060
13754  40.679  -67.852  -13.591 0.4000000060
118596  40.729  -69.278  -14.247 0.4000000060
12907  41.309  -68.398  -13.517 0.4000000060
118907  41.685  -62.825  -12.253 0.4000000060
16403  41.277  -64.657  -12.525 0.3000000119
10495  41.866  -71.508  -11.103 0.4000000060
11313  42.107  -71.006  -12.324 0.4000000060
16425  42.197  -65.146  -13.456 0.3000000119
11267  42.662  -70.803  -10.557 0.4000000060
12097  42.745  -70.263  -10.975 0.4000000060
12119  42.017  -70.036  -13.047 0.5000000000
12054  43.331  -69.845  -9.312 0.4000000060
12849  43.482  -69.515  -9.676 0.4000000060
115666  41.801  -69.112  -13.090 0.4000000060
13738  41.334  -67.477  -13.563 0.4000000060
18107  42.286  -61.741  -12.836 0.4000000060
12118  42.353  -69.549  -12.115 0.4000000060
8041  34.119  -74.061  -17.653 0.3000000119
7209  36.535  -76.183  -8.808 0.3000000119
7942  35.758  -74.762  -11.029 0.3000000119
8765  35.829  -73.110  -10.824 0.4000000060
11271  39.208  -71.016  -10.375 0.4000000060
12077  39.631  -70.216  -10.095 0.4000000060
12056  41.984  -70.327  -9.464 0.4000000060
120649  43.520  -69.483  -8.883 0.4000000060
17298  42.863  -63.608  -13.949 0.4000000060
17316  42.838  -64.386  -14.095 0.4000000060
15502  41.866  -66.015  -13.462 0.4000000060
13686  44.196  -68.329  -8.632 0.4000000060
127482  42.844  -69.503  -10.923 0.4000000060
129967  42.369  -68.894  -11.936 0.4000000060
12885  41.963  -68.409  -12.783 0.4000000060
14597  42.231  -66.613  -13.005 0.3000000119
14598  41.658  -66.667  -13.450 0.4000000060
13704  43.680  -67.856  -9.393 0.4000000060
13741  38.940  -67.833  -12.106 0.4000000060
18117  43.609  -61.996  -13.713 0.4000000060
114005  33.785  -76.441  -11.869 0.3000000119
6482  34.788  -77.290  -10.154 0.3000000119
5861  35.141  -77.799  -12.455 0.3000000119
112399  33.676  -74.524  -17.090 0.3000000119
8016  34.515  -74.603  -16.543 0.3000000119
5834  36.348  -78.097  -10.721 0.3000000119
7221  36.692  -76.664  -9.944 0.3000000119
5833  36.923  -77.991  -10.856 0.4000000060
5858  37.433  -77.493  -12.463 0.4000000060
7232  36.949  -76.304  -11.736 0.3000000119
7941  36.462  -75.007  -11.858 0.3000000119
6519  37.695  -77.028  -12.156 0.4000000060
7247  38.887  -76.007  -12.802 0.4000000060
124142  35.496  -73.886  -10.666 0.3000000119
11273  37.425  -71.002  -10.207 0.4000000060
9701  39.922  -72.721  -14.154 0.5000000000
10539  39.984  -71.207  -15.292 0.3000000119
8806  40.365  -73.460  -13.248 0.5000000000
11270  40.264  -71.021  -10.444 0.4000000060
12140  41.300  -69.899  -14.069 0.4000000060
13737  42.110  -67.452  -12.900 0.4000000060
17288  45.598  -62.719  -11.911 0.4000000060
18116  45.218  -62.268  -13.377 0.4000000060
18090  47.702  -61.877  -10.666 0.4000000060
118078  46.587  -61.600  -11.774 0.5000000000
18901  44.729  -61.562  -13.684 0.4000000060
18902  44.298  -61.477  -13.946 0.4000000060
120149  44.385  -63.026  -4.464 0.3000000119
123633  44.686  -63.724  -5.066 0.3000000119
106453  49.627  -62.954  -4.114 0.3000000119
18036  49.672  -62.316  -6.546 0.3000000119
18858  49.509  -62.434  -6.441 0.3000000119
18860  47.687  -61.633  -7.309 0.3000000119
18019  45.646  -63.509  -3.978 0.3000000119
18004  47.264  -63.734  -3.689 0.3000000119
18003  48.048  -63.398  -3.614 0.3000000119
18020  43.581  -62.317  -4.233 0.3000000119
18006  44.229  -62.358  -3.755 0.3000000119
18844  50.675  -62.136  -5.730 0.3000000119
18857  50.513  -61.686  -5.450 0.3000000119
18005  45.503  -63.020  -3.619 0.3000000119
18798  47.717  -61.767  -3.697 0.3000000119
106454  51.125  -62.413  -4.606 0.3000000119
19688  45.059  -60.812  -3.474 0.3000000119
18813  45.501  -62.017  -3.409 0.3000000119
19674  47.137  -60.929  -3.823 0.3000000119
123877  45.798  -60.053  -3.663 0.3000000119
125148  46.332  -59.552  -3.936 0.3000000119
124641  44.619  -61.597  -3.349 0.3000000119
19685  50.603  -60.476  -3.701 0.3000000119
19700  48.752  -60.088  -4.153 0.3000000119
20604  45.052  -59.719  -3.533 0.3000000119
19673  48.324  -60.774  -3.898 0.3000000119
21597  48.581  -58.944  -4.755 0.3000000119
20603  45.704  -59.246  -3.870 0.3000000119
20602  47.153  -59.469  -4.152 0.3000000119
121582  47.890  -60.105  -4.224 0.3000000119
21584  47.469  -58.724  -4.347 0.3000000119
21626  48.531  -58.627  -5.636 0.3000000119
20624  48.489  -59.708  -4.654 0.3000000119
21607  48.531  -59.195  -5.110 0.3000000119
23505  48.131  -57.637  -6.282 0.3000000119
117510  46.870  -57.160  -6.346 0.3000000119
18085  48.433  -62.010  -9.768 0.3000000119
18098  47.022  -61.932  -11.511 0.4000000060
18859  48.832  -61.796  -7.164 0.3000000119
130151  48.997  -60.484  -4.839 0.3000000119
17281  46.622  -62.517  -10.846 0.5000000000
115656  44.939  -63.169  -3.802 0.3000000119
121916  49.649  -62.409  -3.720 0.3000000119
106452  49.710  -62.863  -5.135 0.3000000119
18868  49.219  -61.954  -8.212 0.3000000119
18869  48.305  -61.862  -8.575 0.3000000119
17994  47.322  -62.823  -3.548 0.3000000119
18814  44.735  -62.355  -3.528 0.3000000119
19707  50.934  -60.877  -4.506 0.3000000119
118726  46.078  -60.988  -3.513 0.3000000119
21585  46.358  -58.162  -4.212 0.3000000119
22518  47.222  -57.669  -4.386 0.3000000119
112855  49.279  -60.067  -4.020 0.3000000119
21587  44.989  -58.743  -3.712 0.3000000119
127799  48.203  -58.923  -4.498 0.3000000119
15501  42.336  -65.758  -13.156 0.3000000119
15474  42.805  -65.592  -12.417 0.4000000060
15435  43.607  -66.080  -9.274 0.4000000060
15451  43.416  -65.213  -10.172 0.4000000060
16402  42.797  -64.943  -13.628 0.3000000119
16374  44.011  -64.396  -9.744 0.4000000060
116498  43.855  -65.365  -8.881 0.3000000119
16401  43.362  -64.916  -12.973 0.4000000060
16386  43.841  -64.504  -11.560 0.4000000060
17273  45.039  -63.437  -9.366 0.3000000119
114912  43.940  -64.293  -13.224 0.3000000119
17296  45.196  -62.932  -13.440 0.3000000119
17297  44.619  -63.637  -12.597 0.4000000060
17315  44.276  -63.638  -13.888 0.3000000119
126615  44.595  -62.684  -13.970 0.3000000119
130145  43.109  -64.095  -14.282 0.3000000119
17289  44.789  -63.527  -10.887 0.4000000060
15473  43.252  -65.294  -11.505 0.4000000060
9616  35.651  -72.390  -10.318 0.3000000119
13719  42.478  -67.422  -11.582 0.3000000119
112352  34.176  -72.044  -7.707 0.3000000119
125008  34.389  -72.136  -8.568 0.3000000119
9617  34.980  -72.489  -9.738 0.3000000119
10482  36.209  -71.799  -10.278 0.3000000119
15452  42.999  -65.997  -10.684 0.3000000119
125267  43.093  -67.943  -10.233 0.3000000119
11240  34.541  -70.541  -8.417 0.3000000119
10464  35.508  -71.592  -9.727 0.3000000119
11254  34.972  -70.981  -9.068 0.3000000119
10463  36.496  -71.158  -9.944 0.3000000119
11272  38.296  -70.978  -10.389 0.3000000119
14545  42.888  -66.986  -10.534 0.3000000119
12816  34.608  -68.860  -6.969 0.3000000119
12047  35.431  -69.508  -8.477 0.3000000119
12038  34.981  -69.146  -7.868 0.3000000119
11253  35.916  -70.562  -9.352 0.3000000119
12061  35.868  -69.865  -8.911 0.3000000119
11251  37.862  -70.332  -9.983 0.3000000119
12815  35.330  -68.465  -7.592 0.3000000119
12046  36.225  -69.303  -8.675 0.3000000119
12059  37.432  -69.693  -9.457 0.3000000119
12060  36.562  -69.813  -9.181 0.3000000119
127538  39.472  -69.384  -9.727 0.3000000119
12057  40.592  -69.773  -9.698 0.3000000119
12835  42.770  -69.947  -9.050 0.3000000119
12803  35.075  -68.028  -6.967 0.3000000119
12058  38.496  -69.645  -9.744 0.3000000119
12839  37.845  -68.940  -9.198 0.3000000119
12837  40.048  -68.696  -9.475 0.3000000119
14522  43.534  -66.932  -9.463 0.3000000119
12814  36.093  -68.171  -7.934 0.3000000119
125892  35.638  -67.849  -7.449 0.3000000119
12827  36.586  -68.636  -8.415 0.3000000119
12826  37.384  -68.442  -8.612 0.3000000119
12838  38.821  -68.783  -9.366 0.3000000119
12823  42.453  -68.949  -8.691 0.3000000119
12834  44.037  -69.098  -8.940 0.3000000119
116325  44.255  -67.815  -8.628 0.3000000119
14571  42.559  -66.371  -11.997 0.3000000119
13668  37.679  -67.694  -8.386 0.3000000119
12824  39.111  -68.024  -9.051 0.3000000119
13687  41.017  -68.481  -9.092 0.3000000119
12822  43.700  -68.737  -8.474 0.3000000119
10453  34.429  -71.378  -8.494 0.3000000119
10465  34.703  -71.852  -9.182 0.3000000119
5809  36.586  -77.448  -8.716 0.3000000119
5820  36.642  -77.577  -9.296 0.3000000119
5847  36.650  -78.232  -11.599 0.3000000119
5848  35.833  -78.144  -11.537 0.3000000119
5871  36.680  -77.774  -12.702 0.3000000119
6517  38.456  -76.339  -12.858 0.4000000060
7248  38.258  -76.358  -12.703 0.4000000060
7266  38.453  -76.281  -13.212 0.4000000060
7956  39.725  -74.871  -12.952 0.5000000000
7993  39.273  -73.942  -14.452 0.5000000000
8795  38.972  -74.760  -12.444 0.4000000060
8807  40.235  -74.220  -12.947 0.4000000060
9635  36.577  -72.390  -10.808 0.4000000060
9649  40.858  -72.623  -11.685 0.4000000060
9663  41.015  -72.476  -12.508 0.4000000060
9700  40.145  -71.894  -14.577 0.3000000119
10477  40.743  -71.638  -10.779 0.4000000060
10479  38.819  -71.712  -10.605 0.4000000060
10481  37.007  -71.647  -10.467 0.4000000060
10510  41.825  -71.607  -11.759 0.4000000060
10523  40.985  -71.513  -13.410 0.5000000000
11239  35.202  -70.187  -8.785 0.3000000119
11250  38.666  -70.404  -10.169 0.3000000119
11252  36.945  -70.421  -9.683 0.3000000119
11268  42.225  -71.148  -10.511 0.4000000060
11294  42.262  -71.153  -11.294 0.4000000060
11348  40.336  -70.580  -14.906 0.3000000119
12045  37.020  -69.143  -8.894 0.3000000119
12048  34.653  -69.813  -8.229 0.3000000119
12055  42.908  -70.528  -9.568 0.4000000060
12074  43.173  -70.449  -9.988 0.4000000060
12076  41.057  -70.572  -10.033 0.4000000060
12098  42.428  -70.530  -11.710 0.4000000060
12120  38.403  -69.228  -12.800 0.3000000119
12821  44.222  -68.205  -8.370 0.3000000119
12828  35.765  -68.844  -8.210 0.3000000119
12836  41.498  -69.383  -9.263 0.3000000119
12867  43.081  -68.692  -10.537 0.4000000060
12868  38.194  -68.170  -11.525 0.5000000000
12884  42.357  -68.331  -11.763 0.4000000060
12886  39.362  -68.162  -12.977 0.4000000060
12908  40.501  -68.543  -13.838 0.4000000060
13663  44.017  -68.161  -7.965 0.3000000119
13665  41.261  -67.849  -8.671 0.3000000119
13669  36.905  -67.939  -8.137 0.3000000119
13706  35.907  -67.121  -11.316 0.5000000000
13720  39.248  -67.115  -11.765 0.4000000060
14521  44.313  -67.281  -8.402 0.3000000119
14546  39.030  -65.937  -11.096 0.4000000060
14547  37.718  -66.732  -11.006 0.6000000238
14599  40.822  -66.628  -13.442 0.4000000060
14601  34.901  -66.559  -13.954 0.5000000000
15455  37.590  -65.656  -11.521 0.5000000000
15475  41.281  -65.606  -13.043 0.4000000060
16424  43.359  -64.278  -14.136 0.3000000119
16445  37.321  -63.834  -16.320 0.4000000060
16461  37.036  -63.194  -16.603 0.5000000000
17161  49.145  -63.010  -3.734 0.3000000119
17327  37.107  -63.494  -16.404 0.4000000060
17328  36.814  -62.522  -16.166 0.5000000000
17332  37.011  -62.953  -16.519 0.6000000238
17333  36.908  -62.758  -16.349 0.6000000238
17993  48.450  -62.571  -3.582 0.3000000119
18072  49.397  -62.262  -7.697 0.3000000119
18106  45.868  -62.110  -12.431 0.4000000060
18118  39.346  -60.978  -14.370 0.6999999881
18121  37.563  -62.658  -16.266 0.6000000238
18797  49.178  -61.543  -3.651 0.3000000119
18812  46.602  -61.927  -3.563 0.3000000119
18843  51.307  -61.557  -4.779 0.3000000119
19672  50.675  -60.691  -3.618 0.3000000119
19686  49.550  -60.560  -3.796 0.3000000119
19687  46.690  -60.158  -3.841 0.3000000119
19697  51.036  -60.921  -3.622 0.3000000119
19698  51.424  -60.679  -4.009 0.3000000119
19699  50.070  -60.422  -3.787 0.3000000119
19763  45.039  -59.766  -11.893 0.6000000238
19766  41.315  -59.230  -13.637 0.6000000238
19776  38.923  -59.697  -13.484 0.6999999881
19781  39.284  -60.225  -14.184 0.6999999881
20615  48.118  -59.411  -4.485 0.3000000119
20710  43.994  -59.266  -12.570 0.5000000000
21586  45.742  -58.569  -4.031 0.3000000119
21613  28.449  -58.722  -5.690 0.5000000000
21690  31.949  -59.679  -11.270 0.4000000060
22520  45.359  -57.852  -3.977 0.3000000119
22588  30.008  -57.486  -7.490 0.5000000000
22589  29.330  -57.376  -7.088 0.5000000000
106451  48.489  -63.641  -4.085 0.3000000119
106779  50.656  -61.768  -3.583 0.3000000119
106835  51.628  -61.758  -3.897 0.3000000119
107016  48.555  -63.484  -3.872 0.3000000119
108012  48.390  -58.502  -4.481 0.3000000119
111015  36.531  -77.802  -9.944 0.3000000119
111750  43.896  -68.869  -9.365 0.4000000060
114564  35.065  -73.840  -17.252 0.3000000119
115270  46.426  -58.945  -4.174 0.3000000119
116277  46.356  -62.950  -3.576 0.3000000119
116349  43.222  -59.476  -12.859 0.6000000238
117597  43.617  -63.624  -14.139 0.3000000119
117677  37.940  -66.842  -8.111 0.3000000119
118227  47.216  -61.653  -11.313 0.6000000238
119138  41.329  -69.235  -13.689 0.4000000060
119439  46.395  -63.596  -3.799 0.3000000119
121978  50.611  -62.609  -3.818 0.3000000119
121984  50.423  -60.871  -3.625 0.3000000119
123688  49.945  -60.287  -3.804 0.3000000119
124858  30.056  -60.053  -5.453 0.4000000060
125625  41.178  -63.658  -12.057 0.5000000000
125780  34.250  -70.192  -7.877 0.3000000119
125888  36.473  -78.168  -12.226 0.3000000119
128058  39.410  -60.512  -14.307 0.6999999881
