#!ascii label  , from subject freesurfer vox2ras=TkReg
1252
120775  25.344  -54.603  -1.808 0.8999999762
24379  25.801  -55.054  -2.135 0.8000000119
108142  26.220  -55.489  -2.743 0.8000000119
23461  24.585  -56.781  -3.296 0.6999999881
23460  25.299  -56.525  -3.552 0.8000000119
25283  24.628  -54.530  -1.604 0.8999999762
25296  26.504  -54.705  -2.436 1.0000000000
25295  27.240  -54.329  -2.815 1.0000000000
24394  26.980  -55.160  -3.179 0.8999999762
24417  26.480  -55.840  -3.586 0.8000000119
23475  25.558  -56.566  -4.410 0.8000000119
23474  26.148  -56.210  -4.233 0.8999999762
115901  25.103  -56.957  -4.865 0.8000000119
24451  25.895  -56.008  -5.685 0.6999999881
23514  25.433  -56.514  -6.083 0.6999999881
26188  24.224  -53.730  -1.307 0.8000000119
26187  25.202  -53.804  -1.532 0.8999999762
115504  25.494  -52.913  -1.426 0.8999999762
115068  24.688  -52.989  -1.286 0.8999999762
109669  22.961  -52.919  -1.313 0.8999999762
26200  26.730  -53.787  -2.134 0.8999999762
26199  27.481  -53.521  -2.610 1.0000000000
24439  27.258  -55.380  -3.980 0.8999999762
25316  28.045  -54.056  -3.997 1.0000000000
25337  27.624  -54.545  -4.411 0.8999999762
24449  27.069  -55.125  -4.821 0.8999999762
24450  26.436  -55.540  -5.295 0.8000000119
24470  25.775  -55.834  -6.457 0.6999999881
27057  26.202  -52.675  -1.587 0.8999999762
121106  25.713  -52.239  -1.498 0.8999999762
114435  25.035  -52.237  -1.436 0.8999999762
114614  24.261  -52.326  -1.498 0.8999999762
122581  23.593  -52.460  -1.551 0.8999999762
26186  26.056  -53.456  -1.650 0.8999999762
26185  27.202  -53.006  -2.113 0.8999999762
26217  27.820  -53.870  -3.290 1.0000000000
127493  27.367  -54.505  -5.169 0.8000000119
25355  26.755  -54.788  -5.836 0.8000000119
24469  26.149  -55.170  -6.608 0.8000000119
24483  26.045  -54.738  -7.240 0.8000000119
117255  25.691  -54.771  -7.851 0.8000000119
25389  25.391  -54.202  -8.460 0.8000000119
115374  25.460  -51.561  -1.593 0.8999999762
27940  23.773  -51.834  -1.941 0.8999999762
27949  23.292  -51.442  -2.414 0.8999999762
27938  26.346  -51.770  -1.564 0.8999999762
28881  24.312  -50.573  -2.342 0.8999999762
28891  23.524  -50.767  -2.635 0.8000000119
27950  22.683  -51.674  -2.520 0.8000000119
27056  26.918  -52.426  -1.778 0.8999999762
29910  23.656  -49.953  -2.658 0.6999999881
28892  22.804  -51.031  -2.937 0.6999999881
28893  22.067  -50.972  -3.427 0.6999999881
27067  27.734  -52.278  -2.101 0.8999999762
29911  22.904  -49.501  -3.040 0.6999999881
29918  22.171  -49.669  -3.438 0.6999999881
27066  28.301  -52.516  -2.672 1.0000000000
30898  22.103  -48.877  -3.390 0.6000000238
26198  28.066  -53.156  -3.008 1.0000000000
27081  28.605  -52.680  -3.353 1.0000000000
26216  28.295  -53.347  -3.724 1.0000000000
121331  27.977  -53.998  -4.460 1.0000000000
26234  27.848  -53.910  -5.095 0.8999999762
27098  28.723  -52.733  -4.136 1.0000000000
26251  28.295  -53.163  -5.422 0.8999999762
25354  27.435  -54.169  -5.724 0.8000000119
25371  26.519  -54.606  -6.703 0.8000000119
25382  26.560  -54.168  -7.250 0.8000000119
25383  26.023  -54.248  -7.849 0.8000000119
26282  25.826  -53.683  -8.277 0.8000000119
120936  26.732  -52.798  -7.861 0.8000000119
114212  25.545  -52.243  -9.027 0.8000000119
27939  24.560  -51.487  -1.875 0.8999999762
123072  25.937  -50.902  -1.473 0.8999999762
28880  25.145  -50.794  -1.949 0.8999999762
115462  24.921  -50.109  -2.143 0.8999999762
27937  27.324  -51.629  -1.737 0.8999999762
111638  23.104  -50.322  -2.924 0.6999999881
27936  28.072  -51.549  -1.897 0.8999999762
30891  23.677  -48.886  -2.590 0.6000000238
27948  28.525  -51.865  -2.308 1.0000000000
30899  21.419  -48.345  -3.949 0.5000000000
27065  28.953  -52.097  -2.914 1.0000000000
31791  21.533  -47.419  -4.100 0.5000000000
27080  29.175  -52.162  -3.684 1.0000000000
27097  29.199  -52.094  -4.531 1.0000000000
107856  28.696  -52.641  -4.971 1.0000000000
121209  28.626  -52.542  -5.681 0.8999999762
25370  27.203  -54.038  -6.516 0.8000000119
27129  28.586  -52.101  -6.196 0.8999999762
26269  27.717  -53.183  -6.671 0.8000000119
26280  27.067  -53.453  -7.244 0.8000000119
27999  28.122  -51.386  -6.772 0.8999999762
27130  28.014  -52.333  -6.764 0.8000000119
27147  27.095  -52.035  -7.954 0.8000000119
120203  26.433  -52.049  -8.490 0.8000000119
28951  25.752  -50.131  -8.461 0.8000000119
28024  25.593  -51.139  -8.861 0.8000000119
117215  26.845  -50.925  -1.546 0.8999999762
28878  27.127  -50.278  -1.449 0.8999999762
29909  24.378  -49.606  -2.348 0.6999999881
30890  24.512  -48.704  -2.177 0.8000000119
28876  28.918  -50.362  -1.655 0.8999999762
29894  28.491  -49.782  -1.306 0.8999999762
118371  23.380  -47.985  -2.652 0.6999999881
30892  22.853  -48.450  -2.986 0.6000000238
31790  22.096  -47.959  -3.413 0.6000000238
31785  23.528  -47.249  -2.462 0.6999999881
31786  22.778  -47.446  -2.969 0.6000000238
114196  22.078  -47.250  -3.453 0.5000000000
27947  29.143  -51.444  -2.545 1.0000000000
32685  22.362  -46.650  -3.269 0.5000000000
32691  21.830  -46.774  -3.820 0.5000000000
126688  29.451  -51.579  -3.223 1.0000000000
27959  29.629  -51.559  -4.016 1.0000000000
28913  29.883  -50.804  -4.334 1.0000000000
27971  29.503  -51.354  -4.857 1.0000000000
28922  29.612  -50.424  -5.212 0.8999999762
27984  29.225  -51.068  -5.544 0.8999999762
27985  28.750  -51.236  -6.108 0.8999999762
28923  28.941  -50.247  -6.021 0.8999999762
28933  28.191  -50.398  -6.662 0.8999999762
28013  27.423  -50.522  -7.508 0.8999999762
28950  26.302  -50.039  -7.951 0.8999999762
29949  27.453  -49.497  -7.020 0.8999999762
28879  26.342  -50.239  -1.431 0.8999999762
119435  25.571  -50.160  -1.745 0.8999999762
29898  25.169  -49.352  -1.970 0.8999999762
29897  25.947  -49.535  -1.484 0.8999999762
116940  25.101  -48.525  -1.845 1.0000000000
29880  27.211  -49.075  -1.087 0.8999999762
30881  24.001  -47.966  -2.271 0.6999999881
27935  28.702  -51.153  -1.962 0.8999999762
32674  23.719  -46.451  -2.198 0.6999999881
32684  23.003  -46.556  -2.678 0.5000000000
28890  29.386  -50.740  -2.225 1.0000000000
33515  22.566  -45.871  -3.063 0.5000000000
33521  21.977  -45.975  -3.992 0.5000000000
28889  30.022  -50.332  -2.783 1.0000000000
29917  30.411  -49.549  -3.315 1.0000000000
28900  30.191  -50.221  -3.798 1.0000000000
116002  30.042  -50.067  -4.616 1.0000000000
29927  30.279  -49.344  -4.335 1.0000000000
118842  30.542  -48.859  -3.751 1.0000000000
29928  29.844  -49.527  -5.164 0.8999999762
29937  29.367  -49.690  -5.684 0.8999999762
29938  28.814  -49.310  -6.111 0.8999999762
28967  28.835  -49.833  -8.869 0.6999999881
29973  28.305  -48.918  -8.925 0.8000000119
29982  27.615  -49.477  -9.467 0.8000000119
29974  27.008  -48.510  -9.203 0.8000000119
29879  28.123  -49.135  -0.907 0.8999999762
30869  27.610  -48.394  -0.742 1.0000000000
30870  26.754  -48.343  -1.053 1.0000000000
31772  26.263  -47.680  -1.206 1.0000000000
30880  25.484  -47.893  -1.540 0.6999999881
117044  24.692  -47.881  -1.874 0.6999999881
31775  24.220  -47.160  -2.003 0.6999999881
33514  23.202  -45.736  -2.443 0.6000000238
29907  30.296  -49.467  -2.434 1.0000000000
29908  29.688  -49.889  -1.885 0.8999999762
115286  29.154  -49.668  -1.395 0.8999999762
113913  22.363  -45.270  -3.682 0.4000000060
30908  30.407  -48.411  -4.409 1.0000000000
30909  30.010  -48.707  -5.111 1.0000000000
129378  26.476  -47.570  -8.228 0.8999999762
28982  30.370  -50.645  -8.869 0.6000000238
29972  29.385  -49.225  -8.592 0.8000000119
30952  27.858  -48.058  -8.768 0.8000000119
30954  26.217  -48.068  -8.524 0.8999999762
126777  29.126  -48.327  -0.649 0.8999999762
30868  28.485  -48.408  -0.633 0.8999999762
31773  25.746  -47.011  -1.301 0.8000000119
31774  24.908  -47.103  -1.539 0.6999999881
32673  24.434  -46.387  -1.728 0.6999999881
34308  23.579  -44.876  -2.285 0.6000000238
34319  23.139  -44.176  -2.942 0.4000000060
126006  30.096  -49.201  -1.829 1.0000000000
29893  29.618  -49.165  -1.385 0.8999999762
30889  30.534  -48.739  -2.196 1.0000000000
31784  30.926  -48.141  -2.757 1.0000000000
30897  30.754  -48.238  -3.626 1.0000000000
31798  30.631  -47.652  -4.287 1.0000000000
32702  30.986  -46.244  -4.631 1.0000000000
31828  26.588  -47.294  -7.291 0.8999999762
32735  26.767  -46.650  -7.199 0.8999999762
31842  26.566  -47.090  -7.848 0.8999999762
32745  27.361  -46.575  -8.181 0.8999999762
31841  26.841  -47.107  -8.243 0.8999999762
29002  31.713  -50.256  -10.124 0.6000000238
28981  31.132  -50.453  -9.371 0.6000000238
28966  29.861  -49.975  -8.626 0.6000000238
126798  29.830  -48.720  -8.382 0.8000000119
30951  29.004  -48.445  -8.588 0.8000000119
125097  27.679  -47.169  -8.497 0.8999999762
125039  27.070  -47.557  -0.695 0.8999999762
31760  26.430  -47.009  -0.989 0.6999999881
115067  27.574  -47.049  -0.310 0.8999999762
32663  26.951  -46.707  -0.598 0.8999999762
30867  29.603  -48.505  -0.969 1.0000000000
31758  29.517  -47.800  -0.657 1.0000000000
31759  28.812  -47.706  -0.410 1.0000000000
33504  24.671  -45.630  -1.542 0.6000000238
34291  24.272  -45.077  -1.821 0.6000000238
30878  30.148  -48.610  -1.522 1.0000000000
31771  30.147  -47.916  -1.152 1.0000000000
117272  30.688  -48.024  -1.887 1.0000000000
31769  31.119  -47.285  -2.512 1.0000000000
31789  31.039  -47.560  -3.451 1.0000000000
118261  31.020  -46.973  -4.101 1.0000000000
32703  30.310  -46.932  -4.920 1.0000000000
32713  29.486  -46.389  -5.510 1.0000000000
31808  29.446  -47.247  -5.494 1.0000000000
32714  28.657  -46.621  -5.908 1.0000000000
31809  28.532  -47.571  -6.052 0.8999999762
32716  27.024  -46.990  -6.754 0.8999999762
32746  26.952  -46.543  -7.726 0.8999999762
29993  32.260  -49.091  -11.194 0.6000000238
29994  31.862  -49.426  -10.331 0.6000000238
29981  31.342  -49.674  -9.471 0.6000000238
28965  30.714  -49.887  -8.864 0.6000000238
115581  29.746  -47.921  -8.322 0.8000000119
119413  28.649  -47.718  -8.565 0.8000000119
125871  27.984  -47.672  -0.416 0.8999999762
116377  26.933  -46.043  -0.641 0.6999999881
32672  25.183  -46.296  -1.321 0.6000000238
33503  25.363  -45.477  -1.121 0.6000000238
115879  29.236  -47.026  -0.384 0.8999999762
34290  24.860  -44.807  -1.453 0.6000000238
34307  24.304  -44.355  -1.916 0.5000000000
31770  30.634  -47.220  -1.532 1.0000000000
32671  30.446  -46.490  -1.039 0.8999999762
32683  31.457  -46.473  -2.808 1.0000000000
32690  31.492  -46.253  -3.735 1.0000000000
33530  31.387  -45.530  -4.421 1.0000000000
32712  30.287  -46.012  -5.232 1.0000000000
117313  28.810  -45.931  -5.868 1.0000000000
122647  28.014  -45.895  -6.374 0.8999999762
32724  27.222  -46.262  -6.782 0.8999999762
32734  27.055  -46.032  -7.153 0.8999999762
33569  27.444  -45.904  -7.758 0.8999999762
30964  31.923  -48.610  -10.447 0.6000000238
30949  31.056  -49.088  -8.796 0.6000000238
113572  31.232  -48.169  -8.688 0.6999999881
31839  30.306  -47.012  -8.225 0.6999999881
31840  28.940  -47.009  -8.478 0.8000000119
32744  28.093  -46.331  -8.374 0.8999999762
30007  32.497  -49.500  -12.042 0.6000000238
32743  29.242  -46.168  -8.376 0.8999999762
33493  25.943  -45.297  -0.772 0.6999999881
34289  25.529  -44.632  -0.968 0.6000000238
32660  29.012  -46.217  -0.228 0.8999999762
32661  28.245  -45.917  -0.326 0.8000000119
33491  27.420  -45.602  -0.454 0.6999999881
31757  29.966  -47.140  -0.828 0.8999999762
130059  30.209  -45.880  -0.666 0.8000000119
33502  30.826  -45.791  -1.098 0.8999999762
33513  31.598  -45.936  -2.370 1.0000000000
124709  31.748  -45.889  -2.991 1.0000000000
33520  31.763  -45.394  -3.521 1.0000000000
107286  31.640  -44.747  -4.157 1.0000000000
123410  30.877  -45.565  -5.000 1.0000000000
34340  30.266  -45.162  -5.426 1.0000000000
33539  29.446  -45.580  -5.640 1.0000000000
33540  28.656  -45.288  -6.161 0.8999999762
33549  27.977  -45.099  -6.712 0.8999999762
33558  27.437  -45.619  -6.892 0.8999999762
33557  27.728  -45.111  -7.338 0.8999999762
118204  31.502  -48.852  -9.533 0.6000000238
31838  31.063  -47.405  -8.291 0.6999999881
33568  28.177  -45.521  -8.203 0.8999999762
30972  32.604  -48.501  -12.060 0.6000000238
30963  32.236  -48.348  -11.182 0.6000000238
33492  26.614  -45.459  -0.608 0.6999999881
34276  26.284  -44.719  -0.627 0.6000000238
122314  28.860  -45.507  -0.202 0.8000000119
34275  27.073  -44.863  -0.408 0.6999999881
33490  29.617  -45.517  -0.328 0.6999999881
33489  30.500  -45.209  -0.574 0.6999999881
33488  31.224  -45.090  -0.973 0.6999999881
34288  31.692  -44.993  -1.543 0.8000000119
34287  32.020  -44.425  -1.704 0.8000000119
33500  31.919  -45.184  -2.448 0.8000000119
34306  32.224  -44.234  -2.486 0.8000000119
34318  32.022  -44.620  -3.293 0.8999999762
115539  31.099  -44.724  -5.010 1.0000000000
34341  29.383  -44.788  -5.925 1.0000000000
34342  28.598  -44.576  -6.572 1.0000000000
31855  31.991  -47.872  -10.630 0.6000000238
31850  31.447  -47.346  -8.888 0.6000000238
114673  28.225  -44.777  -8.065 0.8999999762
33566  30.232  -45.452  -8.549 0.6999999881
32742  30.274  -46.093  -8.330 0.6999999881
33567  29.200  -45.325  -8.462 0.8999999762
34368  28.757  -44.379  -8.556 0.8999999762
119447  29.091  -44.794  -0.180 0.6999999881
34274  28.084  -44.989  -0.333 0.6000000238
115038  27.436  -44.152  -0.401 0.6000000238
35137  25.982  -43.790  -0.880 0.6000000238
34272  30.016  -44.623  -0.275 0.6999999881
34273  28.378  -44.040  -0.333 0.6000000238
127175  31.616  -44.066  -0.830 0.6999999881
34270  31.650  -44.509  -1.036 0.6999999881
122257  32.369  -43.582  -1.721 0.8000000119
34317  32.243  -43.866  -3.234 0.8000000119
35180  31.939  -44.080  -3.925 0.8000000119
34329  31.512  -44.088  -4.549 1.0000000000
107104  31.862  -43.458  -4.379 0.8000000119
34339  31.140  -43.455  -5.238 1.0000000000
110798  30.245  -44.241  -5.651 1.0000000000
35202  29.369  -44.024  -6.393 1.0000000000
36052  30.661  -42.746  -5.940 1.0000000000
35201  30.199  -43.400  -6.169 1.0000000000
35213  29.244  -43.262  -6.984 1.0000000000
35214  28.560  -43.880  -7.111 1.0000000000
34353  28.106  -44.475  -7.121 0.8999999762
31856  31.797  -47.271  -9.961 0.6000000238
34361  28.127  -44.449  -7.572 0.8999999762
31864  32.405  -47.638  -11.526 0.6000000238
124802  32.055  -47.240  -10.816 0.6000000238
32755  31.510  -46.427  -9.302 0.6999999881
34369  28.277  -44.015  -8.105 0.8999999762
33575  31.337  -45.474  -9.480 0.6999999881
34367  29.732  -44.761  -8.793 0.6999999881
108969  27.612  -43.284  -0.437 0.5000000000
114434  29.365  -43.920  -0.254 0.6000000238
35135  28.607  -43.054  -0.370 0.5000000000
114724  30.311  -43.784  -0.309 0.6999999881
35133  31.038  -43.528  -0.445 0.6999999881
34271  31.041  -44.308  -0.583 0.6999999881
122516  32.276  -43.287  -1.074 0.6999999881
35984  32.517  -42.774  -1.384 0.6999999881
35168  32.427  -43.547  -2.561 0.8000000119
36022  32.458  -43.079  -3.210 0.8000000119
123769  32.194  -43.517  -3.786 0.8000000119
122328  32.428  -42.373  -3.789 0.8000000119
35191  32.246  -43.019  -4.008 0.8000000119
36040  31.893  -42.534  -4.643 0.8999999762
116110  31.659  -41.855  -5.168 0.8999999762
36051  31.236  -42.344  -5.501 1.0000000000
36065  29.253  -42.441  -7.613 1.0000000000
36073  28.568  -43.044  -7.785 0.8999999762
35222  28.351  -43.895  -7.640 0.8999999762
35229  28.448  -43.266  -8.250 0.8999999762
33565  30.902  -45.866  -8.668 0.6999999881
34378  29.228  -43.911  -9.180 0.8000000119
35228  28.603  -43.524  -8.721 0.8999999762
32762  32.397  -46.706  -11.354 0.6000000238
34377  30.248  -44.292  -9.432 0.6999999881
35240  28.920  -43.070  -9.402 0.8000000119
35241  28.494  -42.674  -8.884 0.8999999762
35239  29.801  -43.411  -9.786 0.6999999881
35134  29.680  -43.107  -0.278 0.5000000000
124270  30.578  -43.037  -0.319 0.6999999881
35973  29.141  -42.356  -0.277 0.5000000000
35132  31.717  -43.423  -0.735 0.6999999881
128236  31.252  -42.991  -0.444 0.6999999881
35970  32.289  -42.691  -0.881 0.6999999881
36929  32.771  -42.140  -1.805 0.6999999881
36007  32.626  -42.902  -2.196 0.6999999881
119738  32.712  -42.212  -2.816 0.8000000119
120515  32.751  -41.506  -3.167 0.8000000119
36963  32.488  -41.656  -3.947 0.8000000119
36978  32.103  -41.631  -4.668 0.8000000119
35212  30.176  -42.633  -6.816 1.0000000000
117680  32.408  -41.088  -4.382 0.8000000119
36064  30.786  -42.074  -6.396 0.8999999762
110295  30.272  -41.820  -7.436 1.0000000000
36989  30.804  -41.345  -6.960 0.8999999762
36072  28.630  -42.077  -8.359 1.0000000000
36082  28.535  -42.515  -8.508 0.8999999762
115702  28.415  -41.314  -8.702 0.8999999762
32763  31.915  -46.614  -10.434 0.6000000238
111395  31.808  -45.841  -10.206 0.6000000238
33587  31.767  -45.021  -10.286 0.6999999881
34376  31.155  -44.626  -9.715 0.6999999881
108964  29.416  -42.630  -9.930 0.6999999881
36093  28.796  -42.146  -9.528 0.8000000119
37004  28.254  -40.824  -9.245 0.8999999762
35972  30.969  -42.395  -0.284 0.6999999881
107191  32.286  -41.896  -0.649 0.6999999881
36905  32.618  -42.018  -1.096 0.6999999881
113095  32.252  -41.202  -0.303 0.6999999881
36882  32.912  -41.346  -1.463 0.6999999881
37863  33.144  -40.727  -1.960 0.6999999881
36928  32.920  -41.469  -2.316 0.6999999881
37877  32.958  -40.789  -2.850 0.8000000119
37878  32.675  -40.901  -3.737 0.8000000119
36977  32.120  -40.890  -4.943 0.8000000119
126728  32.703  -39.558  -4.176 0.8000000119
37897  32.497  -40.316  -4.438 0.8000000119
37909  31.606  -40.749  -5.590 0.8000000119
37921  31.015  -40.557  -6.619 0.8999999762
37908  31.975  -40.173  -5.187 0.8000000119
36995  29.048  -41.501  -8.072 1.0000000000
33586  32.247  -45.425  -10.940 0.6000000238
35238  30.876  -43.724  -9.985 0.6999999881
36081  28.345  -41.742  -9.015 0.8999999762
35252  30.404  -42.672  -10.308 0.6999999881
36092  29.444  -41.811  -10.218 0.8000000119
37017  28.623  -41.211  -9.839 0.8000000119
36883  32.740  -41.101  -0.714 0.6999999881
37831  32.623  -40.527  0.004 0.6999999881
37849  33.207  -40.552  -1.120 0.6999999881
38742  33.370  -40.002  -1.683 0.6999999881
126117  33.186  -40.047  -2.496 0.6999999881
130072  33.504  -39.521  -2.161 0.6999999881
38756  32.906  -39.993  -3.490 0.8000000119
38774  33.091  -39.067  -3.711 0.8000000119
38789  32.263  -39.510  -4.746 0.8000000119
115150  31.457  -40.111  -5.854 0.8000000119
38806  30.925  -39.658  -6.478 0.8999999762
112777  29.955  -40.713  -7.771 0.8999999762
110637  30.382  -39.941  -7.269 0.8999999762
34390  32.348  -44.639  -11.047 0.6000000238
111068  28.542  -40.682  -8.612 0.8999999762
37830  33.158  -40.232  -0.351 0.6999999881
38733  33.521  -39.741  -0.878 0.6999999881
111084  33.608  -39.403  -1.604 0.6999999881
108443  33.393  -39.314  -2.875 0.6999999881
118996  33.769  -38.821  -2.161 0.6999999881
39628  33.604  -38.381  -3.186 0.6999999881
38790  31.513  -39.333  -5.487 0.8000000119
39649  31.303  -38.376  -5.517 0.8000000119
34391  31.744  -44.146  -10.412 0.6000000238
38791  30.659  -38.758  -6.261 0.8000000119
38807  29.113  -39.499  -7.935 0.8999999762
114687  32.457  -42.887  -10.930 0.6000000238
35251  31.627  -43.261  -10.462 0.6999999881
37929  28.722  -39.932  -8.570 0.8999999762
37029  30.404  -41.724  -10.397 0.6999999881
37938  28.486  -39.900  -9.250 0.8000000119
37016  29.404  -40.929  -10.342 0.6999999881
108344  28.678  -40.354  -9.961 0.8000000119
39610  33.922  -38.140  -1.665 0.6999999881
39648  31.959  -38.670  -4.851 0.8000000119
39662  29.929  -39.096  -7.128 0.8999999762
36102  31.655  -42.433  -10.414 0.6999999881
107247  28.578  -38.398  -7.890 0.8999999762
37948  29.554  -40.071  -10.162 0.6999999881
37949  28.752  -39.646  -9.807 0.8000000119
39675  28.125  -38.143  -8.788 0.8000000119
38846  29.154  -39.173  -9.816 0.6999999881
38836  28.461  -38.941  -9.322 0.8000000119
38847  28.839  -38.598  -9.389 0.8000000119
39592  33.734  -38.233  -0.883 0.6999999881
40559  33.955  -37.599  -1.304 0.6000000238
39650  30.524  -37.882  -6.201 0.8000000119
39663  29.512  -38.254  -6.844 0.8999999762
115849  27.935  -37.479  -8.287 0.8999999762
37015  30.536  -40.987  -10.257 0.8000000119
39689  28.243  -38.232  -9.040 0.8000000119
40680  27.867  -37.562  -8.819 0.8000000119
37028  31.906  -41.618  -10.188 0.6999999881
39651  29.433  -37.640  -6.720 0.8000000119
37947  31.547  -40.316  -9.788 0.5000000000
38845  30.873  -39.462  -9.530 0.6999999881
39703  30.352  -38.537  -9.427 0.6000000238
39688  29.098  -37.798  -8.989 0.6999999881
40679  28.000  -36.983  -8.845 0.8000000119
40678  29.983  -36.992  -8.646 0.6000000238
40633  28.688  -37.050  -6.958 0.8000000119
41588  28.117  -36.453  -7.443 0.8000000119
40650  27.814  -36.890  -7.790 0.8999999762
113448  32.217  -38.894  -9.723 0.6000000238
40665  27.540  -36.840  -8.517 0.8000000119
41597  27.406  -36.059  -8.307 0.8000000119
41578  29.166  -36.423  -6.779 0.8000000119
41604  27.466  -36.235  -8.704 0.8000000119
39687  31.088  -37.619  -8.943 0.6000000238
42553  27.452  -35.364  -8.709 0.6999999881
42547  27.475  -35.212  -8.305 0.8000000119
41602  30.341  -36.338  -8.655 0.6000000238
41603  28.361  -36.196  -8.916 0.6000000238
116932  28.062  -34.620  -8.940 0.6999999881
41609  31.291  -36.810  -9.043 0.6000000238
118407  30.409  -34.980  -6.366 0.8000000119
120663  28.195  -35.650  -7.541 0.8000000119
43423  29.300  -35.004  -7.220 0.8000000119
128324  32.796  -38.502  -10.524 0.5000000000
43437  28.317  -34.498  -8.232 0.8000000119
111831  27.860  -34.801  -7.982 0.8000000119
39702  32.268  -38.144  -9.692 0.6000000238
117858  27.720  -34.813  -8.502 0.6000000238
40700  32.961  -37.584  -10.863 0.5000000000
40690  32.258  -37.292  -9.728 0.6000000238
42552  29.522  -35.404  -8.707 0.6000000238
41608  32.283  -36.430  -9.858 0.6000000238
118025  31.260  -35.977  -9.036 0.6000000238
42559  31.044  -35.229  -8.970 0.6000000238
43442  29.679  -34.432  -9.003 0.6000000238
43429  30.068  -34.379  -6.893 0.8000000119
44222  30.599  -33.739  -6.484 0.8000000119
121415  30.444  -32.948  -6.805 0.6999999881
44223  29.911  -33.666  -7.371 0.6999999881
110778  32.938  -36.066  -10.825 0.6000000238
43443  28.795  -34.187  -8.508 0.6000000238
44238  29.177  -33.241  -8.380 0.6000000238
44231  29.169  -33.601  -8.284 0.6999999881
44248  29.248  -33.567  -8.650 0.6000000238
42558  32.205  -35.503  -9.944 0.5000000000
111921  31.429  -34.670  -9.507 0.6000000238
112839  30.626  -33.978  -9.328 0.6000000238
43454  32.759  -34.657  -10.642 0.5000000000
124832  30.872  -32.629  -6.454 0.6999999881
120559  29.811  -32.083  -7.421 0.6000000238
45027  29.166  -32.490  -8.303 0.6000000238
45020  29.666  -32.764  -7.659 0.6000000238
45867  28.988  -31.755  -8.176 0.6000000238
45861  29.245  -31.434  -7.802 0.6000000238
44245  32.556  -33.644  -10.460 0.5000000000
44246  31.377  -33.434  -9.733 0.6000000238
117225  31.017  -32.631  -9.590 0.6000000238
44247  30.083  -33.292  -9.120 0.6000000238
45034  29.117  -32.406  -8.322 0.6000000238
118349  29.074  -31.101  -8.286 0.6000000238
45039  32.153  -32.789  -10.227 0.6000000238
44256  33.425  -32.802  -11.224 0.4000000060
45046  32.682  -32.015  -10.657 0.5000000000
45019  30.533  -32.185  -6.736 0.6000000238
46721  29.850  -30.936  -7.465 0.6000000238
45041  29.714  -32.308  -9.021 0.6000000238
45874  29.125  -31.605  -8.434 0.6000000238
46729  29.298  -30.582  -7.928 0.6000000238
45040  30.888  -31.744  -9.710 0.6000000238
45873  29.802  -31.230  -9.310 0.6000000238
124161  31.766  -32.112  -10.079 0.5000000000
45882  31.855  -31.373  -10.431 0.6000000238
45881  32.758  -31.361  -10.666 0.4000000060
111060  29.187  -30.739  -8.713 0.6000000238
46736  29.363  -29.941  -8.562 0.5000000000
47635  30.124  -30.312  -7.546 0.5000000000
46720  30.611  -30.867  -7.002 0.5000000000
45883  30.890  -30.745  -10.230 0.6000000238
46752  31.298  -30.150  -10.547 0.5000000000
108077  31.818  -30.054  -10.576 0.4000000060
47643  30.538  -29.445  -7.770 0.4000000060
46743  29.872  -30.323  -9.640 0.6000000238
47655  29.498  -29.076  -9.377 0.5000000000
46753  30.534  -29.907  -10.315 0.4000000060
47684  30.176  -29.162  -10.391 0.6000000238
47670  29.548  -29.035  -9.914 0.6000000238
109458  29.623  -28.421  -9.505 0.4000000060
47683  31.059  -29.415  -10.609 0.4000000060
108135  30.527  -28.570  -10.663 0.4000000060
49566  29.750  -27.837  -9.439 0.4000000060
48594  29.499  -28.375  -9.943 0.4000000060
47682  31.719  -29.307  -10.467 0.4000000060
48620  29.726  -27.163  -10.339 0.4000000060
49554  32.156  -27.754  -7.503 0.4000000060
49555  30.855  -27.472  -8.212 0.4000000060
50595  29.572  -27.009  -9.680 0.4000000060
49592  31.390  -27.110  -10.664 0.4000000060
49593  30.294  -26.928  -10.633 0.4000000060
110170  29.855  -25.891  -10.685 0.4000000060
50614  29.367  -26.922  -10.044 0.4000000060
115678  31.511  -27.321  -7.815 0.4000000060
50583  31.098  -26.700  -8.171 0.4000000060
50594  30.323  -26.818  -8.890 0.4000000060
50625  30.801  -26.182  -10.863 0.3000000119
50613  29.460  -26.092  -10.174 0.4000000060
116495  29.721  -26.208  -9.622 0.4000000060
51640  31.423  -26.086  -8.161 0.4000000060
51653  30.512  -25.886  -8.967 0.4000000060
29983  26.448  -49.072  -9.734 0.8000000119
30958  26.093  -48.482  -9.193 0.8999999762
29975  25.791  -48.750  -8.996 0.8999999762
29963  25.565  -49.542  -8.810 0.8999999762
30918  29.417  -48.976  -5.673 0.8999999762
31799  30.128  -47.848  -5.035 1.0000000000
28949  26.627  -49.585  -7.606 0.8999999762
29948  28.291  -49.645  -6.477 0.8999999762
30919  28.722  -48.504  -6.068 0.8999999762
29950  26.473  -48.801  -7.535 0.8999999762
29939  27.947  -48.851  -6.486 0.8999999762
30920  27.274  -48.146  -6.642 0.8999999762
30930  26.561  -48.024  -7.304 0.8999999762
31810  27.561  -47.543  -6.486 0.8999999762
48569  29.788  -29.182  -8.444 0.4000000060
130002  29.520  -29.001  -8.953 0.4000000060
48568  30.566  -28.418  -8.225 0.4000000060
47642  31.572  -29.461  -7.298 0.4000000060
25282  25.975  -54.286  -1.858 0.8999999762
25317  27.553  -54.623  -3.606 1.0000000000
116728  23.856  -53.009  -1.209 0.8999999762
127637  27.740  -52.885  -2.504 1.0000000000
28877  27.939  -50.721  -1.571 0.8999999762
27112  29.038  -51.904  -5.459 0.8999999762
26252  27.848  -53.568  -5.956 0.8000000119
116500  27.432  -52.594  -7.337 0.8000000119
28901  29.851  -50.958  -3.474 1.0000000000
27146  27.561  -51.661  -7.482 0.8999999762
28014  26.727  -51.133  -8.197 0.8000000119
29962  25.842  -49.192  -8.203 0.8999999762
30929  27.067  -48.663  -6.919 0.8999999762
29896  26.757  -49.651  -1.334 0.8999999762
128849  26.104  -48.327  -1.369 1.0000000000
120064  23.959  -45.695  -1.967 0.6000000238
34309  22.777  -45.029  -2.938 0.4000000060
109966  29.425  -48.143  -5.595 0.8999999762
129684  26.888  -49.564  -9.935 0.6999999881
121425  26.330  -47.637  -7.987 0.8999999762
28983  29.430  -50.708  -8.790 0.6000000238
30953  26.687  -47.823  -8.624 0.8999999762
32664  26.147  -46.158  -0.967 0.6999999881
29971  30.303  -49.278  -8.512 0.6999999881
30950  30.561  -48.553  -8.354 0.6999999881
32662  27.575  -46.351  -0.406 0.8000000119
126753  28.013  -48.142  -6.328 0.8999999762
32715  27.802  -46.797  -6.386 0.8999999762
32659  29.724  -46.377  -0.534 0.8000000119
32670  31.129  -46.423  -1.856 1.0000000000
128445  27.348  -45.634  -7.194 0.8999999762
33501  31.440  -45.599  -1.695 0.8999999762
32741  31.011  -46.686  -8.334 0.6999999881
129554  26.704  -44.211  -0.532 0.6000000238
122432  31.992  -43.910  -1.117 0.6999999881
35136  26.761  -43.478  -0.568 0.5000000000
35974  27.704  -42.419  -0.480 0.5000000000
116782  30.070  -42.388  -0.187 0.6000000238
36886  29.510  -41.675  -0.126 0.5000000000
35971  31.739  -42.525  -0.557 0.6999999881
36063  31.252  -41.453  -5.854 0.8999999762
36884  31.528  -41.658  -0.263 0.6999999881
39638  32.464  -38.066  -4.486 0.8000000119
38823  28.351  -39.066  -8.724 0.8999999762
39611  33.740  -38.934  -1.232 0.6999999881
38713  33.506  -39.071  -0.293 0.6000000238
119417  28.580  -37.602  -7.379 0.8999999762
43430  29.077  -34.369  -7.774 0.6999999881
124625  31.766  -34.094  -9.910 0.6000000238
124498  29.027  -31.356  -8.287 0.6000000238
116313  31.413  -28.063  -7.774 0.4000000060
49565  30.171  -27.659  -8.890 0.4000000060
50582  32.117  -26.770  -7.692 0.4000000060
51679  29.319  -25.034  -10.722 0.4000000060
30939  26.059  -48.272  -8.183 0.8999999762
17986  20.843  -62.432  -1.591 0.4000000060
17970  19.581  -62.117  -0.825 0.4000000060
123940  18.872  -61.749  -0.500 0.4000000060
18791  21.436  -62.012  -1.955 0.4000000060
114701  20.099  -61.184  -0.843 0.4000000060
19645  19.329  -60.545  -0.538 0.4000000060
19679  22.318  -60.361  -2.756 0.3000000119
19644  20.950  -60.634  -1.047 0.4000000060
20607  22.681  -59.190  -3.605 0.4000000060
21599  22.837  -58.600  -4.269 0.4000000060
21617  22.428  -58.611  -5.206 0.4000000060
117738  22.922  -58.083  -5.707 0.4000000060
20567  20.165  -60.015  -0.653 0.5000000000
122377  19.291  -59.764  -0.532 0.4000000060
20577  22.058  -59.611  -1.563 0.4000000060
20578  21.651  -59.438  -1.132 0.4000000060
128770  22.777  -58.998  -3.010 0.5000000000
21598  23.221  -58.042  -4.059 0.4000000060
21616  23.044  -57.971  -4.850 0.4000000060
22556  23.585  -57.658  -5.344 0.5000000000
22579  24.225  -57.425  -6.721 0.5000000000
23516  24.547  -56.974  -7.504 0.6000000238
23533  23.894  -57.183  -8.094 0.5000000000
23540  23.527  -56.898  -8.713 0.6000000238
24492  23.259  -56.002  -9.284 0.4000000060
115147  20.578  -59.094  -0.667 0.5000000000
110633  19.594  -59.034  -0.669 0.5000000000
20568  18.750  -59.252  -0.714 0.5000000000
120825  18.212  -58.749  -1.108 0.5000000000
21561  22.037  -58.939  -1.251 0.6000000238
20566  21.097  -59.702  -0.870 0.6000000238
21575  22.703  -58.891  -2.353 0.5000000000
22506  22.835  -57.964  -2.282 0.6000000238
21590  23.003  -58.375  -3.251 0.5000000000
22539  23.628  -57.604  -4.435 0.4000000060
22555  24.299  -57.446  -5.891 0.6000000238
23515  24.869  -57.054  -6.469 0.6000000238
23532  25.304  -56.379  -7.015 0.6000000238
24485  24.980  -56.021  -8.068 0.6000000238
25390  24.648  -54.356  -9.017 0.6000000238
23539  24.187  -56.487  -8.557 0.6000000238
24491  24.273  -55.362  -9.083 0.6000000238
25391  23.734  -54.202  -9.635 0.6000000238
21548  20.785  -58.327  -0.599 0.5000000000
124662  20.091  -58.469  -0.737 0.5000000000
21550  18.898  -58.616  -0.977 0.5000000000
21563  17.668  -58.226  -1.500 0.5000000000
21560  22.419  -58.430  -1.581 0.6000000238
21546  22.034  -58.171  -0.922 0.6000000238
115891  23.259  -57.691  -2.870 0.6000000238
22505  23.129  -57.195  -2.248 0.6000000238
22524  24.133  -57.239  -3.873 0.5000000000
23462  23.794  -57.118  -2.958 0.6000000238
22538  24.380  -57.300  -4.876 0.6000000238
24484  25.625  -55.438  -7.364 0.6000000238
26293  24.325  -53.441  -9.490 0.6999999881
22484  20.217  -57.659  -0.807 0.6000000238
22493  19.321  -57.534  -1.188 0.5000000000
22494  17.912  -57.484  -1.721 0.5000000000
22492  22.495  -57.388  -1.343 0.6000000238
22482  21.919  -57.336  -0.668 0.6000000238
127953  20.896  -57.835  -0.558 0.6000000238
115088  18.796  -56.988  -1.517 0.5000000000
23431  17.997  -56.740  -2.041 0.5000000000
23429  23.055  -56.422  -1.532 0.6000000238
23476  24.854  -56.931  -4.144 0.6000000238
26292  25.215  -53.251  -8.874 0.6999999881
23418  21.513  -56.584  -0.580 0.6000000238
23419  20.600  -56.720  -0.799 0.6000000238
23420  19.711  -56.850  -1.130 0.6000000238
23417  22.298  -56.393  -0.771 0.6000000238
24372  20.962  -55.920  -0.771 0.6000000238
122914  19.406  -56.310  -1.450 0.6000000238
24386  18.782  -56.092  -1.950 0.6000000238
23440  17.911  -56.010  -2.519 0.6000000238
122448  22.761  -55.900  -1.013 0.6000000238
23439  23.620  -56.664  -2.259 0.6000000238
24419  17.908  -55.258  -3.023 0.6000000238
27157  24.679  -52.420  -9.613 0.6999999881
24371  21.787  -55.739  -0.511 0.6000000238
24384  20.525  -55.241  -1.204 0.6000000238
24370  22.399  -55.442  -0.694 0.6000000238
25280  21.904  -54.911  -0.521 0.6000000238
24383  21.318  -55.289  -0.750 0.6000000238
25288  19.888  -54.844  -1.835 0.6000000238
24399  18.511  -55.543  -2.529 0.6000000238
25298  19.424  -54.475  -2.581 0.6000000238
24397  23.857  -56.025  -1.933 0.6000000238
23437  25.070  -56.284  -2.803 0.6000000238
28969  25.035  -50.861  -9.526 0.6999999881
28987  25.175  -50.252  -9.822 0.6999999881
24382  23.262  -55.429  -1.235 0.6000000238
25286  21.301  -54.662  -1.012 0.6999999881
25287  20.641  -54.445  -1.635 0.6999999881
24381  24.211  -55.269  -1.721 0.6000000238
29976  25.559  -49.587  -9.531 0.6999999881
25284  23.728  -54.515  -1.276 0.6999999881
25285  22.693  -54.495  -0.801 0.6999999881
26191  21.283  -53.906  -1.520 0.6999999881
25297  20.136  -54.119  -2.300 0.6000000238
26201  21.116  -53.279  -2.236 0.6999999881
27069  21.470  -52.634  -2.401 0.6000000238
26203  19.697  -53.679  -3.001 0.5000000000
29984  25.837  -49.271  -9.767 0.8000000119
26189  23.320  -53.700  -1.073 0.6999999881
26190  22.548  -53.607  -0.959 0.6999999881
27059  21.947  -53.087  -1.496 0.6999999881
27083  20.263  -52.395  -3.715 0.5000000000
27068  22.152  -52.225  -2.267 0.6999999881
114743  21.412  -52.011  -2.935 0.6000000238
126614  31.265  -37.689  -5.538 0.6999999881
38775  32.623  -38.872  -4.331 0.6999999881
118993  31.744  -37.868  -4.937 0.6999999881
40630  31.642  -37.117  -5.270 0.6999999881
40631  30.933  -37.089  -5.840 0.6999999881
40632  30.000  -37.098  -6.481 0.6999999881
39617  33.985  -37.891  -2.426 0.6000000238
40599  33.519  -37.711  -3.696 0.6000000238
40611  33.065  -37.365  -4.255 0.6999999881
40612  32.259  -37.271  -4.735 0.6999999881
40572  34.309  -37.275  -1.935 0.6000000238
41576  31.375  -36.369  -5.618 0.6999999881
42537  29.852  -35.705  -6.647 0.6999999881
40587  34.233  -37.196  -2.588 0.6000000238
40598  33.919  -37.486  -3.115 0.6000000238
41557  34.065  -36.002  -3.787 0.6000000238
41559  32.704  -36.710  -4.629 0.6999999881
41575  32.149  -36.419  -5.092 0.6999999881
42535  31.875  -35.604  -5.482 0.6999999881
42536  30.889  -35.615  -5.906 0.6999999881
41524  34.490  -36.579  -2.492 0.6000000238
109743  34.662  -35.957  -3.071 0.6000000238
41558  33.302  -36.449  -4.297 0.6000000238
42534  32.648  -35.276  -5.089 0.5000000000
116614  32.097  -34.863  -5.513 0.6999999881
43421  31.947  -34.209  -5.749 0.6999999881
44212  31.249  -33.975  -6.049 0.6999999881
48593  33.118  -28.415  -9.306 0.3000000119
119997  32.431  -28.077  -9.808 0.3000000119
115329  31.146  -28.764  -10.666 0.3000000119
17987  20.175  -62.808  -1.271 0.4000000060
17971  18.825  -62.515  -0.493 0.3000000119
17972  18.031  -62.924  -0.061 0.4000000060
17997  21.605  -62.294  -2.704 0.3000000119
18775  18.189  -61.875  -0.303 0.4000000060
18823  22.144  -60.934  -3.592 0.4000000060
119455  18.519  -60.979  -0.440 0.4000000060
20616  22.316  -59.468  -4.493 0.4000000060
21643  22.194  -58.365  -6.053 0.4000000060
22580  23.753  -57.547  -7.349 0.5000000000
23541  22.805  -56.888  -9.135 0.4000000060
20570  17.188  -59.773  -0.975 0.4000000060
25392  23.045  -54.852  -9.725 0.5000000000
20580  16.600  -59.260  -1.456 0.5000000000
26294  23.657  -53.592  -10.044 0.6000000238
21564  16.847  -58.448  -1.666 0.5000000000
22495  17.109  -57.724  -1.912 0.5000000000
22508  16.584  -57.093  -2.414 0.5000000000
26303  24.047  -53.079  -9.977 0.6000000238
23441  17.227  -56.538  -2.495 0.5000000000
112758  16.947  -55.701  -2.956 0.4000000060
28037  24.796  -51.525  -9.867 0.6999999881
25318  18.914  -53.995  -3.291 0.5000000000
29985  25.498  -49.875  -10.085 0.6999999881
26219  19.250  -53.219  -3.712 0.5000000000
29995  25.773  -49.767  -10.228 0.8000000119
28986  26.346  -49.652  -10.201 0.6999999881
27084  19.624  -52.515  -4.208 0.5000000000
27082  20.817  -51.824  -3.702 0.6000000238
109549  34.642  -35.205  -3.550 0.5000000000
43408  34.642  -34.471  -3.977 0.5000000000
43411  33.407  -34.626  -4.818 0.5000000000
115265  33.134  -33.905  -5.212 0.5000000000
44210  32.502  -33.563  -5.642 0.5000000000
44211  32.027  -32.942  -6.112 0.5000000000
49575  34.095  -27.188  -9.268 0.3000000119
49576  33.183  -27.426  -9.526 0.3000000119
119233  31.789  -27.795  -10.426 0.3000000119
24396  24.670  -55.839  -2.251 0.6000000238
23438  24.283  -56.474  -2.569 0.6000000238
27058  23.002  -52.161  -1.971 0.8000000119
28968  25.367  -50.235  -9.101 0.6999999881
39637  33.144  -38.266  -4.021 0.6999999881
44221  31.190  -33.154  -6.271 0.6000000238
48607  31.747  -28.503  -10.419 0.3000000119
29003  26.733  -50.439  -10.280 0.6999999881
19662  20.958  -61.605  -1.306 0.4000000060
19661  22.062  -60.328  -1.944 0.4000000060
18807  22.231  -61.105  -2.986 0.3000000119
20591  22.390  -59.662  -2.166 0.5000000000
19646  18.605  -60.027  -0.481 0.5000000000
22594  23.031  -58.082  -7.221 0.3000000119
129637  22.289  -56.034  -9.598 0.4000000060
20571  16.316  -60.060  -1.071 0.5000000000
27070  20.730  -52.598  -2.984 0.6000000238
41577  30.473  -36.394  -6.203 0.6999999881
41540  33.713  -36.966  -3.711 0.6999999881
42523  32.757  -36.041  -4.793 0.6999999881
41539  34.271  -36.721  -3.120 0.6000000238
42521  34.109  -35.051  -4.219 0.5000000000
42522  33.383  -35.576  -4.515 0.6000000238
127688  32.378  -35.836  -5.139 0.6999999881
43422  31.298  -34.792  -5.830 0.6999999881
43420  32.622  -34.411  -5.342 0.5000000000
128621  31.799  -33.578  -5.992 0.6999999881
42509  34.748  -35.815  -2.402 0.5000000000
130032  34.155  -34.335  -4.456 0.5000000000
44202  33.804  -33.787  -4.850 0.5000000000
45010  33.101  -32.224  -5.649 0.5000000000
29005  25.528  -50.279  -10.295 0.6000000238
29004  26.065  -50.258  -10.439 0.6000000238
28035  28.010  -51.371  -9.531 0.5000000000
28048  26.515  -51.124  -10.439 0.6000000238
28985  27.306  -50.236  -9.939 0.6000000238
121418  30.018  -52.128  -9.054 0.5000000000
28034  29.107  -51.619  -9.054 0.5000000000
28984  28.370  -50.546  -9.215 0.6000000238
115373  21.423  -49.367  -3.957 0.5000000000
115153  30.769  -52.054  -9.295 0.5000000000
28033  30.115  -51.442  -8.924 0.5000000000
28047  31.492  -51.797  -10.017 0.5000000000
30910  20.932  -48.672  -4.704 0.4000000060
112701  21.157  -47.926  -4.752 0.4000000060
28032  30.959  -51.222  -9.306 0.5000000000
28059  31.920  -51.764  -11.122 0.5000000000
108530  31.476  -50.950  -9.875 0.5000000000
31800  21.197  -47.205  -5.279 0.4000000060
29001  32.252  -50.093  -11.095 0.5000000000
28046  31.896  -50.967  -10.632 0.5000000000
32692  21.544  -46.574  -4.637 0.4000000060
35151  25.040  -43.786  -1.466 0.4000000060
35169  24.349  -43.477  -2.170 0.4000000060
114316  23.784  -44.063  -2.389 0.4000000060
35170  23.665  -43.396  -2.838 0.3000000119
129230  28.378  -42.223  -0.392 0.4000000060
36888  27.797  -41.658  -0.501 0.4000000060
35149  26.181  -42.970  -0.851 0.4000000060
35150  25.557  -42.888  -1.294 0.4000000060
35985  25.942  -42.219  -1.020 0.4000000060
35987  24.917  -42.755  -1.942 0.4000000060
36906  25.771  -41.547  -1.222 0.4000000060
36009  24.320  -42.652  -2.693 0.4000000060
108545  26.785  -42.537  -0.642 0.4000000060
126403  27.121  -41.856  -0.628 0.4000000060
36887  28.633  -41.617  -0.324 0.4000000060
37834  26.987  -41.091  -0.707 0.4000000060
36889  26.376  -41.666  -0.834 0.4000000060
118792  25.971  -40.923  -1.036 0.4000000060
37836  25.906  -40.175  -1.064 0.4000000060
122179  25.116  -40.758  -1.963 0.4000000060
36008  24.832  -41.968  -2.492 0.4000000060
36885  30.455  -41.685  -0.100 0.4000000060
37821  28.702  -40.077  -0.283 0.4000000060
37833  28.021  -40.815  -0.465 0.4000000060
114800  27.209  -40.309  -0.617 0.4000000060
36868  30.814  -40.956  0.077 0.4000000060
36869  29.871  -41.008  0.017 0.4000000060
37820  29.432  -40.424  -0.030 0.4000000060
109374  27.882  -40.049  -0.473 0.4000000060
38717  27.355  -39.592  -0.467 0.4000000060
37835  26.490  -40.465  -0.795 0.4000000060
38718  26.579  -39.776  -0.705 0.4000000060
37850  25.433  -40.499  -1.526 0.4000000060
36867  31.811  -40.781  0.138 0.5000000000
37818  31.100  -40.176  0.406 0.5000000000
37819  30.159  -40.321  0.195 0.4000000060
38704  29.513  -39.745  0.035 0.4000000060
38703  30.359  -39.518  0.411 0.4000000060
38705  28.892  -39.175  -0.148 0.4000000060
38716  28.087  -39.377  -0.288 0.4000000060
38702  31.288  -39.300  0.621 0.4000000060
39573  30.476  -38.528  0.607 0.4000000060
115488  29.641  -38.913  0.164 0.4000000060
39575  29.021  -38.363  0.025 0.4000000060
40544  30.863  -37.724  0.662 0.4000000060
116311  30.340  -37.136  0.464 0.4000000060
40545  29.637  -37.378  0.330 0.4000000060
41477  29.727  -36.631  0.194 0.4000000060
38714  33.009  -39.678  0.220 0.5000000000
39571  32.306  -38.134  0.428 0.5000000000
40543  31.625  -37.665  0.518 0.4000000060
120696  30.504  -36.401  0.240 0.4000000060
41488  29.176  -36.084  -0.154 0.3000000119
39572  31.442  -38.390  0.638 0.5000000000
113276  30.182  -37.772  0.526 0.4000000060
39574  29.658  -38.109  0.331 0.4000000060
41478  28.942  -36.951  0.058 0.4000000060
40546  29.142  -37.700  0.151 0.4000000060
39570  32.956  -37.848  0.232 0.5000000000
40542  32.360  -37.200  0.325 0.5000000000
41476  31.237  -36.941  0.430 0.4000000060
124029  31.152  -36.189  0.252 0.4000000060
42444  29.947  -35.872  -0.094 0.3000000119
39593  33.367  -38.076  -0.139 0.5000000000
41475  31.936  -36.314  0.325 0.4000000060
42442  31.493  -35.605  0.165 0.4000000060
42443  30.698  -35.698  -0.028 0.4000000060
42465  30.227  -35.149  -0.347 0.3000000119
42466  29.435  -35.285  -0.378 0.3000000119
40541  33.277  -37.123  0.014 0.5000000000
40560  33.702  -37.437  -0.665 0.4000000060
41486  34.085  -36.830  -1.196 0.5000000000
42441  32.423  -35.566  0.232 0.3000000119
42464  30.989  -35.024  -0.189 0.4000000060
43386  30.543  -34.538  -0.425 0.3000000119
43387  29.762  -34.401  -0.482 0.3000000119
44180  28.995  -33.761  -0.501 0.3000000119
42440  33.218  -35.583  0.066 0.3000000119
125874  33.691  -36.751  -0.508 0.4000000060
41487  33.898  -36.149  -0.670 0.4000000060
120102  34.253  -36.080  -1.251 0.4000000060
41506  34.511  -36.413  -1.856 0.4000000060
43368  31.855  -34.863  0.054 0.3000000119
108102  30.528  -33.749  -0.482 0.3000000119
109304  29.719  -33.545  -0.465 0.3000000119
108734  28.238  -33.022  -0.584 0.3000000119
43367  32.855  -34.714  0.058 0.3000000119
44989  29.235  -32.883  -0.445 0.3000000119
41473  33.447  -36.256  -0.132 0.3000000119
123928  33.695  -35.658  -0.300 0.3000000119
43398  34.550  -34.692  -1.293 0.3000000119
42492  34.541  -35.572  -1.635 0.4000000060
42508  35.005  -35.207  -2.965 0.4000000060
42516  34.967  -34.523  -3.358 0.4000000060
44196  34.912  -33.943  -3.698 0.4000000060
114407  27.873  -32.078  -0.555 0.3000000119
42463  33.669  -34.973  -0.177 0.3000000119
43383  34.152  -34.423  -0.564 0.3000000119
42491  34.882  -34.978  -2.159 0.3000000119
43404  35.110  -34.404  -2.661 0.4000000060
130056  35.183  -33.703  -2.459 0.3000000119
44195  35.150  -33.821  -3.131 0.4000000060
44201  34.551  -33.677  -4.295 0.4000000060
44208  34.134  -33.020  -4.814 0.4000000060
44209  33.339  -33.102  -5.360 0.4000000060
113129  35.259  -33.089  -2.731 0.3000000119
45004  35.454  -32.238  -3.084 0.3000000119
118057  34.669  -32.894  -4.318 0.4000000060
45007  34.539  -32.315  -4.707 0.4000000060
45009  33.853  -32.325  -5.225 0.4000000060
117186  33.463  -30.947  -5.719 0.4000000060
45849  32.816  -31.372  -5.933 0.4000000060
45850  31.862  -31.459  -6.276 0.4000000060
45018  31.366  -32.280  -6.312 0.5000000000
45001  35.417  -32.450  -2.168 0.3000000119
45830  35.431  -31.533  -3.760 0.3000000119
45006  35.112  -32.313  -4.055 0.3000000119
45831  34.965  -31.625  -4.529 0.4000000060
120576  34.737  -31.061  -4.985 0.4000000060
46697  34.696  -30.278  -5.154 0.4000000060
120210  34.081  -30.960  -5.379 0.4000000060
47622  34.303  -29.544  -5.628 0.3000000119
127031  33.343  -30.050  -6.149 0.4000000060
46718  32.315  -30.691  -6.327 0.3000000119
46719  31.432  -30.790  -6.595 0.3000000119
45851  30.954  -31.489  -6.551 0.4000000060
126983  32.260  -29.451  -6.891 0.3000000119
47634  31.070  -30.173  -7.160 0.3000000119
45826  35.678  -31.308  -2.897 0.3000000119
114786  35.653  -30.854  -3.491 0.3000000119
46696  35.317  -30.797  -4.340 0.3000000119
47623  33.571  -29.472  -6.198 0.3000000119
46717  32.777  -29.914  -6.451 0.3000000119
47632  32.855  -29.047  -6.699 0.3000000119
48555  33.545  -28.536  -6.460 0.3000000119
46687  35.691  -30.387  -2.756 0.3000000119
46690  35.700  -30.206  -3.647 0.3000000119
47615  34.996  -29.455  -5.094 0.3000000119
109273  34.769  -28.432  -5.656 0.3000000119
48545  34.177  -28.856  -5.961 0.3000000119
113366  32.857  -28.188  -7.004 0.3000000119
47633  32.100  -28.706  -7.318 0.3000000119
49543  33.560  -27.596  -6.820 0.3000000119
49544  32.803  -27.462  -7.349 0.3000000119
117438  32.741  -26.202  -7.626 0.3000000119
38715  32.100  -39.981  0.455 0.5000000000
28988  24.862  -50.862  -10.038 0.6000000238
28049  25.693  -51.038  -10.482 0.5000000000
27168  27.720  -52.031  -9.891 0.5000000000
27175  27.028  -52.117  -10.541 0.5000000000
27164  31.141  -52.733  -9.813 0.5000000000
27166  29.516  -52.560  -9.368 0.5000000000
27167  28.533  -52.327  -9.534 0.5000000000
27951  22.145  -51.583  -2.996 0.6000000238
27960  21.571  -51.476  -3.472 0.6000000238
28903  21.802  -50.275  -3.692 0.6000000238
116557  21.241  -50.213  -4.287 0.5000000000
28914  20.639  -50.534  -4.906 0.5000000000
29929  20.812  -49.579  -4.744 0.5000000000
129897  20.377  -49.793  -5.380 0.5000000000
30911  20.346  -48.908  -5.528 0.4000000060
30921  20.722  -47.873  -5.676 0.4000000060
32704  21.191  -46.322  -5.821 0.4000000060
34320  22.439  -44.348  -3.997 0.3000000119
35181  23.021  -43.411  -3.779 0.3000000119
36930  25.030  -41.291  -2.194 0.4000000060
39612  25.238  -38.901  -1.264 0.4000000060
111057  26.879  -39.161  -0.463 0.4000000060
39595  28.278  -38.526  -0.148 0.4000000060
39597  26.701  -38.494  -0.526 0.4000000060
40561  28.527  -37.718  -0.075 0.4000000060
108680  28.444  -36.269  -0.314 0.4000000060
107697  28.844  -34.650  -0.485 0.3000000119
44181  28.186  -34.039  -0.612 0.3000000119
27173  31.587  -52.655  -10.663 0.5000000000
33531  21.988  -45.052  -4.740 0.4000000060
37851  24.992  -40.228  -1.989 0.4000000060
38734  25.377  -39.821  -1.479 0.4000000060
39596  27.454  -38.722  -0.311 0.4000000060
128249  27.193  -38.130  -0.427 0.4000000060
33532  21.551  -45.652  -5.365 0.4000000060
45017  32.306  -32.168  -6.012 0.4000000060
45839  33.595  -31.580  -5.504 0.4000000060
28036  27.220  -51.183  -10.164 0.6000000238
27165  30.411  -52.719  -9.415 0.5000000000
35986  25.376  -41.946  -1.707 0.4000000060
36907  25.423  -41.138  -1.598 0.4000000060
115438  26.389  -39.134  -0.653 0.4000000060
39594  33.002  -38.675  0.271 0.5000000000
38701  32.229  -39.051  0.496 0.5000000000
41474  32.863  -36.341  0.224 0.4000000060
42462  34.155  -35.362  -0.782 0.3000000119
44200  35.022  -33.135  -3.634 0.4000000060
44176  34.080  -33.607  -0.545 0.3000000119
45838  34.330  -31.657  -5.107 0.4000000060
46707  33.795  -30.253  -5.770 0.3000000119
46686  35.803  -29.727  -3.124 0.3000000119
117416  35.415  -29.914  -4.434 0.3000000119
47614  35.541  -29.158  -4.437 0.3000000119
50575  33.157  -26.862  -7.413 0.3000000119
38719  25.857  -39.466  -0.936 0.4000000060
24420  17.100  -54.855  -3.575 0.4000000060
25319  17.964  -54.312  -3.591 0.4000000060
25338  17.564  -53.653  -4.526 0.4000000060
26236  18.001  -53.049  -4.995 0.3000000119
26220  18.367  -53.430  -4.021 0.4000000060
127608  19.080  -52.404  -4.947 0.3000000119
26304  23.709  -53.702  -10.407 0.5000000000
27099  20.152  -52.023  -4.251 0.5000000000
27974  19.581  -51.840  -5.151 0.3000000119
26310  24.289  -52.968  -10.312 0.5000000000
27177  24.771  -52.209  -10.290 0.5000000000
27972  21.335  -51.013  -4.099 0.5000000000
27973  20.486  -51.410  -4.628 0.4000000060
28050  24.856  -51.553  -10.155 0.5000000000
26317  24.556  -52.801  -10.473 0.5000000000
121564  25.113  -52.701  -10.701 0.3000000119
28060  25.004  -51.618  -10.311 0.5000000000
27182  25.080  -51.986  -10.427 0.4000000060
26309  25.451  -51.919  -10.564 0.4000000060
126528  25.680  -53.701  -10.936 0.3000000119
26308  26.177  -52.765  -10.752 0.3000000119
26307  27.202  -53.246  -10.703 0.3000000119
26302  29.022  -53.141  -9.818 0.3000000119
119463  27.905  -53.630  -10.785 0.3000000119
27176  26.186  -51.775  -10.632 0.4000000060
129257  19.717  -48.813  -6.176 0.3000000119
26301  29.931  -53.299  -9.682 0.4000000060
27174  27.985  -52.897  -10.218 0.4000000060
115400  20.221  -47.366  -6.297 0.3000000119
36023  24.251  -41.992  -3.235 0.3000000119
36931  24.521  -41.348  -2.815 0.3000000119
37864  24.729  -40.704  -2.414 0.3000000119
37879  24.139  -40.685  -3.045 0.3000000119
39598  25.965  -38.683  -0.786 0.3000000119
123605  24.763  -37.891  -1.418 0.3000000119
39613  24.027  -38.137  -2.089 0.3000000119
40562  27.700  -37.783  -0.325 0.3000000119
40563  26.867  -37.584  -0.547 0.3000000119
40564  26.032  -37.285  -0.637 0.3000000119
40573  25.552  -37.992  -0.906 0.3000000119
41489  28.138  -36.997  -0.292 0.3000000119
41490  27.830  -36.394  -0.450 0.3000000119
41491  26.644  -36.677  -0.592 0.3000000119
108567  27.240  -36.101  -0.560 0.3000000119
42469  26.452  -35.794  -0.664 0.3000000119
42468  27.901  -35.708  -0.483 0.3000000119
107698  27.171  -35.122  -0.596 0.3000000119
31811  20.687  -46.886  -6.199 0.3000000119
127551  24.596  -38.729  -1.741 0.3000000119
114197  27.411  -36.913  -0.498 0.3000000119
27986  20.086  -51.097  -5.514 0.3000000119
28924  20.030  -50.327  -5.737 0.3000000119
29940  19.869  -49.512  -5.952 0.3000000119
19649  16.076  -60.904  -0.613 0.4000000060
19663  15.397  -60.301  -0.991 0.4000000060
114967  15.721  -59.484  -1.443 0.4000000060
21566  14.239  -59.109  -1.674 0.4000000060
21577  14.482  -58.317  -2.185 0.3000000119
113020  15.973  -58.617  -1.722 0.4000000060
21565  15.087  -58.841  -1.676 0.4000000060
21576  15.308  -57.915  -1.982 0.4000000060
22593  23.132  -57.562  -8.187 0.3000000119
22496  16.226  -57.790  -1.972 0.4000000060
22526  15.095  -57.007  -3.355 0.3000000119
23463  16.129  -56.082  -3.401 0.3000000119
22509  15.640  -57.285  -2.532 0.4000000060
24441  15.915  -55.241  -4.885 0.3000000119
23477  15.152  -56.363  -4.868 0.3000000119
25321  16.538  -54.633  -4.495 0.3000000119
23442  16.521  -56.388  -2.803 0.4000000060
24421  16.311  -55.319  -3.807 0.3000000119
20581  14.783  -59.679  -1.269 0.4000000060
25339  16.925  -54.017  -5.137 0.3000000119
19647  17.809  -60.304  -0.548 0.3000000119
25340  16.271  -54.642  -5.847 0.3000000119
17998  21.149  -62.702  -2.228 0.3000000119
18773  20.348  -62.038  -1.150 0.4000000060
18774  19.279  -61.311  -0.589 0.4000000060
18808  21.890  -61.578  -2.501 0.4000000060
19643  21.590  -60.139  -1.334 0.4000000060
19648  16.977  -60.567  -0.649 0.3000000119
19680  21.620  -61.069  -1.734 0.4000000060
19691  22.375  -60.124  -3.597 0.4000000060
20569  17.987  -59.486  -0.783 0.4000000060
20579  17.424  -59.011  -1.321 0.5000000000
20630  21.865  -59.192  -5.203 0.4000000060
21547  21.436  -58.818  -0.832 0.6000000238
21549  19.423  -58.210  -1.002 0.5000000000
21562  18.594  -57.976  -1.329 0.5000000000
22483  21.132  -57.357  -0.584 0.6000000238
22507  17.376  -57.166  -2.135 0.5000000000
22525  23.481  -57.659  -3.568 0.5000000000
23430  20.108  -56.069  -1.125 0.6000000238
23443  15.842  -56.654  -2.975 0.4000000060
23459  25.885  -56.300  -3.737 0.8000000119
23464  15.433  -56.506  -3.862 0.3000000119
23490  26.040  -56.147  -4.923 0.8000000119
23491  25.526  -56.561  -5.274 0.6999999881
23492  25.003  -57.072  -5.579 0.6999999881
24380  25.045  -55.198  -1.977 0.6000000238
24385  19.635  -55.620  -1.576 0.6000000238
24395  25.477  -55.708  -2.459 0.8000000119
24398  19.162  -55.268  -2.201 0.6000000238
24418  25.809  -56.102  -3.058 0.6000000238
24422  15.680  -55.870  -4.261 0.3000000119
24440  26.610  -55.777  -4.475 0.8999999762
24442  15.446  -55.808  -5.143 0.3000000119
24490  25.197  -55.075  -8.387 0.6000000238
25299  18.681  -54.861  -2.903 0.6000000238
25320  17.150  -54.208  -4.163 0.4000000060
25398  22.986  -54.143  -10.434 0.5000000000
26179  21.908  -54.053  -0.803 0.6999999881
26192  20.722  -53.838  -2.084 0.6999999881
26202  20.401  -53.404  -2.684 0.5000000000
26218  19.995  -52.946  -3.373 0.6000000238
26233  28.285  -53.421  -4.538 1.0000000000
26235  18.781  -52.817  -4.494 0.5000000000
26268  28.282  -52.847  -6.161 0.8999999762
26281  26.386  -53.593  -7.821 0.8000000119
27100  18.887  -52.213  -5.648 0.3000000119
27101  18.459  -52.608  -5.374 0.3000000119
27148  25.986  -52.938  -8.343 0.8000000119
27169  24.546  -52.254  -10.075 0.5000000000
28025  25.104  -51.582  -9.458 0.6999999881
28882  23.913  -51.223  -2.324 0.8999999762
28902  22.522  -50.307  -3.274 0.6999999881
29006  24.993  -51.042  -10.273 0.5000000000
29021  25.159  -51.372  -10.381 0.5000000000
29878  28.986  -49.040  -0.932 0.8999999762
29881  26.382  -48.961  -1.295 1.0000000000
29895  27.643  -49.805  -1.279 0.8999999762
30879  25.688  -48.768  -1.605 1.0000000000
30922  19.991  -48.108  -6.193 0.3000000119
30957  31.672  -48.046  -9.642 0.6000000238
31819  26.905  -47.585  -6.813 0.8999999762
33576  30.642  -45.108  -9.057 0.6999999881
37832  29.006  -40.940  -0.170 0.4000000060
42467  28.643  -35.485  -0.401 0.3000000119
43448  29.513  -33.873  -8.959 0.6000000238
45852  30.201  -31.500  -7.168 0.6000000238
46708  33.111  -30.542  -6.082 0.4000000060
46744  29.417  -29.732  -9.292 0.5000000000
47644  29.571  -29.871  -8.034 0.4000000060
47669  29.818  -29.602  -9.912 0.6000000238
48567  31.274  -28.819  -7.696 0.4000000060
48582  29.867  -28.413  -8.921 0.4000000060
48608  30.923  -27.974  -10.827 0.4000000060
48609  30.053  -27.832  -10.697 0.4000000060
48610  29.809  -28.423  -10.367 0.6000000238
49577  29.480  -27.671  -9.908 0.4000000060
49594  29.576  -27.622  -10.187 0.4000000060
50626  29.501  -26.358  -10.236 0.4000000060
50627  29.477  -26.996  -10.150 0.4000000060
112134  31.887  -30.688  -10.584 0.5000000000
112169  26.218  -37.997  -0.656 0.3000000119
112864  30.691  -48.868  -2.980 1.0000000000
113091  23.524  -57.804  -6.384 0.5000000000
116431  31.906  -30.087  -6.737 0.3000000119
116515  26.630  -53.095  -1.801 0.8999999762
116844  32.672  -32.802  -5.783 0.5000000000
117423  21.439  -57.987  -0.640 0.6000000238
117867  28.353  -46.866  -0.221 0.8999999762
118165  30.657  -47.834  -8.226 0.6999999881
118698  26.188  -55.469  -5.991 0.8000000119
119602  29.151  -32.039  -7.885 0.6000000238
119946  22.567  -59.546  -2.915 0.5000000000
120157  29.372  -33.017  -8.601 0.6000000238
121317  25.186  -50.478  -10.165 0.6000000238
121325  22.387  -59.129  -1.731 0.6000000238
122390  22.070  -60.925  -2.378 0.4000000060
122465  31.761  -41.317  -5.234 0.8000000119
124051  30.190  -32.514  -7.160 0.6000000238
126846  31.245  -46.926  -3.326 1.0000000000
127077  32.255  -42.058  -4.288 0.8000000119
127269  22.810  -58.199  -6.471 0.4000000060
127282  22.284  -60.669  -3.245 0.3000000119
127520  24.890  -53.804  -8.939 0.6999999881
128012  30.735  -34.360  -6.225 0.8000000119
128152  32.621  -41.940  -3.411 0.8000000119
128226  22.498  -52.576  -1.714 0.6999999881
128509  33.389  -39.726  -0.255 0.5000000000
129368  29.609  -51.041  -2.818 1.0000000000
129556  34.649  -29.008  -5.490 0.3000000119
129592  25.246  -50.786  -10.323 0.6000000238
