#!ascii label  , from subject freesurfer vox2ras=TkReg
660
18849  24.561  -62.107  -5.715 0.6000000238
118578  15.675  -62.804  -6.336 0.6999999881
107918  17.049  -63.808  -6.506 0.6999999881
127787  21.122  -64.958  -5.179 0.8999999762
16323  22.331  -63.861  -5.893 0.8000000119
17217  23.157  -64.013  -5.847 0.8000000119
18864  24.360  -61.399  -6.322 0.6000000238
19714  25.486  -60.537  -5.782 0.6999999881
18053  15.963  -62.339  -5.896 0.6999999881
119431  15.399  -62.394  -5.170 0.6999999881
120005  16.917  -63.045  -6.681 0.6999999881
17245  17.615  -63.219  -6.807 0.6000000238
16327  18.018  -64.139  -6.389 0.6999999881
16326  18.945  -64.082  -6.344 0.6999999881
121213  20.357  -63.565  -6.317 0.8000000119
16324  21.356  -63.701  -5.947 0.8000000119
17240  22.742  -63.289  -6.363 0.8000000119
18066  23.158  -62.657  -6.531 0.6000000238
19726  24.672  -60.627  -6.613 0.6999999881
19713  26.397  -60.381  -5.367 0.6999999881
18032  16.371  -62.430  -5.315 0.5000000000
18012  15.980  -62.769  -4.585 0.6000000238
18052  16.871  -62.331  -6.032 0.4000000060
18070  16.540  -62.690  -6.401 0.6000000238
18069  17.351  -62.607  -6.706 0.5000000000
17265  18.873  -62.864  -7.330 0.6000000238
17243  19.369  -63.491  -6.746 0.8000000119
17242  21.002  -63.039  -6.606 0.6999999881
18068  21.536  -62.574  -6.941 0.6999999881
18876  22.645  -61.467  -7.436 0.6999999881
127043  24.132  -60.655  -7.134 0.5000000000
19735  24.961  -59.854  -7.114 0.6000000238
20646  25.532  -59.426  -6.756 0.6000000238
20629  25.808  -59.724  -5.935 0.6000000238
20628  26.561  -59.444  -5.650 0.5000000000
18011  16.985  -62.985  -4.680 0.5000000000
17180  16.620  -63.633  -4.095 0.6000000238
16273  16.244  -64.338  -3.674 0.6000000238
18080  19.272  -62.242  -7.605 0.6000000238
18878  20.624  -61.610  -7.926 0.6000000238
120964  22.203  -61.852  -7.332 0.6000000238
19737  22.893  -60.934  -7.757 0.5000000000
19736  23.622  -60.635  -7.536 0.5000000000
123506  24.281  -60.200  -7.387 0.6000000238
20660  25.243  -59.171  -7.481 0.6000000238
21641  26.469  -58.373  -6.695 0.5000000000
21614  27.589  -58.623  -5.746 0.5000000000
21615  26.802  -58.684  -5.899 0.5000000000
17179  17.535  -63.740  -4.018 0.5000000000
16272  17.179  -64.429  -3.604 0.5000000000
18867  17.615  -62.198  -6.527 0.4000000060
18866  18.302  -61.510  -6.754 0.3000000119
18881  18.077  -61.811  -7.011 0.4000000060
126566  18.766  -60.883  -7.966 0.3000000119
19738  18.751  -60.770  -7.359 0.3000000119
18879  19.511  -61.524  -8.051 0.5000000000
18889  20.049  -61.024  -8.520 0.5000000000
18888  21.159  -60.926  -8.265 0.5000000000
116924  22.574  -60.608  -8.234 0.5000000000
19749  23.163  -60.310  -8.222 0.5000000000
19748  23.838  -59.911  -8.046 0.6000000238
20661  24.545  -59.521  -7.760 0.6000000238
21642  25.833  -58.761  -7.114 0.5000000000
21640  27.171  -58.060  -6.255 0.5000000000
17197  17.948  -63.070  -4.500 0.5000000000
18031  18.442  -62.454  -4.898 0.5000000000
18838  18.190  -61.999  -5.600 0.4000000060
18853  17.736  -61.936  -6.134 0.5000000000
125695  18.697  -60.913  -6.714 0.4000000060
20650  18.904  -60.148  -7.605 0.3000000119
19753  19.056  -60.255  -8.451 0.3000000119
19751  20.341  -60.383  -8.930 0.4000000060
19750  21.963  -60.515  -8.576 0.5000000000
20679  22.627  -60.079  -8.816 0.4000000060
21661  25.568  -58.564  -7.848 0.5000000000
21675  25.866  -57.949  -8.207 0.5000000000
22576  28.653  -57.703  -6.579 0.5000000000
22577  27.742  -57.641  -6.744 0.4000000060
22578  26.858  -57.684  -6.988 0.5000000000
17178  18.471  -63.838  -3.792 0.5000000000
17196  18.921  -63.195  -4.227 0.5000000000
18030  19.361  -62.562  -4.591 0.5000000000
18837  18.947  -61.904  -5.273 0.4000000060
19717  19.176  -60.714  -6.278 0.4000000060
19728  18.971  -60.362  -6.969 0.3000000119
20664  18.839  -60.194  -8.004 0.3000000119
19761  19.843  -59.743  -9.350 0.4000000060
19760  20.663  -59.753  -9.401 0.4000000060
110634  21.891  -59.108  -10.053 0.4000000060
129956  21.202  -60.263  -8.859 0.4000000060
20694  22.657  -59.464  -9.539 0.4000000060
20693  23.276  -59.102  -9.615 0.5000000000
20692  23.881  -58.938  -9.288 0.5000000000
20677  24.180  -59.251  -8.506 0.6000000238
21660  26.201  -58.147  -7.488 0.5000000000
17195  19.909  -63.383  -4.055 0.4000000060
18836  19.997  -61.985  -4.887 0.4000000060
125717  20.196  -62.735  -4.341 0.4000000060
19716  20.098  -60.495  -5.721 0.4000000060
19727  19.607  -60.037  -6.494 0.4000000060
20663  19.116  -59.702  -8.077 0.4000000060
20680  19.453  -59.275  -8.851 0.4000000060
19762  19.365  -59.727  -8.944 0.4000000060
20696  20.087  -59.203  -9.951 0.4000000060
20707  21.260  -58.652  -10.289 0.4000000060
107813  22.767  -58.777  -10.203 0.5000000000
21686  23.601  -58.594  -10.028 0.5000000000
21685  24.289  -58.351  -9.708 0.6000000238
22602  25.506  -57.816  -8.836 0.5000000000
22607  25.455  -57.341  -9.573 0.4000000060
22601  26.093  -57.325  -8.753 0.4000000060
17176  20.712  -63.063  -3.649 0.4000000060
18835  20.960  -61.689  -4.700 0.4000000060
18029  20.838  -62.399  -4.261 0.4000000060
18850  20.343  -61.256  -5.220 0.4000000060
20662  19.595  -59.442  -7.696 0.4000000060
21688  19.831  -58.766  -9.534 0.4000000060
21695  20.754  -58.231  -10.214 0.4000000060
20706  22.023  -58.564  -10.449 0.4000000060
21693  23.277  -58.170  -10.611 0.5000000000
21692  24.008  -58.026  -10.492 0.4000000060
22608  24.681  -57.714  -10.091 0.6000000238
18028  21.411  -61.957  -3.995 0.4000000060
19702  21.156  -60.773  -5.001 0.4000000060
20632  20.414  -59.673  -6.031 0.4000000060
21645  20.817  -58.907  -6.935 0.4000000060
124756  20.776  -58.645  -8.421 0.4000000060
21678  20.680  -58.330  -9.182 0.5000000000
118608  20.171  -58.453  -9.519 0.4000000060
120070  20.669  -57.875  -10.025 0.3000000119
22628  21.457  -57.647  -10.476 0.3000000119
21699  21.728  -58.035  -10.621 0.4000000060
22617  23.580  -57.521  -11.001 0.4000000060
22616  24.367  -57.368  -10.896 0.4000000060
17164  21.251  -62.845  -2.924 0.4000000060
20631  21.176  -59.344  -5.595 0.4000000060
20647  20.865  -58.988  -6.209 0.4000000060
21663  21.371  -58.590  -7.568 0.3000000119
22603  21.491  -58.224  -8.561 0.3000000119
22610  20.607  -58.020  -9.804 0.3000000119
23556  21.598  -56.537  -10.216 0.3000000119
23567  22.253  -56.738  -10.939 0.3000000119
22624  23.796  -56.696  -11.442 0.4000000060
23555  24.774  -56.652  -11.138 0.4000000060
19701  21.930  -60.439  -4.319 0.3000000119
20617  21.610  -59.884  -5.018 0.3000000119
21618  21.598  -58.741  -5.786 0.3000000119
21644  21.474  -58.616  -6.512 0.3000000119
22595  22.299  -58.170  -7.875 0.3000000119
22609  21.352  -57.561  -9.483 0.4000000060
23542  21.958  -56.704  -9.578 0.4000000060
23548  21.603  -56.492  -9.963 0.3000000119
24500  21.843  -55.530  -10.378 0.3000000119
120688  22.376  -56.077  -11.353 0.3000000119
115673  23.535  -55.767  -11.612 0.4000000060
23565  24.352  -56.013  -11.464 0.4000000060
23564  25.239  -55.976  -11.304 0.4000000060
109117  22.182  -57.572  -8.819 0.4000000060
24493  22.242  -55.250  -9.875 0.4000000060
24494  21.948  -54.927  -10.461 0.4000000060
24499  21.818  -54.738  -10.997 0.3000000119
24510  22.793  -54.830  -11.676 0.4000000060
25413  24.051  -54.321  -10.921 0.4000000060
24509  23.763  -55.277  -11.535 0.4000000060
24508  24.584  -55.158  -11.346 0.4000000060
125459  22.352  -54.638  -10.318 0.4000000060
25403  22.766  -54.122  -10.984 0.5000000000
26311  23.779  -53.722  -10.545 0.4000000060
111687  24.661  -53.553  -10.780 0.4000000060
25411  26.409  -54.769  -11.321 0.3000000119
18051  23.910  -62.694  -5.967 0.6999999881
16298  20.701  -64.398  -5.600 0.8000000119
18065  23.689  -61.892  -6.556 0.6000000238
18067  22.308  -62.527  -6.843 0.6999999881
18865  22.835  -61.951  -6.976 0.6999999881
18081  18.436  -62.107  -7.362 0.4000000060
17264  19.933  -62.855  -7.130 0.6999999881
18079  21.134  -62.127  -7.399 0.6999999881
18875  23.250  -61.337  -7.222 0.6999999881
125465  17.460  -62.413  -5.374 0.5000000000
18877  21.560  -61.678  -7.662 0.5000000000
18890  19.331  -60.829  -8.432 0.4000000060
20678  23.406  -59.628  -8.903 0.6000000238
21676  25.258  -58.351  -8.538 0.5000000000
21677  24.567  -58.625  -8.894 0.6000000238
21679  19.837  -58.708  -8.902 0.3000000119
22618  22.966  -57.659  -10.914 0.4000000060
18824  21.879  -61.718  -3.327 0.4000000060
24512  21.889  -55.789  -10.846 0.3000000119
24511  22.165  -55.084  -11.440 0.3000000119
25415  22.215  -54.359  -11.293 0.3000000119
25412  25.192  -54.477  -11.125 0.3000000119
13673  22.344  -67.250  -8.599 0.6000000238
13690  23.048  -67.096  -9.170 0.6000000238
127659  25.098  -65.671  -10.929 0.6000000238
15462  25.749  -64.973  -11.048 0.6000000238
14532  20.569  -66.791  -9.842 0.5000000000
13674  21.459  -67.296  -8.565 0.6000000238
111093  21.010  -67.452  -7.043 0.6999999881
13650  21.824  -67.399  -7.652 0.6999999881
13691  21.779  -67.097  -9.145 0.6000000238
13672  23.303  -67.332  -8.359 0.6000000238
13689  23.888  -67.165  -8.991 0.6000000238
13688  24.759  -67.052  -8.903 0.6000000238
14527  25.215  -66.549  -9.626 0.6000000238
14556  25.675  -65.725  -10.274 0.6000000238
15440  26.331  -65.285  -9.614 0.6000000238
16381  26.841  -64.601  -9.785 0.6999999881
13676  19.121  -67.416  -8.245 0.6000000238
13631  19.549  -67.342  -6.612 0.6999999881
13693  19.801  -67.050  -8.943 0.5000000000
13651  20.203  -67.535  -7.246 0.6999999881
112526  20.874  -67.487  -7.890 0.6999999881
13628  22.590  -67.281  -7.065 0.6999999881
13649  22.722  -67.365  -7.804 0.6999999881
13647  24.509  -67.285  -7.452 0.5000000000
115166  25.830  -66.134  -9.434 0.6000000238
116441  26.655  -65.294  -8.040 0.6000000238
15429  26.644  -64.914  -8.896 0.6999999881
127259  27.024  -64.720  -8.331 0.6999999881
16369  27.310  -64.502  -9.086 0.6999999881
16368  28.315  -64.542  -8.817 0.6999999881
15457  33.917  -65.202  -11.624 0.4000000060
15424  33.112  -65.576  -8.734 0.5000000000
15408  31.157  -65.582  -7.990 0.6000000238
129337  30.570  -65.184  -7.704 0.6000000238
16367  29.077  -64.757  -8.227 0.6999999881
13680  15.269  -67.006  -8.184 0.5000000000
117605  16.994  -67.649  -7.545 0.5000000000
127122  17.266  -67.146  -6.559 0.6000000238
13654  17.555  -67.665  -7.887 0.5000000000
14475  18.916  -67.064  -6.070 0.6999999881
13632  18.635  -67.394  -6.770 0.5000000000
13653  18.403  -67.559  -7.616 0.6000000238
14474  19.813  -66.951  -6.042 0.6999999881
124687  21.036  -67.179  -6.456 0.6999999881
14472  21.463  -66.908  -6.080 0.6999999881
115247  24.035  -67.219  -6.930 0.6999999881
14511  25.696  -66.668  -8.005 0.6000000238
14510  26.180  -66.030  -7.687 0.6000000238
15410  27.133  -64.863  -7.548 0.6999999881
16354  27.650  -64.535  -8.147 0.6999999881
16353  28.450  -64.506  -7.768 0.6999999881
15409  29.849  -65.005  -7.889 0.6000000238
16352  29.311  -64.435  -7.246 0.6000000238
116529  13.423  -65.424  -6.671 0.5000000000
14495  13.587  -66.317  -7.825 0.4000000060
14478  14.973  -66.467  -6.922 0.5000000000
14479  13.924  -66.221  -7.158 0.5000000000
13635  15.918  -67.075  -7.045 0.5000000000
119988  16.615  -66.130  -6.234 0.6000000238
14477  16.641  -66.826  -6.559 0.6000000238
15372  19.139  -65.453  -5.612 0.6999999881
14456  18.297  -66.517  -5.836 0.6000000238
14455  19.234  -66.385  -5.665 0.6999999881
14453  21.054  -66.352  -5.677 0.6999999881
13627  23.291  -67.053  -6.765 0.6999999881
13625  24.650  -66.995  -6.885 0.6999999881
13646  25.232  -66.972  -7.426 0.6999999881
14468  26.075  -66.006  -6.937 0.6999999881
15411  26.628  -65.473  -7.185 0.6999999881
15385  27.119  -64.913  -6.689 0.8000000119
16320  28.525  -64.216  -6.834 0.6999999881
16349  32.258  -64.825  -6.972 0.5000000000
16351  30.276  -64.632  -7.110 0.6000000238
125401  29.159  -63.959  -6.500 0.6000000238
16331  12.131  -64.329  -6.150 0.4000000060
125634  14.759  -64.938  -6.125 0.6000000238
15389  15.287  -65.582  -6.293 0.6000000238
15388  16.138  -65.453  -6.227 0.6000000238
15375  16.954  -65.542  -5.945 0.6000000238
15373  18.516  -65.726  -5.624 0.6000000238
121736  19.768  -65.581  -5.565 0.6999999881
14454  20.194  -66.360  -5.687 0.6999999881
15370  22.311  -65.654  -5.595 0.6999999881
14451  22.707  -66.328  -5.962 0.6999999881
110659  23.009  -65.737  -5.827 0.8000000119
14450  23.458  -66.213  -6.084 0.8000000119
15368  25.391  -65.409  -5.795 0.6000000238
15386  26.467  -65.391  -6.455 0.6000000238
124703  27.726  -63.678  -5.699 0.8000000119
17238  28.506  -63.685  -6.029 0.6999999881
16348  33.150  -64.517  -7.106 0.5000000000
16317  31.706  -64.247  -6.445 0.6000000238
17237  29.464  -63.540  -5.959 0.6999999881
109732  13.695  -63.242  -5.540 0.5000000000
17220  12.433  -63.443  -5.025 0.4000000060
16283  11.898  -63.818  -4.501 0.4000000060
116948  14.521  -63.454  -6.223 0.5000000000
16330  12.986  -64.423  -6.147 0.5000000000
16329  15.528  -64.506  -6.335 0.6000000238
16328  16.504  -64.649  -6.218 0.6000000238
16302  17.344  -64.848  -5.921 0.6000000238
16299  19.390  -64.740  -5.831 0.6999999881
15371  21.468  -65.596  -5.410 0.8000000119
16296  22.851  -64.828  -5.678 0.8000000119
16294  24.267  -64.888  -5.627 0.6000000238
111315  25.592  -64.757  -5.470 0.6000000238
16292  26.372  -64.415  -5.452 0.6999999881
16291  27.116  -64.039  -5.572 0.6999999881
17212  28.893  -63.015  -5.623 0.6999999881
16318  30.835  -64.214  -6.364 0.6000000238
17211  29.802  -62.939  -5.597 0.6000000238
121733  30.012  -62.301  -5.406 0.6000000238
18045  30.714  -62.751  -5.522 0.6000000238
17198  14.526  -62.680  -4.890 0.5000000000
17219  13.276  -63.192  -5.132 0.5000000000
16276  12.521  -63.774  -4.100 0.5000000000
15355  12.882  -64.575  -4.143 0.5000000000
18055  14.766  -62.655  -5.569 0.5000000000
17248  14.297  -63.047  -5.886 0.5000000000
17246  16.162  -63.449  -6.596 0.6000000238
16295  23.587  -64.696  -5.690 0.6999999881
17215  24.473  -63.436  -5.484 0.6000000238
126707  25.597  -63.832  -5.134 0.6000000238
111493  26.058  -63.088  -4.895 0.6000000238
18048  27.492  -62.586  -4.959 0.6999999881
18027  26.863  -62.032  -4.738 0.6000000238
18047  28.353  -62.410  -5.242 0.6000000238
16316  32.517  -63.963  -6.529 0.5000000000
121103  31.172  -62.134  -5.473 0.4000000060
123648  14.359  -63.082  -4.424 0.5000000000
118224  14.429  -64.025  -3.720 0.5000000000
110802  14.344  -64.548  -3.797 0.5000000000
14437  14.213  -65.993  -4.281 0.5000000000
14442  14.678  -66.987  -4.310 0.5000000000
13609  14.767  -67.896  -4.383 0.5000000000
18848  25.419  -62.019  -5.263 0.6000000238
18049  26.106  -62.402  -4.868 0.6000000238
115210  27.110  -61.120  -4.914 0.4000000060
113995  28.706  -61.649  -5.145 0.5000000000
18846  29.697  -61.568  -5.271 0.4000000060
18845  30.539  -61.888  -5.362 0.4000000060
17181  15.658  -63.490  -4.020 0.6000000238
16274  15.016  -64.713  -3.559 0.5000000000
15353  14.812  -65.395  -3.771 0.5000000000
113074  15.014  -66.279  -3.965 0.5000000000
13608  15.264  -67.596  -4.034 0.5000000000
12789  15.309  -68.271  -3.942 0.5000000000
12784  15.185  -69.123  -3.741 0.4000000060
110943  14.704  -70.440  -3.030 0.5000000000
11182  14.360  -70.886  -2.538 0.4000000060
10393  13.705  -71.167  -2.305 0.4000000060
10394  12.902  -71.428  -2.610 0.4000000060
19712  27.444  -60.113  -5.284 0.4000000060
117731  29.049  -60.863  -5.175 0.4000000060
118669  30.400  -61.204  -5.335 0.4000000060
15346  15.865  -64.947  -3.515 0.5000000000
15345  16.345  -65.841  -3.363 0.4000000060
14436  15.581  -67.009  -3.704 0.4000000060
13604  15.659  -67.783  -3.538 0.5000000000
13598  16.058  -68.074  -2.057 0.4000000060
12000  15.290  -69.535  -2.403 0.5000000000
13591  15.493  -68.311  -1.272 0.4000000060
12742  14.799  -68.342  -0.786 0.5000000000
11986  15.132  -69.529  -1.851 0.5000000000
116165  14.035  -68.247  -0.666 0.3000000119
11974  13.138  -69.379  -0.964 0.3000000119
128113  12.565  -68.835  -0.820 0.3000000119
20627  28.034  -59.387  -5.474 0.4000000060
16261  16.941  -65.240  -3.332 0.5000000000
15344  17.068  -66.161  -2.888 0.5000000000
14429  16.828  -66.790  -2.408 0.4000000060
16271  18.003  -64.422  -3.388 0.4000000060
114609  17.678  -64.998  -3.089 0.4000000060
15343  17.602  -65.546  -2.490 0.4000000060
15333  17.242  -66.106  -1.020 0.4000000060
126943  18.183  -64.796  -2.739 0.4000000060
16260  17.940  -65.064  -2.045 0.4000000060
15332  17.642  -65.469  -1.273 0.4000000060
16259  18.433  -64.734  -1.788 0.4000000060
16249  17.557  -65.012  -0.545 0.4000000060
129076  17.278  -65.452  -0.563 0.4000000060
129369  16.218  -65.253  0.009 0.4000000060
17177  19.456  -63.954  -3.520 0.3000000119
16233  17.861  -64.475  -0.324 0.4000000060
16234  16.993  -64.832  -0.027 0.4000000060
17136  16.433  -63.956  0.191 0.4000000060
17166  19.810  -64.193  -2.533 0.4000000060
17137  15.354  -63.729  0.270 0.4000000060
17974  15.266  -62.767  0.063 0.4000000060
17149  20.586  -63.147  -1.884 0.3000000119
17150  19.927  -63.706  -1.537 0.4000000060
17133  19.475  -63.136  -0.868 0.4000000060
126543  18.816  -63.310  -0.478 0.4000000060
127802  16.683  -63.439  0.128 0.4000000060
114220  16.074  -63.182  0.095 0.4000000060
17973  16.823  -62.796  0.033 0.3000000119
18050  25.259  -62.818  -5.195 0.6000000238
17247  15.260  -63.422  -6.464 0.5000000000
119689  26.061  -61.401  -5.096 0.6000000238
19711  28.497  -60.156  -5.243 0.4000000060
14557  24.771  -66.276  -10.396 0.6000000238
112704  27.810  -64.505  -7.226 0.6999999881
15423  33.897  -65.237  -9.061 0.5000000000
16366  33.567  -64.907  -8.011 0.5000000000
119315  31.711  -65.735  -8.417 0.5000000000
15406  32.736  -65.207  -7.762 0.4000000060
16350  31.262  -64.901  -7.144 0.6000000238
13657  15.272  -66.909  -7.594 0.5000000000
14449  24.231  -66.104  -6.117 0.6999999881
16319  29.911  -64.068  -6.443 0.6000000238
14457  17.353  -66.475  -6.090 0.6000000238
15387  25.782  -65.759  -6.336 0.6999999881
16322  26.862  -64.778  -5.960 0.8000000119
17249  12.841  -63.569  -5.503 0.4000000060
15369  24.591  -65.496  -5.801 0.6000000238
15367  26.152  -65.179  -5.800 0.6000000238
121211  28.040  -63.126  -5.445 0.6999999881
16347  34.022  -64.207  -7.416 0.5000000000
17236  30.370  -63.561  -5.855 0.6000000238
119261  24.815  -64.387  -5.407 0.6999999881
17214  26.532  -63.586  -5.110 0.6999999881
18046  29.239  -62.313  -5.392 0.6000000238
17235  31.350  -63.562  -5.901 0.6000000238
17210  31.620  -62.710  -5.707 0.6000000238
17182  13.885  -63.489  -4.090 0.5000000000
16275  13.470  -63.980  -3.854 0.5000000000
14438  13.234  -65.631  -4.429 0.4000000060
18847  27.766  -61.783  -4.912 0.6000000238
10406  13.576  -71.465  -3.172 0.3000000119
109088  28.108  -60.952  -5.022 0.5000000000
119214  29.886  -60.712  -5.298 0.4000000060
126223  15.793  -68.535  -2.587 0.5000000000
11987  14.497  -69.745  -1.546 0.4000000060
11168  12.490  -70.637  -1.483 0.4000000060
16247  19.226  -64.332  -1.638 0.4000000060
16248  18.587  -64.358  -0.848 0.4000000060
8040  36.020  -74.054  -17.053 0.3000000119
8039  36.699  -73.507  -17.352 0.3000000119
13709  31.579  -67.557  -11.282 0.4000000060
112283  34.064  -67.801  -11.506 0.4000000060
12079  33.551  -69.167  -10.542 0.4000000060
120907  34.301  -69.316  -10.745 0.4000000060
13726  31.822  -66.909  -12.542 0.4000000060
13727  31.295  -66.773  -11.706 0.4000000060
14553  30.390  -66.520  -11.509 0.4000000060
14580  30.311  -65.512  -11.578 0.5000000000
15484  29.347  -65.458  -12.155 0.5000000000
16409  29.239  -64.637  -12.093 0.5000000000
13724  33.443  -67.476  -13.035 0.4000000060
13708  32.301  -67.554  -12.198 0.5000000000
13710  30.742  -67.361  -11.069 0.5000000000
16431  29.458  -64.574  -14.089 0.5000000000
13723  34.769  -67.441  -11.701 0.5000000000
13707  32.987  -67.810  -12.335 0.5000000000
12851  34.855  -67.952  -10.907 0.4000000060
12870  35.704  -68.283  -10.983 0.4000000060
12102  34.722  -70.026  -11.249 0.4000000060
12101  35.471  -69.811  -11.443 0.4000000060
109513  35.831  -70.633  -12.317 0.3000000119
10525  36.427  -71.544  -13.931 0.4000000060
15458  33.312  -65.732  -12.719 0.4000000060
14551  31.777  -65.889  -11.971 0.4000000060
14552  31.302  -65.702  -11.275 0.4000000060
15481  33.805  -66.362  -13.481 0.4000000060
14577  32.885  -66.606  -13.336 0.4000000060
14578  32.042  -66.433  -12.836 0.4000000060
15482  30.750  -65.680  -11.343 0.4000000060
15483  29.780  -65.245  -11.685 0.5000000000
14602  33.976  -66.780  -13.701 0.4000000060
13725  32.593  -67.141  -13.128 0.4000000060
15460  30.422  -65.226  -10.818 0.5000000000
15461  29.858  -64.886  -10.834 0.5000000000
16410  28.407  -63.775  -11.926 0.6000000238
16393  27.897  -64.116  -10.931 0.6000000238
17305  27.660  -63.446  -12.219 0.6000000238
120269  27.997  -64.406  -9.605 0.6000000238
16411  26.880  -63.965  -11.439 0.5000000000
125686  35.963  -69.256  -11.323 0.4000000060
16395  26.441  -64.626  -10.517 0.5000000000
11295  36.110  -70.037  -11.920 0.4000000060
11315  36.481  -70.499  -12.612 0.4000000060
10511  35.981  -71.177  -12.950 0.4000000060
14524  31.908  -65.791  -10.507 0.4000000060
14525  31.303  -65.713  -10.064 0.5000000000
15438  30.611  -65.450  -9.771 0.5000000000
110950  29.080  -64.519  -10.525 0.5000000000
15427  30.395  -65.445  -8.553 0.5000000000
16379  28.304  -64.318  -10.336 0.6000000238
15428  29.667  -65.101  -8.580 0.6000000238
110684  29.188  -64.798  -9.066 0.6000000238
8015  35.352  -74.712  -16.341 0.3000000119
8038  37.432  -73.645  -16.933 0.3000000119
11362  38.655  -71.095  -16.158 0.3000000119
15480  34.116  -65.618  -13.028 0.4000000060
15437  33.269  -65.585  -11.216 0.4000000060
14523  32.535  -65.757  -10.949 0.4000000060
14508  32.565  -65.876  -9.523 0.4000000060
15426  31.188  -65.769  -8.937 0.5000000000
14509  31.874  -65.917  -9.240 0.4000000060
16394  27.141  -64.224  -10.676 0.6000000238
14579  31.505  -66.161  -11.956 0.4000000060
17304  28.404  -63.502  -12.856 0.5000000000
11351  38.172  -70.731  -15.598 0.3000000119
14550  32.248  -65.863  -12.655 0.4000000060
15459  30.856  -65.428  -10.791 0.5000000000
121593  30.091  -65.073  -10.122 0.5000000000
16378  29.492  -64.796  -9.891 0.6000000238
22625  22.900  -56.925  -11.331 0.3000000119
8837  38.110  -73.409  -16.156 0.3000000119
10379  12.949  -71.051  -1.976 0.4000000060
10392  14.047  -71.245  -2.786 0.3000000119
11167  13.340  -70.632  -1.610 0.4000000060
11183  14.149  -70.555  -1.817 0.4000000060
11975  12.274  -69.591  -0.776 0.3000000119
11988  13.702  -69.975  -1.298 0.3000000119
11989  12.822  -70.148  -1.098 0.4000000060
12001  14.809  -70.116  -2.301 0.5000000000
12008  15.534  -69.119  -2.858 0.5000000000
12009  15.112  -69.775  -3.093 0.5000000000
12078  35.046  -68.997  -10.891 0.4000000060
12122  36.799  -69.957  -12.336 0.4000000060
12759  15.048  -69.079  -1.299 0.4000000060
12760  14.137  -69.106  -0.967 0.3000000119
12774  15.971  -67.953  -2.909 0.5000000000
12775  15.624  -68.986  -1.951 0.5000000000
12783  15.621  -68.475  -3.290 0.5000000000
12852  34.010  -68.363  -10.878 0.4000000060
13603  16.033  -67.408  -3.211 0.5000000000
13626  23.945  -66.760  -6.507 0.6999999881
13629  21.722  -67.272  -6.686 0.6999999881
13630  20.375  -67.283  -6.532 0.6999999881
13633  17.626  -67.540  -7.069 0.5000000000
13634  16.756  -67.422  -6.979 0.5000000000
13648  23.546  -67.344  -7.460 0.6999999881
13652  19.332  -67.511  -7.412 0.6000000238
13655  16.350  -67.456  -7.621 0.5000000000
13656  15.738  -67.223  -7.765 0.5000000000
13670  25.097  -67.207  -8.118 0.6000000238
13671  24.247  -67.366  -8.192 0.5000000000
13675  20.023  -67.501  -8.079 0.6000000238
13678  17.506  -67.448  -8.484 0.5000000000
13692  20.668  -67.211  -8.758 0.6000000238
13728  30.904  -66.206  -11.614 0.4000000060
13742  33.354  -67.068  -13.465 0.4000000060
14435  16.385  -66.762  -3.160 0.4000000060
14448  25.023  -65.993  -6.192 0.6000000238
14452  21.906  -66.399  -5.744 0.6999999881
14469  25.359  -66.474  -6.784 0.6999999881
14470  23.153  -66.639  -6.378 0.6999999881
14471  22.399  -66.894  -6.322 0.6999999881
14473  20.653  -66.886  -6.059 0.6999999881
14476  18.013  -67.109  -6.319 0.6000000238
14493  25.729  -66.470  -7.358 0.6999999881
14494  14.458  -66.719  -7.809 0.5000000000
14526  26.190  -65.961  -8.664 0.6000000238
14530  22.307  -66.979  -9.485 0.6000000238
14531  21.570  -66.904  -9.806 0.6000000238
15321  16.756  -65.664  -0.397 0.4000000060
15352  15.626  -66.122  -3.572 0.4000000060
15354  13.853  -64.992  -4.115 0.5000000000
15356  12.192  -64.271  -4.220 0.5000000000
15360  12.384  -65.169  -4.488 0.5000000000
15374  17.739  -65.716  -5.766 0.6000000238
15390  14.358  -65.609  -6.477 0.6000000238
15407  31.925  -65.408  -7.709 0.6000000238
15425  32.340  -65.722  -8.504 0.5000000000
15439  29.896  -65.195  -9.280 0.6000000238
16270  18.878  -64.493  -2.856 0.4000000060
16293  24.946  -65.018  -5.561 0.6000000238
16297  21.750  -64.624  -5.459 0.8999999762
16300  18.694  -64.788  -5.887 0.6000000238
16301  18.058  -65.022  -5.795 0.6000000238
16321  27.682  -64.234  -6.280 0.8000000119
16325  19.778  -64.135  -6.079 0.8000000119
16380  27.514  -64.360  -10.090 0.6000000238
16391  29.324  -64.666  -11.236 0.5000000000
16392  28.669  -64.292  -11.178 0.6000000238
17134  18.404  -63.870  -0.273 0.4000000060
17135  17.386  -63.804  0.037 0.4000000060
17151  19.172  -63.892  -0.822 0.4000000060
17165  20.776  -63.264  -2.666 0.4000000060
17183  13.032  -63.472  -4.244 0.5000000000
17199  13.669  -63.066  -4.650 0.5000000000
17200  12.450  -63.529  -4.497 0.4000000060
17213  27.268  -63.316  -5.174 0.6999999881
17216  23.967  -64.156  -5.638 0.6999999881
17218  14.050  -62.943  -5.297 0.5000000000
17239  23.502  -63.362  -5.976 0.6999999881
17241  21.951  -63.177  -6.516 0.6999999881
17244  18.454  -63.405  -6.889 0.6000000238
17266  18.053  -62.698  -7.124 0.5000000000
17319  28.800  -63.677  -13.895 0.5000000000
18010  21.364  -62.435  -3.461 0.4000000060
18013  15.090  -62.881  -4.491 0.5000000000
18054  15.344  -62.504  -5.868 0.5000000000
18071  14.958  -62.876  -6.208 0.5000000000
18078  21.791  -62.172  -7.245 0.6999999881
18082  17.831  -62.196  -7.002 0.4000000060
18834  21.658  -61.286  -4.179 0.3000000119
18851  19.454  -61.258  -5.585 0.4000000060
18852  18.534  -61.380  -6.092 0.4000000060
18863  25.038  -61.315  -5.689 0.6999999881
18874  23.951  -61.096  -6.924 0.5000000000
18880  18.499  -61.404  -7.326 0.4000000060
18887  22.160  -61.171  -7.876 0.5000000000
19715  20.867  -60.009  -5.470 0.4000000060
19752  19.606  -60.361  -8.841 0.4000000060
19759  21.733  -59.785  -9.332 0.4000000060
20645  26.095  -58.989  -6.303 0.5000000000
20648  20.106  -59.408  -6.911 0.4000000060
20649  19.265  -59.824  -7.301 0.4000000060
20676  24.891  -58.895  -8.153 0.6000000238
20681  19.162  -59.803  -8.429 0.3000000119
20695  20.931  -59.214  -9.987 0.4000000060
20697  19.695  -59.185  -9.534 0.4000000060
20708  20.445  -58.821  -10.151 0.4000000060
20709  19.996  -58.770  -10.042 0.4000000060
21639  28.061  -58.102  -6.121 0.5000000000
21662  22.231  -58.364  -6.948 0.3000000119
21664  20.311  -59.044  -7.835 0.4000000060
21665  19.575  -59.270  -8.339 0.3000000119
21684  24.954  -58.043  -9.264 0.5000000000
21687  20.276  -58.411  -9.901 0.3000000119
21694  22.538  -58.131  -10.676 0.4000000060
22619  21.147  -57.365  -9.984 0.3000000119
22620  21.196  -57.435  -10.184 0.3000000119
22626  22.442  -57.466  -10.827 0.3000000119
22627  21.984  -57.356  -10.658 0.3000000119
23566  22.861  -55.886  -11.631 0.3000000119
23568  21.783  -56.890  -10.487 0.3000000119
24495  21.857  -55.662  -9.961 0.4000000060
24507  25.729  -55.348  -11.305 0.4000000060
25404  22.113  -54.350  -10.918 0.3000000119
25414  22.881  -54.211  -11.242 0.3000000119
109497  13.702  -63.521  -5.946 0.5000000000
109828  27.572  -63.861  -11.422 0.6000000238
110485  15.291  -64.160  -3.663 0.5000000000
111597  24.665  -66.529  -6.480 0.6999999881
111720  25.501  -66.654  -8.797 0.6000000238
111841  28.718  -64.516  -9.703 0.6000000238
112499  23.702  -65.450  -5.800 0.8000000119
113228  29.163  -64.112  -13.085 0.5000000000
113671  18.017  -64.857  -1.026 0.4000000060
114777  15.938  -66.275  -6.557 0.6000000238
115220  14.774  -64.046  -6.387 0.6000000238
115339  25.297  -60.050  -6.481 0.6000000238
115363  12.940  -63.294  -4.693 0.5000000000
116218  20.258  -63.761  -3.195 0.4000000060
118653  14.761  -63.472  -3.997 0.5000000000
118924  26.703  -62.826  -4.814 0.6999999881
118978  33.297  -65.660  -9.851 0.4000000060
119371  27.263  -59.226  -5.590 0.5000000000
120628  13.984  -64.492  -6.263 0.6000000238
120739  20.221  -62.184  -7.587 0.6000000238
121510  20.601  -65.438  -5.416 0.6999999881
121537  23.447  -54.636  -11.428 0.4000000060
121734  20.021  -64.830  -5.683 0.6999999881
122490  36.071  -74.878  -16.256 0.3000000119
122915  20.798  -62.530  -7.113 0.6999999881
125947  18.848  -61.638  -7.686 0.5000000000
126952  31.929  -63.771  -6.213 0.6000000238
127660  24.541  -62.762  -5.565 0.6000000238
127677  20.318  -63.680  -2.330 0.4000000060
127701  30.618  -65.873  -11.665 0.4000000060
128452  15.521  -65.390  -3.543 0.5000000000
129019  17.061  -62.515  -6.362 0.4000000060
129225  21.205  -67.071  -9.256 0.6000000238
129303  15.893  -64.610  0.232 0.4000000060
