#!ascii label  , from subject freesurfer vox2ras=TkReg
1241
4263  22.387  -80.262  -13.836 0.5000000000
13757  20.254  -67.477  -14.205 0.6000000238
13774  19.842  -67.148  -14.195 0.6000000238
13759  18.621  -67.459  -13.625 0.6000000238
13775  19.151  -66.989  -13.961 0.6999999881
13776  18.233  -66.876  -13.929 0.6000000238
15534  19.371  -65.661  -14.343 0.6999999881
14620  18.728  -66.223  -14.183 0.6000000238
8798  19.544  -73.353  -13.134 0.5000000000
9716  20.336  -71.527  -15.765 0.6000000238
9695  20.323  -71.866  -14.731 0.6000000238
114604  20.058  -71.928  -16.340 0.5000000000
9733  20.499  -71.741  -16.148 0.4000000060
123199  19.665  -71.857  -15.325 0.5000000000
8809  19.289  -72.730  -14.353 0.6000000238
10470  18.761  -71.825  -9.132 0.5000000000
7260  21.911  -75.702  -13.166 0.4000000060
11261  19.132  -71.163  -9.544 0.5000000000
10484  18.341  -71.419  -9.961 0.5000000000
11283  19.535  -70.530  -10.118 0.6000000238
12878  19.970  -69.191  -12.267 0.6000000238
12938  20.671  -67.787  -14.130 0.6000000238
112546  20.857  -67.631  -14.722 0.6999999881
12918  20.035  -67.966  -13.556 0.6000000238
13773  20.384  -67.121  -14.693 0.6999999881
15544  22.206  -65.898  -15.347 0.6000000238
14631  20.784  -66.619  -15.075 0.6999999881
16474  22.557  -64.790  -14.963 0.6000000238
15531  21.707  -64.983  -14.754 0.6000000238
15546  20.598  -65.822  -14.841 0.6999999881
16465  22.262  -64.231  -14.318 0.6999999881
14621  17.741  -66.252  -14.187 0.6000000238
7948  20.338  -74.164  -11.486 0.5000000000
7965  20.327  -73.238  -12.413 0.6000000238
9715  21.177  -71.746  -15.654 0.6000000238
119198  20.908  -71.836  -14.948 0.6999999881
8808  19.992  -72.388  -13.742 0.6000000238
8028  20.419  -72.954  -16.392 0.4000000060
11259  20.642  -70.690  -9.211 0.5000000000
11260  19.936  -70.861  -9.237 0.5000000000
5284  21.851  -78.572  -13.213 0.5000000000
12877  20.906  -68.987  -11.880 0.6999999881
12087  20.047  -69.872  -10.757 0.6000000238
119794  21.787  -68.255  -13.288 0.6999999881
119697  20.261  -69.443  -11.536 0.6000000238
12917  20.893  -68.145  -13.464 0.6999999881
12894  20.433  -68.541  -12.805 0.6000000238
12937  21.421  -67.962  -14.316 0.6999999881
14629  22.527  -66.872  -15.633 0.6000000238
13785  21.974  -67.307  -15.329 0.6000000238
15543  23.155  -65.634  -15.444 0.6000000238
13786  21.102  -67.326  -15.129 0.6000000238
16473  23.339  -64.561  -15.081 0.6000000238
17338  23.131  -63.660  -14.325 0.6999999881
16455  18.825  -64.583  -13.337 0.6999999881
15537  17.207  -65.600  -14.104 0.5000000000
16466  21.249  -64.522  -14.161 0.6999999881
16467  20.373  -64.497  -14.075 0.6999999881
15536  18.073  -65.470  -14.053 0.6000000238
8796  21.590  -72.536  -12.321 0.5000000000
8785  21.098  -73.059  -12.088 0.5000000000
7947  20.977  -73.543  -11.322 0.5000000000
9673  21.418  -72.134  -13.211 0.6999999881
8839  21.757  -72.178  -16.270 0.5000000000
9694  21.664  -71.758  -14.303 0.6999999881
9674  20.850  -72.099  -13.925 0.6000000238
8797  20.830  -72.556  -12.900 0.6000000238
129579  22.363  -73.500  -15.992 0.4000000060
8821  21.013  -72.211  -16.436 0.4000000060
117065  21.185  -70.851  -8.946 0.5000000000
12085  21.501  -69.581  -10.199 0.5000000000
12067  21.212  -70.173  -9.474 0.5000000000
12086  20.785  -69.845  -10.271 0.5000000000
123872  22.098  -68.501  -12.498 0.6000000238
12110  20.858  -69.485  -10.985 0.5000000000
12916  22.417  -68.162  -13.990 0.6999999881
12953  23.820  -68.137  -15.972 0.6000000238
12954  23.093  -67.757  -15.590 0.6999999881
14633  24.599  -67.597  -16.990 0.6000000238
13771  22.347  -67.580  -15.258 0.6999999881
15541  25.681  -65.555  -16.152 0.6999999881
13789  23.574  -67.259  -16.212 0.6000000238
13784  22.942  -67.424  -15.731 0.6000000238
17340  25.877  -63.926  -15.628 0.6000000238
16472  25.422  -64.671  -15.668 0.6999999881
129453  23.972  -65.455  -15.446 0.6999999881
17322  25.520  -63.579  -13.520 0.6000000238
117075  25.140  -63.569  -14.269 0.6000000238
16463  24.733  -64.008  -15.005 0.6999999881
16457  17.288  -64.209  -13.103 0.6000000238
17337  24.081  -63.490  -14.399 0.6999999881
16468  19.550  -64.671  -13.850 0.6999999881
15525  17.612  -64.769  -13.708 0.6000000238
16433  24.808  -63.989  -12.854 0.6999999881
17323  24.389  -63.562  -13.445 0.6000000238
16450  23.491  -63.474  -13.652 0.8000000119
16451  22.579  -63.925  -13.689 0.6999999881
16452  21.624  -64.334  -13.648 0.6999999881
16453  20.757  -64.429  -13.566 0.6999999881
8784  21.660  -73.032  -11.325 0.6000000238
9693  22.638  -71.688  -13.854 0.6999999881
9672  22.239  -71.967  -12.817 0.6999999881
116548  22.613  -71.746  -16.461 0.5000000000
9714  22.242  -71.646  -15.445 0.6999999881
8820  22.028  -72.187  -16.635 0.4000000060
8838  22.880  -72.097  -16.934 0.5000000000
11241  22.365  -71.431  -8.808 0.5000000000
10454  21.868  -72.028  -8.519 0.5000000000
11258  21.903  -70.631  -8.905 0.5000000000
12108  22.551  -68.936  -11.022 0.6000000238
12891  23.688  -68.785  -12.819 0.6000000238
12875  22.894  -68.708  -11.951 0.6999999881
12876  21.889  -68.700  -11.789 0.6999999881
107751  23.991  -68.667  -14.028 0.6999999881
12915  23.222  -68.435  -13.662 0.6999999881
12952  24.632  -68.367  -16.642 0.6000000238
12934  24.301  -68.459  -15.326 0.6000000238
12935  23.267  -68.152  -14.785 0.6999999881
14625  25.956  -66.358  -16.257 0.6999999881
117024  25.589  -66.347  -16.457 0.6999999881
14632  25.097  -67.820  -17.279 0.6999999881
16415  17.356  -64.124  -12.074 0.6000000238
16470  27.191  -64.127  -16.118 0.6000000238
15540  26.190  -65.219  -15.945 0.6999999881
14627  25.106  -66.808  -16.887 0.6999999881
17321  26.910  -63.385  -12.679 0.6000000238
116370  26.642  -63.277  -13.647 0.6000000238
17330  27.397  -63.177  -14.619 0.6000000238
17339  26.957  -63.769  -15.968 0.6000000238
16471  26.337  -64.446  -15.989 0.6999999881
16440  17.701  -64.188  -12.582 0.6000000238
16432  25.844  -63.893  -12.788 0.6000000238
17331  26.421  -63.271  -14.487 0.6000000238
15514  20.640  -64.812  -12.566 0.6999999881
15515  19.837  -64.554  -12.489 0.6000000238
16438  19.489  -64.384  -13.020 0.6999999881
16456  18.063  -64.327  -13.217 0.6000000238
125222  25.987  -64.341  -11.857 0.5000000000
15485  24.951  -65.181  -11.680 0.6000000238
16412  24.326  -64.664  -12.309 0.8000000119
15511  23.319  -64.757  -12.409 0.8000000119
15512  22.387  -64.976  -12.539 0.8000000119
16435  21.991  -64.443  -13.115 0.8000000119
16436  21.115  -64.534  -13.090 0.6999999881
16437  20.272  -64.324  -13.013 0.6999999881
16434  23.778  -63.880  -12.891 0.8000000119
110341  22.896  -64.042  -13.038 0.8000000119
122199  22.955  -72.266  -11.952 0.6999999881
9656  22.348  -72.562  -11.592 0.6999999881
8771  22.396  -72.952  -10.427 0.6999999881
8772  21.533  -73.517  -10.225 0.6000000238
128453  23.035  -71.655  -14.612 0.6999999881
8755  22.457  -72.759  -9.525 0.6000000238
9713  22.958  -71.560  -15.830 0.6000000238
9621  21.889  -72.683  -8.853 0.5000000000
9620  22.600  -72.159  -8.957 0.5000000000
15430  11.650  -65.054  -8.029 0.6000000238
11257  22.752  -70.646  -9.183 0.5000000000
15445  12.956  -65.208  -9.201 0.5000000000
12065  23.100  -69.911  -9.713 0.5000000000
15443  14.580  -65.633  -9.687 0.6000000238
12873  24.293  -69.371  -11.360 0.6999999881
116990  23.049  -69.387  -10.447 0.6000000238
12914  24.622  -69.082  -13.390 0.6999999881
12874  23.811  -69.018  -11.831 0.6999999881
112238  15.806  -65.265  -10.463 0.6000000238
111375  25.147  -68.677  -15.872 0.6999999881
114952  24.908  -68.891  -14.538 0.6000000238
116570  26.371  -65.834  -15.291 0.6999999881
124460  26.219  -67.132  -15.793 0.6999999881
13783  25.666  -67.962  -16.702 0.6999999881
126364  17.259  -65.051  -11.235 0.6000000238
109390  16.493  -65.044  -10.945 0.6000000238
15530  26.783  -64.741  -15.860 0.6000000238
127267  25.791  -67.243  -16.578 0.6999999881
15465  18.709  -65.788  -11.203 0.6000000238
16396  16.179  -64.206  -11.569 0.6000000238
16447  28.786  -64.127  -14.869 0.6000000238
17334  27.928  -63.417  -15.534 0.6000000238
15464  19.400  -65.885  -11.063 0.6999999881
15489  19.368  -65.246  -11.742 0.6000000238
15490  18.507  -64.920  -11.785 0.6000000238
111157  22.883  -66.508  -10.637 0.6000000238
14560  21.421  -66.547  -10.583 0.6000000238
14585  21.289  -66.052  -11.357 0.6999999881
110443  20.222  -65.186  -11.893 0.6000000238
16413  18.970  -64.727  -12.425 0.6000000238
14558  23.722  -66.484  -10.399 0.6000000238
15488  21.874  -65.654  -11.970 0.8000000119
15463  24.265  -65.885  -11.068 0.6000000238
15487  22.815  -65.574  -11.852 0.6999999881
15513  21.491  -65.021  -12.599 0.8000000119
110124  23.049  -71.981  -12.728 0.6999999881
113090  23.823  -72.355  -11.866 0.6999999881
9655  23.238  -72.483  -10.953 0.6999999881
9692  23.849  -71.916  -14.519 0.6999999881
109646  23.670  -72.055  -13.259 0.6999999881
9639  23.096  -72.592  -10.054 0.6000000238
107280  23.237  -72.203  -9.601 0.6000000238
15392  11.976  -64.852  -6.831 0.6000000238
17251  10.806  -63.449  -6.014 0.6000000238
15412  12.303  -65.357  -7.544 0.6000000238
119641  11.206  -64.458  -7.759 0.6000000238
10467  23.279  -71.491  -9.322 0.6000000238
14515  12.402  -65.363  -8.466 0.5000000000
12106  24.902  -69.746  -11.383 0.6999999881
11281  24.002  -70.357  -9.965 0.6999999881
119841  14.719  -66.722  -8.590 0.4000000060
14539  14.177  -66.281  -9.004 0.5000000000
12127  25.297  -69.457  -13.006 0.6999999881
14537  15.830  -66.590  -9.361 0.5000000000
124033  25.344  -69.229  -13.961 0.6000000238
12890  24.550  -69.290  -12.222 0.6999999881
14536  16.698  -66.617  -9.564 0.6000000238
13770  26.078  -68.031  -15.635 0.6999999881
12913  25.725  -69.006  -14.775 0.6999999881
14534  18.503  -66.851  -9.890 0.6999999881
14565  17.182  -65.942  -10.535 0.6000000238
14613  26.516  -66.243  -14.123 0.6999999881
14533  19.434  -66.804  -9.852 0.5000000000
14564  18.146  -66.288  -10.585 0.6000000238
15509  28.719  -65.114  -13.544 0.6000000238
15522  28.294  -64.662  -14.719 0.6000000238
15523  26.897  -65.104  -14.767 0.6999999881
14563  19.002  -66.409  -10.576 0.6999999881
15521  29.211  -64.491  -14.423 0.6000000238
16449  27.967  -63.962  -16.059 0.6000000238
14562  19.864  -66.263  -10.515 0.6000000238
17320  27.929  -63.199  -13.329 0.6000000238
115587  22.951  -66.796  -9.954 0.6000000238
14559  22.223  -66.719  -10.298 0.5000000000
14561  20.596  -66.215  -10.813 0.6999999881
14528  24.353  -66.787  -9.678 0.6000000238
9671  24.669  -72.473  -12.228 0.6999999881
121193  24.625  -72.300  -11.407 0.6999999881
9654  24.145  -72.223  -10.878 0.6000000238
9619  23.909  -71.725  -9.876 0.6000000238
17250  11.764  -63.826  -5.538 0.4000000060
17222  10.486  -63.532  -5.781 0.5000000000
9618  24.517  -71.403  -10.284 0.6000000238
15391  13.139  -65.778  -7.351 0.5000000000
17223  9.948  -63.079  -5.803 0.6000000238
10483  25.078  -71.233  -10.687 0.6999999881
11305  25.480  -70.809  -11.173 0.6999999881
11256  23.504  -70.707  -9.520 0.6000000238
14514  14.012  -66.543  -8.365 0.5000000000
122242  25.905  -69.937  -12.684 0.6999999881
13679  15.973  -67.302  -8.289 0.4000000060
12888  27.213  -68.694  -13.251 0.6999999881
12912  26.426  -69.134  -14.182 0.6999999881
13696  17.117  -67.156  -8.984 0.6000000238
13730  27.567  -67.709  -11.539 0.6999999881
13743  27.006  -67.641  -12.565 0.6999999881
12932  26.196  -68.554  -14.783 0.6999999881
13677  18.212  -67.449  -8.377 0.5000000000
13695  17.952  -67.158  -9.076 0.5000000000
14605  26.995  -66.161  -12.819 0.6000000238
13744  26.616  -67.269  -13.494 0.6999999881
13756  26.426  -67.723  -14.641 0.6999999881
13694  18.856  -67.131  -9.076 0.5000000000
15508  29.637  -64.789  -13.774 0.5000000000
126825  28.060  -65.835  -12.436 0.6000000238
15510  27.141  -65.400  -13.739 0.6000000238
17201  11.951  -63.681  -4.810 0.4000000060
9652  26.012  -71.767  -11.895 0.6999999881
9637  24.866  -71.797  -10.821 0.6999999881
16303  11.233  -64.166  -4.943 0.4000000060
10504  25.497  -71.420  -11.263 0.6999999881
16304  10.480  -63.766  -5.548 0.6000000238
11322  26.184  -70.602  -12.053 0.8000000119
12125  26.737  -70.153  -13.347 0.6000000238
12807  11.211  -67.590  -6.178 0.6000000238
12911  27.036  -69.201  -13.814 0.6999999881
12146  26.674  -69.531  -13.838 0.6999999881
122747  26.018  -69.503  -13.851 0.6000000238
12872  27.436  -68.538  -11.994 0.6000000238
13713  28.164  -67.687  -10.927 0.6000000238
12032  12.150  -68.982  -7.229 0.5000000000
14555  28.724  -66.975  -11.190 0.6000000238
14604  27.498  -66.791  -11.946 0.6999999881
118086  29.334  -66.236  -11.669 0.5000000000
15361  11.765  -64.610  -4.614 0.4000000060
11321  26.795  -70.984  -12.656 0.8000000119
15378  10.708  -64.898  -5.369 0.5000000000
11320  27.497  -70.624  -13.483 0.8000000119
14459  11.920  -66.712  -5.462 0.4000000060
129766  12.210  -67.850  -5.928 0.4000000060
13619  10.828  -66.927  -5.772 0.5000000000
12082  28.693  -69.091  -10.590 0.6000000238
12124  27.484  -69.213  -13.257 0.6000000238
12123  27.852  -69.731  -13.267 0.6999999881
12798  12.625  -68.390  -5.865 0.4000000060
12859  27.817  -68.271  -11.121 0.6000000238
12031  12.729  -69.643  -6.576 0.4000000060
12806  11.786  -68.088  -6.658 0.6000000238
13712  28.935  -67.621  -10.650 0.6000000238
14554  29.563  -66.845  -11.281 0.5000000000
14444  12.608  -66.160  -4.867 0.4000000060
10517  26.579  -71.594  -12.484 0.8000000119
14458  12.811  -66.961  -5.237 0.4000000060
129461  27.153  -71.449  -13.008 0.6999999881
13617  12.538  -67.636  -5.597 0.4000000060
11338  27.300  -69.825  -13.657 0.6999999881
12104  28.384  -69.495  -11.451 0.6000000238
123867  28.236  -69.724  -12.437 0.6000000238
114557  13.729  -69.222  -4.963 0.4000000060
11221  13.233  -70.176  -5.851 0.4000000060
12857  29.406  -68.433  -10.311 0.6000000238
10438  13.259  -70.996  -5.863 0.4000000060
13711  29.821  -67.542  -10.728 0.4000000060
14443  13.570  -66.697  -4.718 0.4000000060
125970  27.960  -70.572  -13.846 0.6999999881
13616  13.372  -67.601  -5.060 0.4000000060
11319  28.457  -70.149  -13.191 0.6999999881
12145  27.903  -70.148  -13.682 0.6000000238
12791  14.075  -68.374  -4.762 0.4000000060
12103  29.151  -69.823  -10.904 0.6000000238
11303  28.807  -70.129  -11.934 0.6000000238
12017  13.955  -70.103  -4.556 0.4000000060
12842  30.093  -68.876  -9.926 0.6000000238
11212  13.678  -70.946  -4.477 0.3000000119
12856  30.327  -68.318  -10.239 0.4000000060
12855  31.113  -68.378  -10.178 0.4000000060
107474  14.484  -69.299  -4.407 0.4000000060
12016  14.568  -70.073  -3.742 0.4000000060
11278  29.940  -70.051  -10.419 0.6000000238
11255  30.972  -69.467  -9.897 0.6000000238
11277  31.266  -70.075  -10.293 0.6000000238
114303  32.733  -68.972  -10.374 0.4000000060
12079  33.551  -69.167  -10.542 0.5000000000
116604  32.335  -68.250  -10.918 0.4000000060
12745  11.740  -68.816  -0.630 0.3000000119
12853  33.051  -68.359  -11.019 0.4000000060
13597  16.324  -67.388  -2.645 0.4000000060
12743  13.255  -68.534  -0.801 0.3000000119
119500  10.585  -66.459  -1.540 0.4000000060
14429  16.828  -66.790  -2.408 0.4000000060
125270  15.929  -67.658  -1.329 0.4000000060
117624  13.950  -66.955  -0.332 0.3000000119
13574  14.413  -67.587  -0.471 0.3000000119
13577  11.564  -67.087  -0.937 0.3000000119
12744  12.476  -68.099  -0.796 0.3000000119
14412  11.352  -66.442  -1.194 0.3000000119
14407  16.511  -66.373  -0.754 0.4000000060
14408  15.616  -66.594  -0.480 0.4000000060
13573  15.327  -67.513  -0.661 0.4000000060
14410  13.160  -66.658  -0.488 0.3000000119
14411  12.274  -66.315  -0.689 0.3000000119
18810  7.899  -62.173  -2.860 0.4000000060
18839  6.644  -61.158  -4.890 0.3000000119
19704  6.685  -60.037  -5.843 0.3000000119
122370  11.776  -65.690  -0.841 0.3000000119
16240  10.648  -64.608  -1.104 0.3000000119
119586  15.355  -65.252  0.112 0.4000000060
15323  14.978  -65.969  -0.116 0.4000000060
115516  13.949  -66.118  -0.199 0.3000000119
15324  13.431  -65.296  -0.175 0.3000000119
15325  12.571  -65.435  -0.434 0.3000000119
17999  8.329  -63.046  -2.402 0.3000000119
15326  12.022  -64.882  -0.536 0.3000000119
18826  7.285  -61.704  -3.863 0.3000000119
17142  10.984  -63.641  -0.778 0.3000000119
19693  8.357  -60.417  -3.953 0.4000000060
19694  7.500  -60.762  -4.466 0.3000000119
20611  8.691  -59.642  -4.499 0.3000000119
19703  7.749  -59.889  -4.983 0.3000000119
115562  14.377  -65.266  0.032 0.4000000060
16236  13.814  -64.460  0.060 0.4000000060
17139  13.109  -63.984  -0.135 0.3000000119
16238  12.359  -64.053  -0.380 0.3000000119
17990  9.015  -62.814  -1.733 0.3000000119
18825  8.034  -61.205  -3.346 0.4000000060
124676  8.528  -61.454  -2.593 0.4000000060
20619  9.192  -58.986  -5.014 0.3000000119
17138  14.423  -63.905  0.249 0.4000000060
122191  13.700  -63.577  0.065 0.4000000060
17140  12.782  -63.213  -0.204 0.4000000060
17978  11.996  -62.535  -0.440 0.4000000060
17141  11.824  -63.420  -0.501 0.3000000119
123823  10.550  -62.075  -0.894 0.3000000119
126992  9.530  -61.491  -1.621 0.3000000119
19669  9.848  -60.779  -1.809 0.3000000119
20595  9.861  -59.702  -3.015 0.5000000000
19684  8.786  -60.770  -2.983 0.4000000060
19692  9.125  -60.027  -3.458 0.4000000060
21622  9.385  -58.194  -6.247 0.3000000119
17976  13.642  -62.731  -0.043 0.4000000060
17977  12.889  -62.287  -0.248 0.4000000060
128951  11.670  -61.887  -0.589 0.3000000119
19667  11.445  -60.405  -1.378 0.3000000119
19681  11.037  -59.837  -1.982 0.3000000119
21578  11.610  -58.667  -3.053 0.3000000119
117820  11.186  -62.317  -0.676 0.3000000119
18792  11.024  -61.012  -1.079 0.3000000119
19682  10.224  -60.054  -2.209 0.3000000119
20594  10.695  -59.530  -2.776 0.3000000119
20608  11.064  -58.981  -3.323 0.3000000119
18793  10.324  -61.376  -1.230 0.3000000119
20609  10.370  -59.190  -3.593 0.3000000119
20610  9.543  -59.395  -3.977 0.3000000119
21646  9.928  -57.680  -6.177 0.3000000119
122157  15.933  -62.463  -0.033 0.3000000119
18778  15.286  -61.862  -0.237 0.3000000119
18779  14.391  -61.432  -0.396 0.3000000119
19665  13.570  -60.376  -0.920 0.3000000119
21567  13.485  -59.217  -1.586 0.3000000119
115712  12.731  -58.415  -2.557 0.3000000119
19650  13.523  -61.075  -0.564 0.3000000119
20583  12.986  -59.815  -1.288 0.3000000119
20584  11.949  -59.483  -1.692 0.3000000119
20592  12.064  -58.670  -2.362 0.3000000119
21592  12.268  -58.198  -3.336 0.3000000119
21600  12.140  -58.179  -4.674 0.3000000119
21594  10.863  -58.725  -4.198 0.3000000119
21601  11.418  -58.353  -4.954 0.3000000119
21603  9.728  -58.472  -5.510 0.3000000119
21621  10.298  -58.097  -5.967 0.3000000119
18776  17.609  -61.146  -0.370 0.3000000119
120445  15.178  -61.054  -0.567 0.3000000119
19664  14.378  -60.528  -0.803 0.3000000119
20582  13.902  -59.784  -1.196 0.3000000119
109580  13.576  -58.553  -2.271 0.3000000119
22529  12.916  -57.856  -4.260 0.3000000119
22542  12.762  -57.840  -5.607 0.3000000119
21620  11.290  -58.105  -5.870 0.3000000119
126752  10.542  -57.192  -6.374 0.3000000119
22511  14.053  -57.862  -3.001 0.3000000119
21591  13.193  -57.986  -3.174 0.3000000119
22558  12.829  -57.798  -6.755 0.3000000119
22581  12.688  -57.460  -7.074 0.3000000119
22559  11.046  -57.691  -6.230 0.3000000119
23520  12.168  -56.882  -7.000 0.3000000119
22527  14.441  -57.328  -3.775 0.3000000119
22528  13.723  -57.593  -4.009 0.3000000119
113435  13.324  -57.479  -4.998 0.3000000119
22510  14.810  -57.538  -2.674 0.3000000119
23478  14.701  -56.849  -4.612 0.3000000119
22540  13.856  -57.002  -4.903 0.3000000119
23479  14.150  -56.849  -5.922 0.3000000119
22557  13.299  -57.513  -7.227 0.3000000119
23519  12.949  -57.034  -7.353 0.3000000119
24475  12.534  -56.317  -6.873 0.3000000119
4753  21.979  -79.491  -13.585 0.5000000000
5876  21.820  -77.901  -13.712 0.5000000000
5877  21.731  -76.957  -13.597 0.4000000060
14618  20.182  -66.282  -14.729 0.6999999881
15535  18.800  -65.221  -13.993 0.6999999881
8001  21.241  -73.996  -15.664 0.4000000060
113423  21.896  -77.644  -12.907 0.5000000000
118615  23.071  -66.506  -15.772 0.6000000238
12084  22.334  -69.363  -10.237 0.5000000000
15542  24.863  -65.662  -15.926 0.6000000238
12126  25.493  -70.192  -11.627 0.8000000119
11280  24.735  -70.746  -10.409 0.6999999881
14603  29.420  -65.185  -12.868 0.5000000000
12889  26.794  -68.494  -13.878 0.6999999881
12805  12.401  -68.648  -6.410 0.4000000060
14581  29.886  -66.048  -11.671 0.5000000000
12081  29.574  -69.327  -10.226 0.6000000238
13710  30.742  -67.361  -11.069 0.4000000060
11302  29.700  -70.501  -11.478 0.6000000238
11211  14.010  -70.632  -3.953 0.3000000119
12840  31.346  -68.984  -9.848 0.4000000060
12080  32.165  -69.427  -10.215 0.4000000060
13590  16.461  -67.319  -1.854 0.4000000060
17975  14.481  -63.164  0.147 0.3000000119
120217  16.851  -61.263  -0.373 0.3000000119
11352  29.850  -70.327  -14.832 0.5000000000
11353  29.043  -70.460  -14.566 0.5000000000
10530  28.296  -70.902  -14.254 0.6999999881
9688  27.308  -72.256  -13.634 0.6999999881
9669  26.359  -72.243  -12.657 0.6000000238
11336  29.175  -70.364  -13.846 0.5000000000
11337  28.457  -70.402  -13.913 0.6000000238
10531  27.631  -71.526  -13.669 0.6000000238
115990  24.976  -72.332  -14.361 0.6000000238
9709  27.924  -72.099  -14.388 0.6999999881
9710  27.149  -72.609  -14.244 0.6000000238
9690  25.821  -72.577  -13.294 0.6000000238
9689  26.767  -72.456  -13.383 0.6000000238
9691  24.783  -72.453  -13.266 0.6000000238
11335  30.002  -70.580  -13.489 0.5000000000
113314  27.648  -72.586  -15.320 0.6999999881
114446  26.431  -72.612  -15.639 0.6999999881
9711  25.139  -72.141  -15.611 0.6000000238
9708  28.532  -72.057  -15.456 0.6000000238
120442  26.132  -72.609  -14.286 0.6000000238
122774  29.883  -70.441  -16.507 0.6000000238
10516  30.706  -71.355  -12.533 0.5000000000
11318  29.308  -70.457  -12.709 0.5000000000
9727  28.995  -71.887  -16.446 0.6999999881
9729  27.126  -72.706  -16.720 0.6000000238
9712  23.928  -71.780  -15.803 0.6000000238
10515  31.554  -71.735  -12.357 0.5000000000
11317  29.989  -70.861  -12.327 0.5000000000
10500  33.854  -71.129  -11.718 0.5000000000
119783  34.116  -70.531  -11.330 0.4000000060
13760  17.542  -67.502  -13.801 0.4000000060
12919  19.053  -68.013  -13.385 0.4000000060
12920  18.062  -68.072  -13.282 0.4000000060
12896  18.545  -68.618  -12.810 0.5000000000
12895  19.503  -68.569  -12.909 0.5000000000
12129  18.167  -69.315  -12.296 0.5000000000
10502  32.043  -71.340  -11.585 0.5000000000
12112  18.691  -69.899  -11.711 0.5000000000
10486  17.003  -71.894  -10.827 0.6000000238
10501  32.957  -71.267  -11.614 0.4000000060
12111  19.533  -69.639  -11.597 0.5000000000
12088  19.172  -70.314  -11.040 0.5000000000
10485  17.629  -71.667  -10.403 0.5000000000
12921  17.178  -68.306  -13.497 0.5000000000
12897  17.646  -68.790  -12.862 0.5000000000
110207  16.905  -69.072  -13.201 0.5000000000
12130  17.389  -69.601  -12.486 0.5000000000
11323  17.183  -70.322  -12.113 0.5000000000
12113  17.856  -70.081  -11.865 0.5000000000
11307  17.611  -70.765  -11.511 0.5000000000
10505  17.353  -71.358  -11.159 0.5000000000
11299  32.533  -70.689  -10.978 0.5000000000
11285  18.047  -71.181  -10.856 0.5000000000
11297  34.656  -70.814  -11.791 0.4000000060
11298  33.409  -70.627  -11.094 0.4000000060
11274  33.873  -69.965  -10.814 0.4000000060
15526  16.674  -64.893  -13.627 0.5000000000
12131  16.787  -69.916  -12.860 0.5000000000
11301  30.665  -70.517  -10.933 0.5000000000
11275  32.952  -69.911  -10.482 0.4000000060
118805  16.960  -64.066  -12.463 0.5000000000
16441  15.238  -64.110  -12.347 0.5000000000
16459  14.768  -64.643  -12.941 0.5000000000
16458  15.794  -64.574  -13.079 0.5000000000
16416  16.634  -63.973  -12.009 0.5000000000
127407  15.400  -63.927  -12.035 0.5000000000
17307  14.787  -63.729  -11.665 0.5000000000
17308  13.958  -62.959  -11.407 0.5000000000
16443  13.619  -63.862  -12.431 0.5000000000
121307  13.240  -64.721  -12.716 0.4000000060
17292  14.375  -63.252  -11.064 0.5000000000
17326  13.242  -63.134  -11.987 0.6000000238
16444  12.705  -64.210  -12.242 0.6000000238
109776  15.782  -64.602  -10.948 0.5000000000
16399  13.856  -63.267  -10.440 0.5000000000
17293  13.772  -62.715  -10.870 0.5000000000
18113  12.787  -62.405  -10.887 0.6000000238
17310  12.482  -63.261  -11.738 0.6000000238
15493  12.316  -65.337  -11.597 0.6000000238
120569  12.851  -66.203  -11.764 0.5000000000
14588  12.144  -66.195  -11.232 0.5000000000
13732  10.548  -66.979  -11.547 0.5000000000
15467  15.089  -64.839  -10.481 0.5000000000
16382  14.151  -64.636  -10.206 0.5000000000
17284  13.177  -62.862  -9.836 0.5000000000
18100  13.298  -62.529  -10.385 0.5000000000
18094  12.209  -62.284  -9.936 0.6000000238
17311  11.574  -63.005  -11.033 0.6000000238
16418  11.874  -64.246  -11.412 0.6000000238
15494  11.585  -65.341  -10.989 0.6000000238
14589  11.128  -66.205  -11.060 0.5000000000
13716  7.220  -66.900  -10.722 0.5000000000
14609  8.943  -66.089  -12.522 0.5000000000
15442  15.454  -65.778  -9.797 0.5000000000
16383  13.377  -64.300  -9.782 0.5000000000
109357  12.433  -64.224  -9.336 0.6000000238
17286  11.530  -62.536  -9.646 0.6000000238
18095  10.407  -62.626  -9.409 0.6000000238
18115  11.143  -62.662  -10.399 0.6000000238
18103  10.677  -62.504  -9.943 0.6000000238
17312  10.565  -63.268  -10.765 0.6000000238
17294  10.157  -62.847  -10.325 0.6000000238
15468  11.176  -64.571  -10.891 0.6000000238
112456  9.605  -64.555  -11.329 0.5000000000
14590  10.308  -66.058  -11.367 0.5000000000
14591  9.477  -65.464  -11.815 0.5000000000
15497  8.218  -65.081  -11.585 0.5000000000
13748  7.765  -65.950  -12.705 0.5000000000
15519  6.922  -65.397  -12.130 0.5000000000
16384  11.593  -63.659  -9.066 0.6000000238
17277  10.651  -63.199  -8.744 0.6000000238
18088  9.228  -62.563  -8.394 0.6000000238
125745  8.644  -63.036  -8.354 0.6000000238
18096  9.662  -62.618  -9.345 0.6000000238
18105  8.985  -62.967  -10.162 0.6000000238
17280  8.535  -63.141  -9.186 0.6000000238
17314  8.796  -63.524  -10.594 0.5000000000
16400  8.190  -64.236  -10.280 0.5000000000
16421  8.977  -64.182  -11.281 0.5000000000
15447  7.812  -64.778  -10.154 0.5000000000
15446  7.749  -64.986  -9.649 0.6000000238
15498  7.211  -65.240  -11.457 0.5000000000
15469  7.533  -65.212  -10.381 0.5000000000
14566  7.819  -66.235  -10.225 0.5000000000
12860  9.070  -68.653  -10.197 0.5000000000
16334  8.965  -62.955  -6.784 0.6000000238
15414  8.485  -64.811  -7.631 0.6000000238
109656  8.201  -64.611  -8.373 0.6000000238
124666  7.973  -64.566  -9.240 0.6000000238
14541  8.230  -65.877  -9.477 0.6000000238
13699  8.607  -66.981  -9.582 0.5000000000
15395  8.850  -64.110  -6.842 0.6000000238
15431  7.962  -65.130  -8.873 0.6000000238
13698  9.462  -67.742  -9.204 0.6000000238
12844  9.664  -68.496  -9.715 0.5000000000
14480  10.022  -66.557  -5.978 0.6000000238
14481  9.533  -65.976  -6.341 0.6000000238
13637  9.821  -66.864  -6.632 0.6000000238
14497  9.291  -66.318  -7.218 0.6000000238
14516  8.792  -66.780  -7.955 0.6000000238
12843  10.294  -68.442  -9.154 0.5000000000
13636  10.462  -67.254  -6.275 0.6000000238
13658  10.281  -67.492  -7.079 0.6000000238
128616  11.523  -68.302  -7.307 0.6000000238
13682  9.351  -67.380  -8.344 0.6000000238
12050  11.484  -68.862  -8.081 0.6000000238
12049  11.593  -70.007  -8.562 0.5000000000
12040  12.408  -70.132  -7.292 0.4000000060
9670  25.561  -72.374  -12.381 0.6000000238
9668  27.069  -72.049  -13.012 0.6999999881
118577  30.424  -70.935  -11.761 0.5000000000
10513  33.402  -71.629  -12.371 0.5000000000
10514  32.430  -71.762  -12.308 0.5000000000
11308  16.968  -70.982  -11.771 0.6000000238
18102  12.325  -62.321  -10.202 0.6000000238
107818  11.581  -62.440  -9.852 0.6000000238
120681  9.776  -63.840  -11.055 0.6000000238
16422  8.210  -64.662  -10.911 0.5000000000
15413  9.067  -65.280  -7.001 0.6000000238
14498  8.723  -65.736  -7.766 0.6000000238
12829  10.709  -68.310  -8.490 0.6000000238
118460  11.068  -69.081  -9.016 0.6000000238
4250  22.494  -80.757  -13.125 0.4000000060
4220  23.518  -80.492  -10.436 0.5000000000
4209  23.336  -79.612  -10.154 0.5000000000
4230  23.133  -80.911  -11.130 0.4000000060
4231  22.581  -80.491  -11.624 0.4000000060
4730  22.301  -79.020  -11.478 0.4000000060
112068  22.076  -80.104  -13.120 0.4000000060
5249  24.302  -78.838  -9.725 0.5000000000
126550  24.323  -79.752  -9.634 0.5000000000
5260  22.719  -78.633  -10.838 0.5000000000
5268  22.558  -77.918  -11.378 0.5000000000
4739  21.994  -79.398  -12.553 0.4000000060
5258  23.885  -78.538  -10.151 0.5000000000
5839  23.309  -78.098  -10.733 0.5000000000
5850  23.034  -77.339  -11.140 0.5000000000
6506  22.621  -76.873  -11.555 0.5000000000
112487  22.131  -77.310  -12.088 0.4000000060
6529  22.261  -76.396  -12.106 0.4000000060
5838  24.250  -78.029  -10.540 0.5000000000
5849  23.725  -77.470  -11.070 0.5000000000
109675  24.127  -76.916  -11.369 0.5000000000
6505  23.213  -76.669  -11.396 0.5000000000
7240  22.773  -76.025  -11.742 0.5000000000
5864  21.881  -76.188  -12.853 0.4000000060
9732  23.163  -71.895  -17.076 0.5000000000
115077  23.194  -72.735  -17.604 0.4000000060
7999  22.855  -73.327  -16.364 0.4000000060
8000  21.938  -73.795  -15.534 0.4000000060
7239  23.551  -75.903  -11.685 0.5000000000
7980  22.933  -74.472  -14.957 0.4000000060
7981  22.559  -74.854  -13.964 0.4000000060
7271  22.257  -75.292  -13.336 0.4000000060
7256  24.996  -75.855  -12.399 0.4000000060
117826  24.174  -75.581  -12.076 0.5000000000
7259  22.417  -75.711  -12.470 0.4000000060
108632  22.942  -75.545  -12.092 0.4000000060
8027  23.320  -72.130  -17.904 0.4000000060
115719  23.677  -74.041  -16.545 0.4000000060
107122  23.596  -74.551  -15.456 0.4000000060
7255  25.828  -76.600  -12.883 0.4000000060
7963  23.396  -75.022  -13.396 0.4000000060
7964  22.864  -75.217  -12.816 0.4000000060
7257  24.251  -75.237  -12.866 0.4000000060
7258  23.513  -75.346  -12.410 0.4000000060
9731  24.142  -71.768  -17.040 0.5000000000
9758  23.620  -71.876  -17.917 0.4000000060
8064  24.575  -73.047  -18.537 0.4000000060
8063  25.246  -73.923  -18.479 0.4000000060
8025  24.865  -74.619  -16.754 0.4000000060
7998  24.579  -74.821  -15.335 0.4000000060
7997  25.688  -74.798  -15.246 0.4000000060
123698  25.810  -75.792  -13.489 0.4000000060
7978  25.284  -75.080  -14.225 0.4000000060
7979  24.180  -74.992  -14.166 0.4000000060
128337  25.203  -71.922  -16.839 0.5000000000
9757  24.650  -71.939  -17.975 0.5000000000
9730  25.897  -72.178  -17.445 0.6000000238
9770  25.002  -72.587  -18.497 0.5000000000
8049  25.635  -74.635  -17.870 0.4000000060
8024  26.138  -74.795  -16.608 0.4000000060
8023  27.302  -74.703  -16.162 0.4000000060
127999  27.460  -75.163  -14.804 0.4000000060
9769  25.929  -72.716  -18.534 0.4000000060
9755  27.578  -72.876  -17.486 0.5000000000
8874  26.345  -73.458  -18.447 0.4000000060
8048  26.503  -74.620  -17.618 0.4000000060
8873  27.287  -73.561  -17.889 0.5000000000
8060  27.809  -74.199  -17.604 0.4000000060
8061  26.904  -74.200  -17.995 0.4000000060
8047  27.522  -74.505  -17.293 0.4000000060
9754  28.861  -72.359  -17.146 0.6000000238
9728  28.264  -72.524  -16.493 0.6000000238
8871  29.134  -73.683  -17.643 0.5000000000
8046  29.248  -74.254  -17.436 0.4000000060
10545  28.768  -71.098  -14.991 0.5000000000
16356  10.424  -63.634  -7.715 0.5000000000
17252  9.563  -62.948  -6.242 0.5000000000
14461  10.291  -65.907  -5.656 0.5000000000
17267  10.294  -63.032  -6.604 0.5000000000
16305  9.738  -63.565  -5.827 0.5000000000
17268  9.665  -62.741  -7.091 0.5000000000
5259  23.177  -78.847  -10.319 0.5000000000
124180  22.476  -79.781  -11.256 0.5000000000
8051  23.725  -72.787  -18.178 0.4000000060
8026  23.888  -73.772  -17.443 0.4000000060
7270  25.101  -75.454  -13.281 0.4000000060
8875  25.516  -73.306  -18.709 0.4000000060
8062  26.028  -74.258  -18.435 0.4000000060
7996  26.687  -74.857  -15.050 0.4000000060
9756  26.446  -72.481  -18.056 0.5000000000
9768  26.785  -72.938  -18.094 0.5000000000
9766  28.951  -72.971  -17.537 0.6000000238
113335  28.481  -74.475  -17.253 0.5000000000
9753  29.557  -71.993  -17.097 0.5000000000
10540  37.453  -71.085  -15.483 0.3000000119
9702  36.267  -71.977  -15.695 0.3000000119
9682  36.024  -72.157  -14.639 0.3000000119
10525  36.427  -71.544  -13.931 0.3000000119
10524  37.204  -71.061  -14.369 0.3000000119
11350  38.906  -70.451  -15.487 0.3000000119
11332  38.436  -70.329  -14.816 0.3000000119
9703  35.555  -72.379  -15.784 0.3000000119
9704  34.623  -72.519  -15.444 0.4000000060
10557  36.932  -71.586  -16.377 0.3000000119
9684  34.220  -72.267  -14.253 0.4000000060
9683  35.170  -72.321  -14.441 0.4000000060
10528  31.301  -71.934  -13.157 0.4000000060
10529  30.697  -71.171  -13.483 0.4000000060
10556  37.779  -71.245  -16.284 0.3000000119
10526  35.605  -71.837  -13.652 0.3000000119
9665  33.813  -71.961  -13.252 0.4000000060
11314  37.295  -70.280  -12.914 0.3000000119
110748  35.232  -71.533  -12.912 0.3000000119
125124  33.258  -72.448  -16.258 0.4000000060
9724  32.508  -72.579  -16.481 0.4000000060
10558  30.834  -71.141  -16.457 0.4000000060
10559  30.310  -70.462  -16.412 0.4000000060
124612  35.593  -72.409  -17.163 0.4000000060
111877  31.268  -71.112  -15.699 0.4000000060
10543  30.473  -70.460  -15.372 0.4000000060
9721  36.177  -72.060  -16.854 0.3000000119
9706  32.640  -72.318  -15.177 0.4000000060
9707  31.804  -72.234  -14.614 0.4000000060
10568  37.410  -71.727  -16.950 0.3000000119
9686  32.161  -72.416  -13.901 0.4000000060
119844  30.411  -70.584  -14.327 0.4000000060
10555  38.094  -71.582  -16.634 0.3000000119
9666  32.817  -72.019  -13.153 0.4000000060
10512  34.438  -71.471  -12.504 0.4000000060
8859  32.414  -73.933  -17.400 0.4000000060
9752  30.005  -71.936  -17.272 0.4000000060
125502  33.089  -73.835  -17.813 0.4000000060
126903  32.705  -73.276  -17.324 0.4000000060
9750  31.850  -73.045  -16.683 0.4000000060
10570  29.967  -70.923  -17.107 0.4000000060
8855  36.601  -72.716  -17.557 0.3000000119
9747  35.276  -72.834  -17.535 0.4000000060
8853  38.493  -72.667  -16.428 0.3000000119
9744  37.975  -72.176  -16.923 0.3000000119
11363  29.936  -70.281  -16.128 0.4000000060
9720  38.709  -71.901  -16.460 0.3000000119
8870  29.679  -72.989  -17.547 0.4000000060
8861  30.334  -73.202  -17.391 0.4000000060
11296  35.369  -70.429  -11.824 0.3000000119
11316  35.260  -71.011  -12.359 0.3000000119
10544  29.580  -70.494  -15.505 0.4000000060
9726  29.673  -71.087  -16.901 0.4000000060
8862  29.888  -73.857  -17.618 0.4000000060
11334  36.844  -70.829  -13.398 0.3000000119
11333  37.790  -70.521  -13.827 0.3000000119
9723  34.020  -72.580  -16.619 0.4000000060
10527  34.753  -71.948  -13.449 0.4000000060
9685  33.207  -72.210  -14.123 0.4000000060
10542  31.158  -71.453  -14.277 0.4000000060
9749  33.404  -72.968  -17.351 0.4000000060
9751  30.813  -72.273  -16.799 0.4000000060
9725  31.505  -71.997  -16.210 0.4000000060
107485  36.018  -72.488  -17.506 0.3000000119
117339  31.905  -72.209  -15.655 0.4000000060
9746  36.688  -72.001  -17.344 0.3000000119
8858  33.830  -73.644  -17.790 0.4000000060
8856  35.765  -73.152  -17.584 0.3000000119
110422  37.210  -73.072  -17.422 0.3000000119
3728  29.195  -81.576  -10.697 0.3000000119
3218  29.800  -82.178  -11.438 0.3000000119
4215  29.729  -80.976  -10.243 0.3000000119
3726  31.098  -81.742  -10.484 0.3000000119
3219  28.551  -82.310  -11.008 0.3000000119
4203  29.961  -80.534  -9.644 0.3000000119
4200  30.487  -80.903  -9.308 0.3000000119
3719  30.488  -81.218  -10.058 0.3000000119
114923  29.498  -79.870  -9.409 0.3000000119
4216  28.808  -80.787  -10.219 0.3000000119
3220  27.499  -82.378  -10.746 0.3000000119
3733  23.882  -81.271  -10.812 0.3000000119
113883  30.857  -80.604  -6.890 0.3000000119
3697  30.749  -81.038  -7.922 0.3000000119
4201  30.104  -80.057  -8.966 0.3000000119
4710  30.358  -80.218  -8.135 0.3000000119
3710  30.932  -81.403  -8.646 0.3000000119
3720  27.109  -81.123  -9.987 0.3000000119
4207  24.782  -80.104  -9.636 0.3000000119
3732  24.745  -81.536  -10.594 0.3000000119
4714  29.635  -79.399  -8.963 0.3000000119
4217  27.882  -80.672  -9.899 0.3000000119
4204  28.603  -80.004  -9.715 0.3000000119
4716  27.923  -79.293  -9.469 0.3000000119
114291  26.311  -79.966  -9.522 0.3000000119
4206  26.309  -80.727  -9.790 0.3000000119
4718  25.506  -79.386  -9.440 0.3000000119
108908  25.413  -77.320  -10.924 0.4000000060
5826  24.740  -78.337  -9.884 0.4000000060
2671  32.296  -84.219  -6.865 0.3000000119
2689  30.558  -85.063  -7.722 0.3000000119
3718  31.244  -81.701  -9.611 0.3000000119
3725  31.825  -82.268  -10.295 0.3000000119
109403  32.770  -82.143  -5.786 0.3000000119
118397  32.693  -82.473  -6.647 0.3000000119
2670  32.738  -83.657  -6.847 0.3000000119
2217  32.675  -83.988  -7.441 0.3000000119
2219  31.415  -85.339  -7.801 0.3000000119
3679  32.147  -81.405  -5.658 0.3000000119
129038  32.194  -81.842  -7.106 0.3000000119
117200  32.857  -83.157  -7.399 0.3000000119
2233  32.497  -84.316  -8.353 0.3000000119
2218  32.090  -84.743  -7.529 0.3000000119
3696  31.471  -81.734  -7.815 0.3000000119
3198  31.740  -82.141  -8.580 0.3000000119
3197  32.633  -82.804  -8.478 0.3000000119
2714  32.761  -83.079  -10.001 0.3000000119
3209  32.185  -82.437  -9.415 0.3000000119
115251  32.492  -82.711  -10.001 0.3000000119
3729  27.999  -81.622  -10.304 0.3000000119
126685  27.082  -81.715  -10.377 0.3000000119
4175  31.453  -80.964  -6.335 0.3000000119
4205  27.059  -80.411  -9.638 0.3000000119
2667  31.718  -83.942  -6.391 0.3000000119
3217  32.320  -82.938  -10.803 0.3000000119
3685  32.268  -81.616  -6.446 0.3000000119
2660  32.759  -83.091  -5.596 0.3000000119
3179  32.365  -82.438  -7.647 0.3000000119
2688  32.770  -83.386  -8.376 0.3000000119
2260  32.608  -83.800  -10.337 0.3000000119
5248  25.108  -78.640  -9.554 0.3000000119
6523  30.971  -76.904  -13.157 0.3000000119
7251  30.340  -76.098  -12.550 0.3000000119
7252  29.362  -76.538  -12.519 0.3000000119
6526  28.080  -77.709  -13.007 0.4000000060
6527  27.299  -77.524  -12.978 0.4000000060
6502  26.570  -77.074  -12.702 0.3000000119
6528  25.602  -76.864  -12.124 0.3000000119
6549  29.314  -77.711  -13.645 0.4000000060
6550  28.375  -77.738  -13.572 0.4000000060
7267  27.797  -77.576  -13.553 0.4000000060
7269  26.545  -76.734  -13.236 0.3000000119
7299  28.658  -75.724  -14.608 0.4000000060
7283  27.884  -76.191  -14.051 0.4000000060
7977  26.226  -75.285  -14.107 0.3000000119
7300  28.019  -75.189  -15.104 0.3000000119
7929  31.910  -74.709  -10.964 0.3000000119
7235  31.893  -75.377  -11.899 0.3000000119
7961  29.753  -75.178  -12.127 0.4000000060
7253  28.336  -76.776  -12.415 0.4000000060
7254  27.388  -77.072  -12.373 0.3000000119
7237  26.550  -77.028  -12.288 0.3000000119
6503  25.688  -76.904  -11.912 0.3000000119
113604  31.835  -76.418  -12.682 0.3000000119
128467  31.630  -77.207  -13.300 0.3000000119
6547  31.464  -77.479  -13.835 0.3000000119
6548  30.310  -77.512  -13.770 0.3000000119
6573  29.063  -77.495  -14.068 0.4000000060
6570  32.060  -77.295  -14.451 0.3000000119
6571  30.927  -77.304  -14.303 0.3000000119
6572  29.939  -77.357  -14.118 0.4000000060
6574  28.446  -77.320  -14.052 0.4000000060
7280  31.403  -76.655  -14.836 0.3000000119
7297  30.235  -75.535  -15.314 0.4000000060
7298  29.375  -75.385  -15.274 0.4000000060
8019  31.435  -74.706  -16.442 0.3000000119
8020  30.594  -74.832  -16.234 0.4000000060
128713  29.926  -74.912  -16.096 0.4000000060
8022  28.455  -74.777  -16.140 0.4000000060
8044  31.915  -74.361  -17.028 0.3000000119
122309  29.981  -74.409  -17.007 0.4000000060
8045  30.775  -74.107  -16.945 0.3000000119
9570  29.376  -72.678  -5.778 0.3000000119
9589  29.544  -72.926  -7.305 0.3000000119
9590  28.977  -73.001  -7.012 0.3000000119
8739  28.798  -73.474  -8.490 0.3000000119
7920  31.577  -74.156  -10.070 0.3000000119
8751  31.248  -73.682  -9.245 0.3000000119
8752  30.265  -73.380  -9.528 0.3000000119
118785  28.841  -73.540  -9.447 0.3000000119
7223  33.429  -75.880  -10.214 0.3000000119
7224  32.671  -75.264  -10.610 0.3000000119
7930  31.005  -74.209  -10.646 0.3000000119
8768  30.183  -73.719  -10.354 0.3000000119
8770  29.092  -74.006  -10.884 0.3000000119
7933  27.980  -74.615  -11.025 0.3000000119
127939  27.122  -75.637  -11.238 0.3000000119
7225  26.233  -76.648  -11.149 0.3000000119
6485  26.211  -76.717  -10.361 0.3000000119
5836  25.970  -77.223  -9.869 0.3000000119
7234  33.130  -75.832  -11.209 0.3000000119
7296  31.844  -75.384  -15.563 0.3000000119
117097  31.031  -75.562  -15.479 0.3000000119
7295  32.521  -75.270  -15.731 0.3000000119
8043  32.753  -74.402  -17.501 0.3000000119
8860  31.246  -73.682  -16.790 0.3000000119
112380  29.605  -72.520  -4.954 0.3000000119
9578  30.373  -72.670  -6.451 0.3000000119
8730  30.752  -73.142  -7.724 0.3000000119
9600  29.919  -72.976  -7.950 0.3000000119
8735  32.120  -74.086  -8.563 0.3000000119
8737  30.470  -73.233  -8.624 0.3000000119
113295  25.740  -77.911  -9.587 0.3000000119
123403  29.968  -72.211  -3.225 0.3000000119
9568  30.589  -72.360  -5.100 0.3000000119
9577  31.042  -73.045  -6.772 0.3000000119
121591  31.512  -73.504  -7.420 0.3000000119
8736  31.367  -73.531  -8.261 0.3000000119
7906  32.688  -74.716  -9.016 0.3000000119
9560  30.191  -72.256  -4.216 0.3000000119
8714  31.548  -72.715  -5.161 0.3000000119
114043  31.745  -73.599  -6.695 0.3000000119
125271  31.986  -73.879  -7.805 0.3000000119
5837  25.137  -77.809  -10.176 0.3000000119
6486  24.628  -77.591  -11.008 0.3000000119
6504  25.012  -77.214  -11.467 0.3000000119
6551  27.279  -77.510  -13.201 0.3000000119
7268  27.182  -76.867  -13.505 0.4000000060
8021  29.264  -74.656  -16.656 0.4000000060
8042  33.345  -74.236  -17.683 0.3000000119
7250  31.173  -75.643  -12.331 0.3000000119
6524  29.824  -77.360  -13.122 0.3000000119
7960  30.516  -75.141  -12.045 0.3000000119
6525  28.839  -77.648  -13.058 0.4000000060
108972  27.754  -77.661  -13.324 0.4000000060
7282  29.729  -76.529  -14.527 0.4000000060
123946  32.424  -75.403  -11.417 0.3000000119
7931  30.445  -74.246  -10.988 0.3000000119
7945  29.368  -74.500  -11.517 0.3000000119
7944  30.170  -74.561  -11.572 0.3000000119
7236  27.954  -75.403  -11.718 0.4000000060
7249  32.740  -76.113  -12.196 0.3000000119
6522  32.295  -77.291  -13.332 0.3000000119
6546  32.324  -77.611  -14.023 0.3000000119
7281  30.587  -76.651  -14.712 0.4000000060
8018  32.286  -74.784  -16.858 0.3000000119
8738  29.516  -73.221  -8.850 0.3000000119
8769  29.479  -73.732  -10.438 0.3000000119
7932  28.568  -74.149  -10.702 0.3000000119
8017  33.012  -74.853  -16.877 0.3000000119
11284  18.754  -70.885  -10.481 0.4000000060
2665  32.870  -83.171  -6.433 0.3000000119
2704  32.709  -83.631  -9.321 0.3000000119
3173  32.898  -82.731  -5.927 0.3000000119
3208  32.761  -82.944  -9.308 0.3000000119
3221  26.513  -82.115  -10.700 0.3000000119
3727  30.366  -81.688  -10.878 0.3000000119
3730  26.336  -81.409  -10.223 0.3000000119
4189  31.397  -81.183  -7.102 0.3000000119
4190  30.666  -80.588  -7.445 0.3000000119
4208  23.981  -80.078  -9.799 0.5000000000
4218  25.396  -80.958  -10.059 0.3000000119
4219  24.367  -80.748  -10.205 0.5000000000
4221  22.842  -80.151  -10.793 0.4000000060
4240  22.269  -80.304  -12.441 0.4000000060
4717  27.032  -79.615  -9.447 0.3000000119
4719  24.639  -79.331  -9.547 0.5000000000
4720  24.001  -79.429  -9.710 0.5000000000
4723  22.713  -79.332  -10.728 0.5000000000
5250  23.671  -79.010  -9.907 0.5000000000
5275  22.034  -78.300  -12.240 0.4000000060
5863  21.924  -76.874  -12.676 0.5000000000
7238  24.604  -76.390  -11.727 0.3000000119
7284  27.070  -75.665  -13.940 0.3000000119
7919  32.355  -74.627  -10.012 0.3000000119
7943  31.052  -74.786  -11.518 0.3000000119
7946  28.583  -74.545  -11.350 0.3000000119
7962  28.830  -75.248  -12.022 0.3000000119
8050  24.570  -73.911  -18.033 0.4000000060
8059  28.599  -74.146  -17.544 0.4000000060
8729  32.138  -74.088  -7.047 0.3000000119
8750  32.041  -74.184  -9.418 0.3000000119
8753  29.495  -73.451  -9.828 0.3000000119
8754  28.926  -73.710  -10.244 0.3000000119
8767  30.841  -73.736  -9.998 0.3000000119
8783  29.794  -74.071  -10.949 0.3000000119
8854  37.800  -72.932  -17.035 0.3000000119
8857  34.664  -73.364  -17.568 0.3000000119
8863  23.954  -72.343  -18.212 0.4000000060
8872  28.285  -73.636  -17.646 0.5000000000
9569  30.063  -72.412  -5.825 0.3000000119
9579  29.587  -72.719  -6.542 0.3000000119
9588  30.206  -72.857  -7.141 0.3000000119
9601  29.218  -73.185  -7.853 0.3000000119
9602  21.274  -72.451  -8.570 0.5000000000
9638  23.723  -72.229  -10.209 0.6000000238
9653  25.318  -72.133  -11.532 0.6999999881
9667  31.875  -72.236  -13.085 0.4000000060
9687  31.714  -72.238  -13.699 0.4000000060
9705  33.680  -72.392  -15.256 0.4000000060
9722  34.908  -72.584  -16.899 0.4000000060
9745  37.286  -72.373  -17.394 0.3000000119
9748  34.369  -72.997  -17.489 0.4000000060
9767  27.928  -73.122  -17.546 0.6000000238
10431  13.309  -71.219  -5.112 0.3000000119
10466  24.099  -71.108  -9.779 0.6000000238
10503  31.157  -71.183  -11.673 0.5000000000
10511  35.981  -71.177  -12.950 0.3000000119
10541  36.732  -71.606  -15.032 0.3000000119
10560  29.337  -71.212  -15.952 0.6000000238
10569  30.096  -70.830  -17.095 0.4000000060
11199  14.216  -70.994  -3.256 0.3000000119
11200  13.727  -71.174  -3.783 0.3000000119
11220  13.516  -70.683  -5.171 0.4000000060
11233  12.052  -70.551  -7.898 0.5000000000
11242  21.542  -71.414  -8.674 0.5000000000
11276  32.062  -70.075  -10.393 0.6000000238
11279  25.067  -70.270  -10.940 0.6999999881
11282  20.348  -70.289  -9.842 0.5000000000
11300  31.636  -70.659  -10.987 0.5000000000
11304  26.158  -71.134  -11.798 0.6999999881
11306  18.366  -70.581  -11.258 0.5000000000
11373  29.927  -70.518  -16.839 0.4000000060
12023  13.191  -69.221  -5.501 0.4000000060
12024  12.840  -69.207  -5.982 0.4000000060
12041  11.940  -69.708  -7.820 0.4000000060
12062  31.742  -69.144  -10.004 0.4000000060
12063  31.591  -69.527  -10.073 0.4000000060
12064  30.309  -69.430  -9.952 0.6000000238
12066  22.163  -69.862  -9.378 0.5000000000
12083  23.676  -69.731  -10.308 0.6000000238
12105  27.812  -69.235  -12.189 0.6000000238
12107  23.575  -69.185  -11.014 0.6999999881
12109  21.658  -69.059  -10.984 0.6999999881
12128  19.059  -69.174  -12.255 0.5000000000
12790  14.846  -68.620  -4.302 0.4000000060
12797  13.222  -68.405  -5.310 0.4000000060
12799  12.013  -67.935  -6.190 0.4000000060
12817  10.992  -67.780  -6.761 0.6000000238
12841  30.717  -68.881  -9.827 0.4000000060
12854  31.877  -68.720  -10.220 0.4000000060
12858  28.399  -68.339  -10.650 0.6000000238
12871  27.945  -68.864  -11.141 0.6000000238
12892  22.700  -68.465  -12.995 0.6999999881
12893  21.321  -68.478  -12.605 0.6999999881
12933  25.613  -68.458  -15.874 0.6999999881
12936  22.278  -67.872  -14.878 0.6999999881
12951  25.193  -68.396  -16.968 0.6000000238
12959  24.935  -68.136  -17.250 0.6000000238
13575  13.371  -67.589  -0.605 0.3000000119
13576  12.415  -67.220  -0.742 0.3000000119
13610  14.095  -67.509  -4.669 0.4000000060
13618  11.709  -67.484  -5.895 0.4000000060
13659  9.541  -67.171  -7.517 0.6000000238
13681  10.129  -67.724  -7.977 0.6000000238
13697  10.075  -67.902  -8.714 0.5000000000
13714  8.925  -67.845  -9.909 0.5000000000
13729  28.030  -67.107  -11.401 0.6999999881
13731  11.618  -67.097  -11.289 0.5000000000
13758  19.553  -67.468  -13.810 0.6000000238
13772  21.566  -67.680  -14.994 0.6000000238
13788  25.189  -68.069  -17.268 0.6999999881
14409  14.729  -66.823  -0.249 0.4000000060
14419  17.374  -66.240  -1.977 0.4000000060
14420  16.869  -66.703  -1.515 0.4000000060
14421  16.199  -67.070  -1.033 0.4000000060
14460  11.136  -65.912  -5.388 0.5000000000
14462  9.753  -65.688  -5.891 0.6000000238
14496  12.917  -65.877  -7.918 0.5000000000
14512  16.278  -67.137  -8.880 0.6000000238
14513  15.488  -66.957  -8.791 0.4000000060
14517  8.599  -65.905  -8.639 0.6000000238
14529  23.575  -66.878  -9.634 0.6000000238
14535  17.591  -66.723  -9.777 0.5000000000
14538  15.002  -66.455  -9.214 0.5000000000
14540  8.935  -66.771  -8.982 0.6000000238
14582  28.670  -66.189  -11.866 0.5000000000
14583  23.277  -66.112  -11.195 0.6999999881
14584  22.261  -66.292  -11.202 0.6000000238
14586  20.589  -65.727  -11.429 0.6999999881
14587  20.002  -65.663  -11.169 0.6000000238
14608  9.753  -66.310  -11.963 0.5000000000
14619  19.625  -66.578  -14.407 0.6999999881
14626  25.424  -67.375  -16.959 0.6999999881
14628  24.079  -66.539  -16.190 0.6000000238
14630  21.584  -66.697  -15.314 0.6000000238
15322  15.908  -65.833  -0.281 0.4000000060
15327  11.127  -65.315  -1.033 0.3000000119
15334  10.264  -65.797  -1.734 0.4000000060
15376  11.832  -65.643  -4.948 0.4000000060
15377  11.302  -65.042  -5.012 0.5000000000
15379  9.970  -64.749  -5.650 0.5000000000
15393  11.604  -64.724  -7.329 0.6000000238
15394  9.375  -64.698  -6.142 0.6000000238
15441  16.257  -65.867  -10.054 0.6000000238
15444  13.679  -65.478  -9.483 0.5000000000
15466  17.910  -65.497  -11.228 0.6000000238
15470  7.197  -65.080  -11.013 0.5000000000
15486  23.807  -65.359  -11.722 0.6000000238
15491  17.730  -64.514  -11.711 0.6000000238
15492  16.982  -64.322  -11.638 0.6000000238
15495  10.586  -65.233  -10.976 0.5000000000
15496  8.896  -64.918  -11.814 0.5000000000
15517  8.441  -65.492  -12.242 0.5000000000
15518  7.385  -65.460  -12.235 0.5000000000
15524  18.292  -64.776  -13.707 0.6999999881
15532  20.872  -65.069  -14.555 0.6999999881
15533  20.067  -65.288  -14.526 0.6999999881
15545  21.259  -65.833  -15.067 0.6999999881
16235  14.851  -64.546  0.258 0.4000000060
16237  12.881  -64.672  -0.246 0.3000000119
16239  11.486  -64.286  -0.671 0.3000000119
16284  11.306  -63.859  -5.158 0.4000000060
16332  11.454  -64.157  -6.383 0.6000000238
16333  9.255  -63.502  -6.277 0.6000000238
16355  10.931  -63.854  -6.945 0.6000000238
16357  8.593  -63.707  -7.735 0.6000000238
16370  11.159  -64.321  -8.260 0.5000000000
16371  8.256  -63.845  -8.759 0.6000000238
16385  8.159  -63.966  -9.614 0.5000000000
16397  15.203  -64.040  -11.298 0.5000000000
16398  14.604  -63.849  -10.742 0.5000000000
16414  18.134  -64.324  -12.179 0.6000000238
16417  15.806  -63.930  -11.878 0.5000000000
16419  11.286  -63.660  -11.065 0.6000000238
16420  10.489  -64.124  -11.016 0.6000000238
16423  7.729  -64.957  -10.688 0.5000000000
16439  18.554  -64.430  -12.769 0.6000000238
16442  14.404  -63.891  -12.370 0.5000000000
16448  28.543  -64.142  -15.398 0.6000000238
16454  20.067  -64.284  -13.463 0.6999999881
16460  13.933  -64.646  -12.887 0.4000000060
16462  28.240  -63.736  -15.732 0.6000000238
16464  23.613  -63.810  -14.796 0.6000000238
16469  27.832  -63.678  -16.051 0.6000000238
17221  11.480  -63.829  -5.400 0.4000000060
17269  9.279  -62.602  -7.008 0.5000000000
17270  8.922  -62.530  -7.600 0.6000000238
17278  9.663  -62.953  -8.201 0.6000000238
17279  9.214  -62.462  -7.613 0.5000000000
17285  12.428  -62.680  -9.675 0.6000000238
17287  8.508  -63.281  -10.008 0.5000000000
17295  9.401  -63.044  -10.380 0.6000000238
17306  16.167  -64.008  -12.344 0.5000000000
17309  13.385  -62.718  -11.419 0.6000000238
17313  9.556  -63.377  -10.716 0.5000000000
17324  14.587  -63.596  -11.973 0.5000000000
17325  13.922  -63.144  -11.912 0.6000000238
17329  28.185  -63.345  -14.723 0.6000000238
17335  27.224  -63.347  -15.411 0.6000000238
17336  26.185  -63.525  -15.279 0.6000000238
17979  11.304  -62.935  -0.635 0.3000000119
18083  9.064  -62.401  -7.742 0.6000000238
18089  9.026  -62.534  -8.542 0.6000000238
18093  12.819  -62.320  -9.989 0.6000000238
18097  8.997  -62.749  -9.614 0.6000000238
18101  12.943  -62.350  -10.407 0.5000000000
18104  9.632  -62.703  -10.018 0.6000000238
18112  13.371  -62.514  -10.871 0.5000000000
18114  11.983  -62.466  -10.615 0.6000000238
18777  16.270  -61.784  -0.209 0.3000000119
18780  13.639  -61.897  -0.261 0.4000000060
18781  12.333  -61.776  -0.482 0.3000000119
18782  11.082  -61.640  -0.811 0.3000000119
18794  8.773  -61.980  -1.910 0.3000000119
18809  9.129  -61.126  -2.167 0.3000000119
19668  10.630  -60.549  -1.576 0.3000000119
19683  9.487  -60.381  -2.558 0.5000000000
20593  11.357  -59.200  -2.514 0.3000000119
20618  10.022  -58.768  -4.480 0.3000000119
20633  9.021  -58.612  -5.947 0.3000000119
21568  12.724  -58.891  -1.823 0.3000000119
21593  11.543  -58.524  -3.903 0.3000000119
21602  10.596  -58.400  -5.149 0.3000000119
21619  12.104  -58.060  -5.880 0.3000000119
22541  13.461  -57.523  -6.479 0.3000000119
22582  11.669  -57.285  -6.706 0.3000000119
23495  13.883  -57.174  -7.050 0.3000000119
23521  11.104  -56.734  -6.432 0.3000000119
108080  30.895  -72.650  -5.893 0.3000000119
108542  24.429  -69.863  -10.642 0.6999999881
110813  8.296  -65.197  -8.194 0.6000000238
111312  17.377  -66.859  -14.158 0.6000000238
111876  11.576  -62.388  -10.216 0.6000000238
112979  29.081  -76.669  -14.383 0.4000000060
113011  10.914  -68.000  -7.662 0.6000000238
114379  12.298  -62.713  -11.218 0.6000000238
114443  13.064  -65.934  -0.369 0.3000000119
114765  37.814  -70.701  -14.818 0.3000000119
115776  22.928  -63.988  -14.738 0.6000000238
115857  12.097  -57.797  -6.528 0.3000000119
116029  16.798  -67.543  -8.251 0.4000000060
116382  11.666  -67.864  -0.784 0.3000000119
116476  29.642  -64.905  -13.326 0.5000000000
117651  29.331  -80.392  -9.883 0.3000000119
118020  17.309  -61.966  -0.160 0.3000000119
118309  19.774  -65.962  -14.602 0.6999999881
118530  24.062  -67.860  -16.478 0.6000000238
118591  12.605  -65.128  -6.790 0.5000000000
118833  9.921  -62.866  -6.232 0.6000000238
119112  22.243  -79.803  -11.848 0.4000000060
119481  25.186  -63.786  -14.887 0.6000000238
120167  24.342  -64.685  -15.204 0.6999999881
120321  27.711  -80.018  -9.633 0.3000000119
120374  14.439  -62.293  -0.103 0.3000000119
120965  27.431  -63.145  -13.801 0.6000000238
121439  21.009  -65.471  -12.003 0.6999999881
121814  13.025  -60.581  -0.872 0.3000000119
122902  11.779  -64.700  -8.591 0.6000000238
123286  13.009  -61.632  -0.412 0.4000000060
123401  25.578  -72.279  -18.294 0.5000000000
123527  30.607  -69.950  -10.183 0.6000000238
123565  13.380  -65.933  -8.561 0.5000000000
123794  24.267  -71.850  -10.357 0.6999999881
123895  38.450  -69.956  -14.126 0.3000000119
126053  13.555  -69.909  -5.161 0.4000000060
126098  11.902  -63.250  -11.361 0.6000000238
126239  16.625  -64.164  -12.924 0.5000000000
126561  25.647  -80.251  -9.634 0.3000000119
126751  27.948  -64.385  -15.733 0.6000000238
126906  12.873  -62.704  -11.510 0.6000000238
126963  15.678  -61.383  -0.416 0.3000000119
127037  26.317  -64.437  -11.144 0.5000000000
127185  22.082  -73.238  -9.794 0.6000000238
127187  24.129  -63.388  -13.909 0.6000000238
127190  25.205  -64.535  -12.330 0.6000000238
129072  30.481  -80.661  -8.652 0.3000000119
129915  11.228  -66.027  -1.329 0.3000000119
130026  25.254  -69.692  -12.096 0.8000000119
