#!ascii label  , from subject freesurfer vox2ras=TkReg
2262
10405  36.362  -72.046  -4.109 0.2000000030
10403  37.663  -70.847  -3.515 0.2000000030
10417  36.097  -71.987  -4.421 0.2000000030
120202  37.234  -71.296  -2.673 0.2000000030
9576  35.103  -73.133  -6.253 0.1000000015
10389  38.136  -71.090  -2.465 0.3000000119
10416  36.615  -71.366  -4.057 0.2000000030
10429  35.878  -72.454  -4.925 0.1000000015
121206  35.920  -72.786  -4.477 0.2000000030
10418  35.410  -71.480  -4.908 0.1000000015
9567  35.573  -72.777  -5.461 0.1000000015
10437  34.630  -72.115  -6.185 0.1000000015
10443  34.111  -71.526  -6.928 0.1000000015
120747  34.339  -72.361  -6.863 0.1000000015
11240  34.541  -70.541  -8.417 0.1000000015
112352  34.176  -72.044  -7.707 0.1000000015
10453  34.429  -71.378  -8.494 0.1000000015
12047  35.431  -69.508  -8.477 0.2000000030
11254  34.972  -70.981  -9.068 0.1000000015
12014  35.104  -69.883  -4.125 0.1000000015
12015  34.534  -70.060  -4.707 0.1000000015
11226  34.252  -71.168  -6.107 0.1000000015
11209  35.808  -71.083  -4.442 0.1000000015
10430  34.990  -71.778  -5.480 0.1000000015
11231  34.087  -70.453  -6.986 0.1000000015
12038  34.981  -69.146  -7.868 0.1000000015
12814  36.093  -68.171  -7.934 0.2000000030
12815  35.330  -68.465  -7.592 0.2000000030
13643  37.217  -67.283  -7.933 0.1000000015
12046  36.225  -69.303  -8.675 0.2000000030
127230  37.827  -66.352  -7.723 0.2000000030
14490  38.397  -66.133  -7.850 0.1000000015
14489  39.234  -65.788  -7.973 0.1000000015
121005  34.061  -70.317  -6.028 0.1000000015
12022  34.223  -69.669  -5.453 0.1000000015
12039  34.374  -69.640  -7.451 0.1000000015
16346  37.790  -65.299  -7.047 0.2000000030
16345  38.272  -64.860  -6.969 0.2000000030
16312  39.103  -64.090  -6.804 0.2000000030
15403  38.548  -65.380  -7.433 0.2000000030
17260  39.740  -64.264  -7.348 0.1000000015
124673  40.189  -64.855  -7.737 0.2000000030
12030  34.182  -69.640  -6.495 0.1000000015
119892  34.294  -68.989  -6.101 0.1000000015
12816  34.608  -68.860  -6.969 0.1000000015
12803  35.075  -68.028  -6.967 0.2000000030
14492  36.122  -66.575  -7.078 0.2000000030
13644  36.343  -67.352  -7.600 0.3000000119
17230  39.682  -63.421  -6.733 0.3000000119
17259  40.383  -63.706  -7.251 0.2000000030
17258  41.231  -63.728  -7.241 0.2000000030
112497  41.930  -65.198  -7.583 0.2000000030
15383  37.123  -65.297  -6.681 0.3000000119
125892  35.638  -67.849  -7.449 0.2000000030
17207  39.170  -62.981  -5.992 0.3000000119
18040  40.686  -62.194  -5.510 0.3000000119
18021  41.226  -61.872  -4.859 0.3000000119
18061  41.111  -62.623  -6.252 0.3000000119
17228  41.657  -63.161  -6.855 0.2000000030
16342  41.987  -64.502  -7.367 0.2000000030
16311  43.097  -64.522  -7.190 0.2000000030
120632  40.171  -61.569  -3.806 0.4000000060
18042  38.704  -62.578  -5.382 0.3000000119
117124  39.955  -62.170  -5.413 0.3000000119
16314  37.652  -64.641  -6.515 0.2000000030
17231  38.776  -63.650  -6.337 0.2000000030
129051  41.962  -62.140  -4.942 0.3000000119
17257  42.124  -63.835  -7.151 0.2000000030
18038  42.560  -62.529  -5.540 0.2000000030
17227  42.780  -63.613  -6.774 0.2000000030
18801  41.377  -61.122  -2.397 0.3000000119
18830  40.993  -61.609  -4.018 0.3000000119
111309  42.731  -62.225  -4.639 0.2000000030
120149  44.385  -63.026  -4.464 0.2000000030
18020  43.581  -62.317  -4.233 0.2000000030
123633  44.686  -63.724  -5.066 0.1000000015
18059  43.372  -63.228  -6.143 0.2000000030
18058  44.576  -64.165  -5.648 0.2000000030
16310  44.310  -64.740  -6.464 0.2000000030
18800  42.227  -61.331  -2.635 0.3000000119
125217  42.341  -61.666  -3.252 0.3000000119
18817  41.604  -61.500  -3.237 0.3000000119
19690  43.540  -61.045  -2.612 0.2000000030
18799  43.065  -61.588  -2.842 0.3000000119
18815  43.965  -61.684  -3.172 0.2000000030
18829  41.937  -61.806  -4.118 0.3000000119
18007  43.522  -61.939  -3.475 0.1000000015
18006  44.229  -62.358  -3.755 0.1000000015
18019  45.646  -63.509  -3.978 0.1000000015
115656  44.939  -63.169  -3.802 0.1000000015
18814  44.735  -62.355  -3.528 0.1000000015
17206  45.235  -64.433  -5.419 0.1000000015
126089  42.503  -60.233  -2.124 0.3000000119
20589  43.194  -60.300  -2.431 0.2000000030
20606  43.465  -59.353  -3.011 0.2000000030
21588  43.787  -58.470  -3.599 0.2000000030
22521  44.381  -58.021  -3.860 0.1000000015
20605  43.904  -60.317  -2.781 0.1000000015
110364  44.279  -59.354  -3.396 0.1000000015
118063  44.505  -60.250  -3.220 0.1000000015
124641  44.619  -61.597  -3.349 0.1000000015
18005  45.503  -63.020  -3.619 0.1000000015
18004  47.264  -63.734  -3.689 0.1000000015
21589  42.937  -58.402  -3.097 0.2000000030
21587  44.989  -58.743  -3.712 0.1000000015
20603  45.704  -59.246  -3.870 0.1000000015
20604  45.052  -59.719  -3.533 0.1000000015
123877  45.798  -60.053  -3.663 0.1000000015
19688  45.059  -60.812  -3.474 0.1000000015
118726  46.078  -60.988  -3.513 0.1000000015
17994  47.322  -62.823  -3.548 0.1000000015
18813  45.501  -62.017  -3.409 0.1000000015
21585  46.358  -58.162  -4.212 0.1000000015
18798  47.717  -61.767  -3.697 0.1000000015
18003  48.048  -63.398  -3.614 0.1000000015
22519  46.105  -57.283  -4.018 0.1000000015
118545  34.193  -70.966  -7.772 0.1000000015
11219  34.467  -70.707  -5.269 0.1000000015
13668  37.679  -67.694  -8.386 0.1000000015
17903  48.273  -62.309  4.996 0.5000000000
18700  48.860  -62.330  5.811 0.5000000000
18712  48.510  -61.886  4.486 0.5000000000
125209  47.864  -62.192  4.665 0.5000000000
127070  47.261  -61.676  4.914 0.5000000000
19543  50.748  -60.654  7.992 0.2000000030
18681  50.205  -61.788  7.845 0.2000000030
19544  50.050  -60.286  6.957 0.3000000119
18699  49.389  -61.323  6.452 0.3000000119
18711  48.941  -61.396  5.107 0.5000000000
19575  49.179  -60.846  3.879 0.5000000000
18722  48.669  -61.258  3.209 0.5000000000
18723  48.538  -61.426  3.207 0.5000000000
18702  47.037  -61.919  5.657 0.5000000000
19562  46.505  -61.239  5.107 0.5000000000
18682  46.053  -61.727  7.171 0.5000000000
17013  44.444  -63.626  8.366 0.5000000000
20479  52.016  -58.796  7.090 0.3000000119
20480  51.289  -59.237  5.673 0.3000000119
19561  49.778  -60.198  5.244 0.5000000000
19588  48.245  -61.171  3.037 0.5000000000
18714  47.620  -61.527  3.973 0.5000000000
18703  46.202  -61.280  6.416 0.5000000000
19545  45.288  -61.034  7.007 0.5000000000
121195  41.207  -67.149  7.195 0.4000000060
15222  41.514  -65.602  8.171 0.5000000000
15201  42.256  -65.379  8.441 0.5000000000
115027  43.790  -64.566  8.406 0.5000000000
17855  44.703  -62.577  8.249 0.5000000000
13484  40.665  -67.107  6.482 0.4000000060
20462  51.654  -59.637  8.260 0.3000000119
21462  52.632  -58.143  6.266 0.4000000060
21473  51.796  -58.667  5.044 0.4000000060
114327  50.217  -59.947  3.542 0.5000000000
21487  50.197  -59.400  3.298 0.5000000000
19586  49.558  -60.356  2.997 0.5000000000
19587  48.952  -60.716  2.748 0.5000000000
20508  49.532  -59.743  2.746 0.5000000000
19602  48.816  -59.692  2.503 0.5000000000
19603  47.959  -60.042  2.722 0.5000000000
19589  47.133  -60.734  3.487 0.5000000000
19563  45.537  -60.803  5.896 0.5000000000
18666  44.145  -61.819  8.141 0.6000000238
16102  42.244  -64.644  8.575 0.5000000000
17014  43.318  -63.479  8.530 0.5000000000
17856  43.735  -62.589  8.397 0.5000000000
12706  40.906  -68.433  4.655 0.4000000060
12690  40.727  -67.969  6.106 0.4000000060
14317  40.806  -66.358  7.068 0.5000000000
123692  50.489  -57.245  11.873 0.1000000015
22335  51.624  -56.558  11.649 0.1000000015
23270  51.570  -56.068  11.980 0.1000000015
110697  51.059  -57.189  10.848 0.1000000015
23278  51.774  -56.788  11.065 0.1000000015
23279  51.575  -56.418  11.451 0.1000000015
22346  52.230  -57.138  10.663 0.1000000015
23288  51.937  -56.703  10.679 0.1000000015
114619  50.812  -56.338  10.585 0.1000000015
20449  54.085  -59.067  8.826 0.2000000030
22360  54.297  -58.324  9.158 0.1000000015
20478  53.601  -58.481  7.724 0.3000000119
21474  51.010  -59.061  3.980 0.5000000000
22380  53.463  -57.913  7.105 0.4000000060
22381  52.392  -57.973  5.937 0.4000000060
21475  50.234  -58.770  3.915 0.4000000060
21488  49.339  -59.036  2.884 0.5000000000
21503  48.589  -58.852  2.548 0.5000000000
20521  48.120  -58.831  2.351 0.5000000000
17015  42.474  -63.340  8.826 0.5000000000
15202  41.613  -64.812  8.428 0.5000000000
122980  40.533  -67.332  5.824 0.4000000060
12709  42.375  -68.738  3.287 0.5000000000
21378  50.491  -58.333  14.845 0.1000000015
22293  49.251  -57.876  13.286 0.1000000015
22292  50.545  -57.374  13.624 0.1000000015
22303  51.048  -56.660  12.766 0.1000000015
22320  51.367  -56.741  12.032 0.1000000015
22319  51.520  -56.247  12.180 0.1000000015
23271  50.849  -55.792  12.198 0.1000000015
22291  50.760  -56.783  13.523 0.1000000015
22290  51.239  -56.294  12.769 0.1000000015
115874  47.958  -55.599  8.557 0.2000000030
127113  47.382  -55.454  8.969 0.2000000030
22361  52.916  -57.522  9.896 0.1000000015
108128  53.671  -57.639  9.559 0.1000000015
23298  52.075  -56.809  9.555 0.1000000015
23299  50.575  -56.492  9.529 0.1000000015
23300  49.204  -56.171  8.503 0.2000000030
23308  53.981  -57.721  9.396 0.2000000030
23310  51.319  -56.699  7.877 0.2000000030
23311  49.569  -56.379  7.639 0.2000000030
24261  46.947  -55.299  8.552 0.2000000030
126478  52.747  -57.292  7.495 0.2000000030
23324  51.896  -57.283  6.656 0.2000000030
114646  51.046  -57.578  5.699 0.3000000119
22382  49.414  -57.406  5.892 0.3000000119
22397  48.882  -58.001  4.955 0.4000000060
21476  48.677  -58.350  3.660 0.5000000000
18683  43.605  -61.277  7.688 0.5000000000
18669  41.309  -61.567  8.056 0.5000000000
18685  41.776  -61.130  7.621 0.5000000000
19548  42.229  -60.747  6.968 0.5000000000
17858  41.235  -62.245  8.488 0.5000000000
18668  42.117  -61.799  8.452 0.5000000000
18667  43.166  -61.780  8.312 0.5000000000
19590  46.121  -60.387  3.932 0.5000000000
20509  46.830  -59.815  3.050 0.5000000000
16104  40.960  -64.351  8.340 0.5000000000
17016  40.736  -63.520  8.527 0.5000000000
109023  41.893  -62.733  8.921 0.5000000000
19547  43.090  -60.807  6.752 0.5000000000
14331  40.523  -66.233  6.385 0.5000000000
15223  40.835  -65.527  7.559 0.5000000000
17857  42.774  -62.570  8.651 0.5000000000
19546  44.081  -60.902  6.879 0.6000000238
16103  41.721  -63.800  8.780 0.5000000000
12710  41.196  -67.913  3.723 0.4000000060
21368  50.484  -58.272  14.943 0.1000000015
21393  50.194  -58.092  14.223 0.1000000015
22282  50.131  -57.594  14.770 0.1000000015
23246  49.754  -56.798  14.443 0.1000000015
121732  48.021  -57.071  14.584 0.1000000015
21392  50.375  -57.615  14.417 0.1000000015
23245  50.560  -57.099  14.218 0.1000000015
23253  50.895  -56.385  13.242 0.1000000015
23261  50.375  -55.864  13.046 0.1000000015
23272  49.103  -55.776  12.273 0.1000000015
23281  49.309  -55.961  11.294 0.1000000015
124182  48.143  -56.075  10.535 0.1000000015
23289  49.294  -56.201  10.394 0.1000000015
109457  47.144  -55.728  10.285 0.2000000030
24250  47.904  -55.815  9.582 0.2000000030
24260  49.148  -56.218  9.459 0.1000000015
23326  48.724  -56.672  6.806 0.3000000119
24272  47.123  -55.460  7.887 0.2000000030
22383  47.921  -57.437  5.898 0.3000000119
23313  46.871  -56.149  7.187 0.2000000030
118787  47.613  -57.860  4.675 0.4000000060
22384  46.930  -57.414  5.598 0.3000000119
22398  47.974  -57.682  2.543 0.4000000060
119687  41.423  -59.923  6.827 0.5000000000
20482  41.976  -59.694  6.391 0.5000000000
19566  42.444  -60.322  6.336 0.5000000000
21489  48.291  -58.212  2.258 0.5000000000
22386  41.704  -57.365  6.747 0.5000000000
22385  42.326  -57.206  6.209 0.5000000000
21479  42.830  -57.973  6.004 0.5000000000
20481  42.638  -59.624  5.976 0.5000000000
19565  43.113  -60.330  5.915 0.6000000238
20523  46.933  -58.891  2.489 0.5000000000
21505  47.646  -58.105  1.912 0.5000000000
22402  42.870  -57.126  5.740 0.5000000000
21478  43.498  -58.444  5.453 0.5000000000
120353  43.446  -59.545  5.464 0.6000000238
19564  44.417  -60.671  6.023 0.5000000000
20494  45.216  -60.103  4.461 0.5000000000
19579  43.862  -60.363  5.541 0.5000000000
19578  44.654  -60.514  5.121 0.5000000000
11935  45.255  -69.067  1.087 0.4000000060
12718  44.433  -68.960  1.840 0.4000000060
12705  41.536  -69.093  4.099 0.4000000060
22286  45.016  -56.834  14.800 0.1000000015
22285  46.114  -56.889  14.613 0.1000000015
23249  45.503  -56.167  14.321 0.1000000015
23247  48.302  -56.484  14.246 0.1000000015
23256  47.094  -55.891  14.040 0.1000000015
119438  49.079  -56.285  13.959 0.1000000015
24222  46.915  -55.590  13.490 0.1000000015
24233  47.705  -55.757  12.438 0.1000000015
129395  46.877  -55.579  11.894 0.1000000015
129831  46.378  -55.667  10.980 0.2000000030
107760  46.334  -55.471  10.084 0.2000000030
24252  45.942  -55.135  9.554 0.2000000030
24251  46.796  -55.384  9.365 0.2000000030
27022  45.437  -52.412  2.223 0.2000000030
27023  45.097  -52.759  2.120 0.2000000030
128936  45.363  -54.039  2.290 0.2000000030
25258  45.551  -54.480  2.124 0.2000000030
129903  46.004  -54.938  1.945 0.2000000030
26156  44.687  -53.687  2.299 0.2000000030
25246  45.150  -54.539  2.035 0.2000000030
24340  45.815  -54.973  1.903 0.2000000030
24326  46.085  -55.449  1.989 0.2000000030
119483  46.182  -55.566  2.096 0.3000000119
24325  46.324  -56.212  2.242 0.2000000030
24310  46.392  -56.225  2.323 0.4000000060
116137  43.474  -54.655  4.016 0.2000000030
24328  44.303  -54.831  2.834 0.3000000119
24312  44.686  -55.710  2.968 0.3000000119
23371  45.811  -56.087  2.273 0.3000000119
23370  46.473  -56.628  2.031 0.4000000060
23369  46.902  -56.750  1.774 0.5000000000
22399  46.969  -57.568  3.993 0.4000000060
111345  42.032  -55.695  6.235 0.5000000000
125607  42.483  -55.186  5.365 0.4000000060
24299  43.158  -55.737  4.925 0.4000000060
23355  44.027  -56.125  4.348 0.4000000060
22416  44.108  -57.018  4.636 0.4000000060
22415  44.880  -57.395  4.021 0.5000000000
22434  45.669  -56.965  2.617 0.5000000000
22433  46.518  -57.211  2.034 0.5000000000
22412  47.800  -57.661  1.878 0.5000000000
23339  43.333  -56.630  5.187 0.5000000000
22401  43.461  -57.516  5.391 0.5000000000
22400  44.202  -57.898  4.894 0.5000000000
21477  44.154  -58.954  4.843 0.5000000000
112912  44.257  -59.949  4.864 0.5000000000
20495  45.010  -59.187  4.247 0.5000000000
20510  46.064  -59.278  3.527 0.5000000000
23234  43.364  -56.404  15.425 0.1000000015
116989  44.551  -57.418  15.471 0.1000000015
23233  44.143  -56.663  15.086 0.1000000015
23251  43.783  -55.916  14.800 0.1000000015
24214  44.907  -55.556  14.071 0.1000000015
107366  44.212  -55.498  14.344 0.1000000015
24223  44.055  -55.017  13.962 0.1000000015
24226  45.952  -55.656  12.923 0.1000000015
112397  44.613  -55.319  12.863 0.1000000015
110334  45.980  -55.708  11.936 0.1000000015
24234  45.396  -55.468  11.240 0.2000000030
25173  44.552  -55.172  11.385 0.2000000030
24243  45.674  -55.315  10.371 0.2000000030
113748  46.439  -55.086  7.952 0.2000000030
27006  45.772  -52.768  2.814 0.1000000015
26143  45.581  -54.004  2.426 0.2000000030
111137  45.875  -54.361  2.913 0.2000000030
24273  46.242  -55.817  6.707 0.2000000030
127046  46.515  -51.995  4.354 0.1000000015
26993  46.174  -52.547  3.999 0.1000000015
26133  45.846  -53.393  3.461 0.1000000015
128262  46.140  -55.057  2.450 0.1000000015
23328  46.644  -56.649  6.249 0.2000000030
25236  45.925  -54.787  3.802 0.1000000015
24311  46.229  -55.525  3.088 0.1000000015
23338  46.584  -57.015  4.900 0.2000000030
22414  45.531  -57.664  3.283 0.5000000000
22432  47.369  -57.264  1.790 0.5000000000
21506  46.796  -58.153  2.267 0.5000000000
21491  44.907  -58.224  4.217 0.5000000000
21490  45.803  -58.294  3.365 0.5000000000
23215  42.996  -56.896  16.093 0.1000000015
23235  42.449  -56.274  15.627 0.1000000015
24216  42.121  -55.218  14.922 0.1000000015
24200  42.926  -55.690  15.010 0.1000000015
24215  42.847  -55.125  14.522 0.1000000015
115592  43.523  -55.302  14.449 0.1000000015
25157  43.449  -54.569  13.379 0.1000000015
25158  42.759  -54.225  13.631 0.1000000015
24235  44.228  -55.105  12.223 0.1000000015
24244  44.943  -55.056  10.605 0.2000000030
126536  44.736  -54.541  10.146 0.2000000030
25181  45.287  -54.803  9.866 0.2000000030
25187  45.597  -54.482  9.058 0.2000000030
24262  46.227  -54.946  8.712 0.2000000030
121321  46.061  -54.578  8.029 0.2000000030
123967  46.458  -55.504  7.420 0.2000000030
26982  45.805  -53.017  4.681 0.1000000015
109690  45.806  -53.911  4.324 0.1000000015
24288  45.831  -55.295  6.163 0.1000000015
24274  45.956  -55.050  7.187 0.2000000030
24298  45.990  -55.422  4.775 0.1000000015
24297  46.359  -56.198  3.918 0.2000000030
24186  40.422  -55.449  16.255 0.1000000015
24201  41.740  -55.767  15.518 0.1000000015
25121  39.564  -54.323  16.376 0.1000000015
24202  41.030  -55.051  15.409 0.1000000015
25148  40.230  -53.722  15.106 0.1000000015
25147  40.864  -54.116  14.843 0.1000000015
25145  42.452  -54.591  14.283 0.1000000015
25166  42.971  -54.014  12.855 0.1000000015
25175  43.059  -54.012  11.953 0.1000000015
25174  43.734  -54.564  11.477 0.1000000015
26066  43.161  -53.896  11.205 0.1000000015
25183  43.646  -53.986  10.632 0.1000000015
128292  45.886  -54.530  8.529 0.2000000030
25196  45.079  -53.837  8.830 0.2000000030
25206  45.730  -54.256  7.442 0.1000000015
28775  47.303  -50.698  5.067 0.1000000015
28777  46.065  -51.309  5.805 0.1000000015
27848  46.080  -52.143  5.113 0.1000000015
27838  45.484  -51.921  6.067 0.1000000015
125144  45.471  -52.708  5.704 0.1000000015
25225  45.643  -54.505  5.486 0.1000000015
26033  39.020  -53.121  15.888 0.1000000015
26041  39.806  -53.099  14.737 0.1000000015
26050  40.681  -53.222  13.673 0.1000000015
25167  42.212  -53.697  13.151 0.1000000015
26067  42.560  -53.466  11.443 0.1000000015
25189  44.278  -54.037  10.027 0.2000000030
26080  43.640  -53.327  9.825 0.1000000015
26079  44.395  -53.611  9.284 0.2000000030
25188  44.896  -54.215  9.526 0.2000000030
26088  44.628  -53.120  8.581 0.1000000015
112167  44.924  -51.045  7.091 0.1000000015
27839  45.041  -51.748  6.839 0.1000000015
27829  44.575  -51.484  7.629 0.1000000015
26963  44.933  -52.331  7.361 0.1000000015
26102  45.118  -52.929  7.933 0.1000000015
26101  45.471  -53.551  7.681 0.1000000015
26087  45.258  -53.475  8.295 0.1000000015
26973  45.201  -52.482  6.547 0.1000000015
26962  45.249  -53.022  7.089 0.1000000015
26111  45.469  -53.802  6.629 0.1000000015
129992  45.300  -53.117  6.302 0.1000000015
25215  45.672  -54.608  6.628 0.1000000015
26889  39.403  -52.426  14.417 0.1000000015
26051  40.020  -52.833  14.011 0.1000000015
26059  40.872  -52.995  12.915 0.1000000015
26910  41.085  -52.745  12.132 0.1000000015
26921  42.092  -52.860  10.953 0.1000000015
26934  42.990  -52.746  9.918 0.1000000015
28741  43.405  -50.048  8.599 0.1000000015
27823  43.450  -51.104  8.647 0.1000000015
27812  43.028  -51.579  9.146 0.1000000015
117890  43.533  -51.881  8.775 0.1000000015
26942  43.361  -52.469  9.264 0.1000000015
118052  44.639  -49.903  7.559 0.1000000015
29740  44.119  -49.926  7.996 0.1000000015
28740  44.040  -50.788  8.129 0.1000000015
26951  43.995  -52.451  8.659 0.1000000015
28764  45.139  -50.312  7.032 0.1000000015
28751  44.562  -50.561  7.547 0.1000000015
27822  44.053  -51.666  8.330 0.1000000015
26950  44.588  -52.324  8.105 0.1000000015
26922  41.379  -52.466  11.330 0.1000000015
27799  41.458  -51.281  10.459 0.1000000015
26935  42.382  -52.491  10.261 0.1000000015
27798  42.006  -51.705  9.975 0.1000000015
29741  43.839  -49.141  8.476 0.1000000015
28721  42.899  -50.660  9.108 0.1000000015
126183  44.512  -49.275  7.968 0.1000000015
19576  46.488  -60.980  4.203 0.5000000000
20493  51.140  -59.209  4.278 0.4000000060
22396  51.490  -58.339  4.695 0.4000000060
108956  51.540  -56.909  11.592 0.1000000015
23280  50.916  -55.924  11.406 0.1000000015
21450  54.023  -58.361  8.322 0.2000000030
128096  50.337  -57.966  4.934 0.4000000060
23260  51.381  -56.003  12.572 0.1000000015
117673  50.420  -56.475  8.582 0.2000000030
23325  50.251  -56.861  6.737 0.2000000030
23312  48.138  -55.887  7.603 0.3000000119
19567  41.905  -60.296  6.644 0.5000000000
22283  49.234  -57.118  14.926 0.1000000015
23248  47.152  -56.409  14.336 0.1000000015
126040  49.244  -56.043  13.476 0.1000000015
23262  48.647  -55.771  13.056 0.1000000015
23255  48.012  -56.043  13.558 0.1000000015
24242  47.700  -55.942  11.345 0.1000000015
23327  47.310  -56.883  6.709 0.3000000119
21464  41.666  -58.229  6.797 0.5000000000
21463  42.206  -58.792  6.277 0.5000000000
22372  41.140  -57.149  7.198 0.5000000000
23340  42.566  -56.307  5.748 0.5000000000
23250  44.595  -56.048  14.549 0.1000000015
124785  46.386  -56.150  14.210 0.1000000015
23257  45.989  -55.818  13.817 0.1000000015
123957  47.534  -55.631  13.137 0.1000000015
24225  46.828  -55.507  12.703 0.1000000015
112262  45.336  -53.329  2.347 0.2000000030
26155  45.193  -53.692  2.194 0.2000000030
25247  44.290  -54.109  2.657 0.2000000030
24327  45.447  -55.252  2.043 0.3000000119
23353  46.877  -56.693  2.525 0.4000000060
24314  43.055  -55.015  4.632 0.5000000000
24313  43.805  -55.303  4.059 0.4000000060
25237  43.486  -53.998  3.586 0.2000000030
23354  44.881  -56.559  3.566 0.5000000000
22413  47.455  -57.120  1.862 0.5000000000
25226  42.230  -54.321  5.538 0.5000000000
24227  45.205  -55.557  13.306 0.1000000015
24224  43.235  -54.733  14.060 0.1000000015
24228  44.072  -54.947  13.100 0.1000000015
108118  45.089  -55.546  12.232 0.1000000015
23216  42.056  -56.903  16.271 0.1000000015
23236  41.645  -56.334  15.964 0.1000000015
25146  41.613  -54.424  14.597 0.1000000015
25165  43.570  -54.554  12.492 0.1000000015
25182  44.268  -54.632  10.696 0.2000000030
27847  46.809  -51.452  4.999 0.1000000015
24287  46.225  -56.113  5.608 0.2000000030
26121  45.493  -53.528  5.545 0.1000000015
23218  40.059  -55.701  16.979 0.1000000015
25122  38.979  -53.685  16.659 0.1000000015
25134  39.927  -54.062  15.737 0.1000000015
25120  40.186  -54.744  15.966 0.1000000015
112566  40.475  -54.348  15.421 0.1000000015
26032  39.587  -53.400  15.435 0.1000000015
26040  40.474  -53.461  14.411 0.1000000015
25159  41.987  -53.941  13.920 0.1000000015
25160  41.180  -53.752  14.147 0.1000000015
26049  41.396  -53.483  13.394 0.1000000015
26057  42.358  -53.585  12.302 0.1000000015
25195  45.656  -54.056  8.302 0.2000000030
26879  39.169  -52.725  15.144 0.1000000015
26058  41.604  -53.268  12.602 0.1000000015
26068  41.825  -53.096  11.760 0.1000000015
26073  42.921  -53.272  10.605 0.1000000015
26089  43.959  -53.034  9.077 0.1000000015
109161  45.412  -51.141  6.538 0.1000000015
26900  39.628  -52.058  13.684 0.1000000015
26899  40.275  -52.584  13.303 0.1000000015
26911  40.478  -52.345  12.580 0.1000000015
121554  42.862  -49.855  9.239 0.1000000015
27813  42.454  -51.197  9.535 0.1000000015
27781  41.056  -51.695  11.067 0.1000000015
26936  41.665  -52.164  10.592 0.1000000015
26943  42.639  -52.083  9.615 0.1000000015
27814  41.856  -50.779  9.936 0.1000000015
29729  43.248  -49.122  9.185 0.1000000015
17011  48.067  -64.222  8.911 0.1000000015
17010  49.363  -64.382  8.509 0.1000000015
17009  50.328  -63.265  8.049 0.1000000015
17008  50.411  -63.119  7.991 0.1000000015
17853  48.763  -62.556  8.602 0.1000000015
18662  50.090  -61.913  8.259 0.1000000015
16082  46.947  -64.339  9.418 0.2000000030
18661  50.349  -61.498  8.086 0.1000000015
16081  47.972  -65.454  9.133 0.2000000030
16098  48.981  -65.435  8.771 0.1000000015
15179  47.903  -66.809  9.127 0.2000000030
16097  49.540  -65.147  8.305 0.1000000015
123409  50.372  -62.758  7.927 0.1000000015
15180  46.791  -66.593  9.171 0.2000000030
15196  48.740  -66.688  8.892 0.2000000030
17029  50.222  -63.772  7.933 0.2000000030
15194  49.621  -65.348  7.876 0.2000000030
16142  49.396  -64.933  7.146 0.2000000030
17870  49.969  -63.299  7.511 0.3000000119
17049  49.414  -64.142  6.997 0.3000000119
17890  49.082  -63.279  6.393 0.3000000119
15219  49.061  -66.569  7.811 0.2000000030
15241  49.018  -65.596  6.918 0.2000000030
13440  46.635  -69.099  9.125 0.2000000030
16143  48.817  -64.901  6.251 0.2000000030
13439  47.636  -69.308  8.993 0.2000000030
11042  42.880  -72.735  8.915 0.1000000015
14277  46.659  -67.826  9.025 0.2000000030
124193  48.469  -68.539  8.667 0.2000000030
14276  48.087  -68.563  9.236 0.2000000030
17050  48.549  -64.006  5.975 0.3000000119
17891  48.462  -62.823  5.590 0.4000000060
11838  44.684  -71.805  9.902 0.1000000015
13441  45.861  -69.080  9.180 0.1000000015
15243  48.057  -66.443  6.756 0.2000000030
16144  48.284  -65.441  6.162 0.2000000030
11041  43.203  -72.295  9.650 0.1000000015
17051  48.195  -63.929  5.805 0.4000000060
11837  45.043  -70.733  9.323 0.2000000030
13458  48.262  -68.976  8.219 0.2000000030
12632  45.744  -69.446  9.154 0.2000000030
11067  42.422  -72.270  7.803 0.1000000015
11066  42.772  -72.210  8.102 0.2000000030
10236  44.156  -73.510  9.215 0.1000000015
11053  43.644  -72.994  8.532 0.1000000015
119938  46.646  -69.202  9.146 0.2000000030
15220  47.426  -66.907  7.152 0.2000000030
16119  47.671  -65.935  6.438 0.2000000030
108520  47.455  -65.042  6.430 0.4000000060
11039  44.916  -72.201  9.352 0.1000000015
16120  46.826  -65.717  6.883 0.4000000060
17052  47.693  -63.536  6.054 0.4000000060
111887  46.167  -68.479  8.674 0.3000000119
11853  44.989  -70.948  9.293 0.2000000030
12648  44.510  -70.408  8.720 0.4000000060
117875  46.473  -64.465  7.425 0.4000000060
17871  46.949  -62.586  6.491 0.4000000060
126240  45.868  -67.538  7.843 0.3000000119
13461  44.127  -68.358  8.248 0.4000000060
112644  45.208  -69.468  8.762 0.3000000119
127347  47.087  -50.851  2.017 0.1000000015
27021  45.856  -52.008  2.434 0.1000000015
17031  47.051  -63.683  6.969 0.4000000060
15197  45.286  -65.961  7.829 0.4000000060
17032  46.036  -63.457  7.835 0.5000000000
14294  44.166  -67.475  8.208 0.4000000060
14293  45.053  -67.612  8.144 0.3000000119
15198  44.694  -66.392  8.098 0.4000000060
27877  46.469  -51.263  2.412 0.1000000015
125423  46.794  -50.607  1.653 0.1000000015
27897  45.735  -51.599  2.060 0.1000000015
123212  46.198  -62.684  7.403 0.4000000060
129220  45.270  -63.274  8.240 0.5000000000
17012  45.564  -64.115  8.186 0.5000000000
17872  45.504  -62.652  7.957 0.5000000000
27898  45.192  -51.905  2.017 0.1000000015
28846  44.923  -51.102  2.123 0.1000000015
117935  45.582  -51.236  1.970 0.1000000015
27007  44.103  -52.808  2.553 0.1000000015
16998  46.900  -63.415  9.242 0.1000000015
119430  48.727  -63.509  8.643 0.1000000015
18680  50.399  -62.482  8.028 0.1000000015
17852  49.945  -62.567  8.374 0.1000000015
17854  47.731  -63.013  8.729 0.1000000015
18663  49.363  -61.754  8.548 0.1000000015
19531  50.742  -60.502  8.093 0.1000000015
18701  47.874  -62.907  5.427 0.4000000060
27024  44.765  -53.013  2.214 0.1000000015
16083  45.803  -64.357  9.619 0.1000000015
117675  48.356  -64.624  5.935 0.3000000119
13483  47.128  -69.190  8.717 0.2000000030
17030  47.953  -64.497  5.887 0.4000000060
15221  46.249  -66.520  7.303 0.3000000119
16121  45.863  -65.244  7.690 0.4000000060
28844  46.096  -50.880  1.788 0.1000000015
27899  44.554  -52.135  2.239 0.1000000015
19534  47.569  -60.607  8.559 0.1000000015
123812  32.986  -69.039  6.105 0.1000000015
11909  32.394  -69.535  5.505 0.1000000015
10301  33.523  -71.787  4.676 0.1000000015
111131  32.181  -69.300  5.971 0.1000000015
117591  34.579  -71.405  5.394 0.1000000015
11872  32.355  -68.999  6.660 0.1000000015
11893  31.535  -69.392  6.307 0.1000000015
11895  30.057  -69.945  6.717 0.1000000015
11911  30.849  -69.690  5.505 0.1000000015
5055  36.531  -80.595  12.038 0.1000000015
10218  30.989  -71.874  11.027 0.1000000015
10239  29.664  -71.350  9.860 0.1000000015
11892  33.937  -69.244  5.945 0.1000000015
11045  29.752  -70.746  9.251 0.1000000015
11908  33.225  -69.587  5.494 0.1000000015
11859  30.088  -70.081  8.017 0.1000000015
11907  34.620  -69.976  5.622 0.1000000015
11069  29.331  -70.237  7.719 0.1000000015
5042  36.134  -80.337  14.243 0.1000000015
5054  37.170  -80.150  11.087 0.1000000015
5650  37.077  -79.772  10.890 0.1000000015
5011  35.593  -80.483  18.299 0.1000000015
5032  36.050  -79.952  16.018 0.1000000015
4504  36.618  -80.058  14.665 0.1000000015
4503  37.089  -80.151  13.646 0.1000000015
6292  35.111  -77.224  13.112 0.1000000015
8488  32.590  -73.749  13.072 0.1000000015
9353  31.222  -72.927  11.739 0.1000000015
12696  33.762  -68.671  6.664 0.1000000015
12653  33.190  -68.285  7.769 0.1000000015
11873  31.778  -69.113  7.259 0.1000000015
11891  34.588  -68.936  6.734 0.1000000015
11091  35.059  -72.144  6.127 0.1000000015
9421  34.114  -73.810  5.763 0.1000000015
5648  37.650  -79.065  12.003 0.1000000015
5640  37.158  -78.715  11.813 0.1000000015
4999  36.392  -79.828  18.560 0.1000000015
5023  35.989  -80.390  17.505 0.1000000015
5031  36.455  -79.826  16.093 0.1000000015
5041  37.421  -79.554  13.616 0.1000000015
5626  37.381  -77.720  12.982 0.1000000015
6291  36.203  -77.591  12.891 0.1000000015
6982  35.148  -75.704  14.295 0.1000000015
7698  34.025  -75.089  13.792 0.1000000015
7699  33.369  -74.716  13.385 0.1000000015
7685  33.767  -74.373  14.009 0.1000000015
8487  33.170  -74.006  13.492 0.1000000015
123884  32.591  -72.653  13.838 0.1000000015
9337  31.864  -72.205  12.914 0.1000000015
10201  31.845  -71.446  13.198 0.1000000015
10217  31.418  -71.464  11.340 0.1000000015
12638  31.783  -68.883  9.567 0.1000000015
12674  34.405  -68.342  7.359 0.1000000015
13470  33.387  -67.945  8.495 0.1000000015
12654  32.573  -68.376  8.484 0.1000000015
12637  32.336  -68.381  9.379 0.1000000015
11857  31.452  -69.337  8.790 0.1000000015
11890  35.856  -70.464  7.097 0.1000000015
11906  35.279  -70.848  6.243 0.1000000015
6980  37.364  -76.514  13.882 0.1000000015
5584  36.520  -78.827  18.547 0.1000000015
5009  36.763  -79.618  18.107 0.1000000015
5030  37.001  -79.267  15.873 0.1000000015
5625  37.452  -77.828  13.839 0.1000000015
6275  37.392  -76.975  13.633 0.1000000015
6981  36.201  -76.145  14.271 0.1000000015
7666  35.238  -74.276  15.065 0.1000000015
8458  33.870  -73.193  14.879 0.1000000015
10188  33.150  -71.693  15.238 0.1000000015
5593  36.989  -78.694  18.311 0.1000000015
5592  37.216  -78.321  17.617 0.1000000015
5021  36.918  -79.061  17.068 0.1000000015
5604  37.125  -77.961  16.191 0.1000000015
6265  37.450  -76.934  14.735 0.1000000015
8477  33.481  -73.636  14.171 0.1000000015
9326  33.485  -72.415  15.049 0.1000000015
10200  32.122  -71.297  14.135 0.1000000015
11787  31.904  -69.458  13.747 0.1000000015
11007  31.677  -70.793  12.627 0.1000000015
12583  31.882  -68.800  13.154 0.1000000015
125610  31.634  -70.062  12.137 0.1000000015
12608  31.886  -68.605  11.441 0.1000000015
11806  31.720  -69.282  11.811 0.1000000015
14266  32.898  -66.891  11.133 0.1000000015
127661  32.159  -68.097  11.395 0.1000000015
115517  31.395  -69.898  11.162 0.1000000015
126066  33.973  -67.439  8.639 0.1000000015
13471  32.994  -67.951  9.161 0.1000000015
13446  32.656  -67.859  9.983 0.1000000015
115774  35.098  -68.246  7.690 0.1000000015
12695  35.455  -69.163  7.175 0.1000000015
10274  35.584  -73.509  7.124 0.1000000015
11081  35.657  -72.120  6.866 0.1000000015
118310  36.139  -71.756  7.265 0.1000000015
7681  39.122  -75.273  13.148 0.1000000015
116672  36.921  -75.588  14.338 0.1000000015
6921  36.433  -76.637  18.256 0.1000000015
6941  37.240  -76.423  17.931 0.1000000015
117960  37.423  -76.797  17.844 0.1000000015
108438  37.670  -76.600  17.531 0.1000000015
127745  37.628  -76.296  15.448 0.1000000015
115892  37.683  -76.320  13.905 0.1000000015
115342  38.322  -75.784  13.725 0.1000000015
7665  36.335  -74.565  14.888 0.1000000015
8457  34.794  -73.412  15.264 0.1000000015
10171  34.021  -71.753  15.649 0.1000000015
6242  37.002  -77.557  18.277 0.1000000015
6255  37.524  -76.995  16.670 0.1000000015
108306  34.312  -70.736  16.015 0.1000000015
10172  33.250  -70.979  15.749 0.1000000015
123389  32.228  -70.445  14.565 0.1000000015
10983  32.676  -70.107  15.494 0.1000000015
10995  32.243  -69.672  14.697 0.1000000015
11773  32.500  -69.121  15.382 0.1000000015
11782  32.169  -68.964  14.580 0.1000000015
14240  32.518  -66.549  12.750 0.1000000015
13399  32.240  -67.362  12.867 0.1000000015
14300  35.172  -66.626  8.646 0.1000000015
15187  34.559  -65.308  9.530 0.1000000015
14281  34.177  -66.221  9.381 0.1000000015
14282  33.606  -66.615  9.766 0.1000000015
112437  32.810  -66.320  11.912 0.1000000015
114707  32.410  -67.634  11.330 0.1000000015
15205  35.613  -65.763  8.690 0.1000000015
13428  33.106  -67.124  10.265 0.1000000015
13468  35.334  -67.285  8.295 0.1000000015
13467  35.929  -67.319  8.148 0.1000000015
107260  35.687  -68.553  7.665 0.1000000015
10273  36.179  -73.259  7.265 0.1000000015
8430  36.840  -74.349  17.721 0.1000000015
7620  36.359  -75.434  17.958 0.1000000015
7638  38.537  -75.333  17.519 0.1000000015
6939  38.883  -75.565  17.072 0.1000000015
7682  37.676  -74.956  14.060 0.1000000015
7639  37.576  -75.499  17.684 0.1000000015
6940  37.962  -76.067  17.619 0.1000000015
6952  38.032  -75.967  16.377 0.1000000015
6966  39.128  -75.505  13.667 0.1000000015
8455  36.924  -73.860  14.720 0.1000000015
9307  37.141  -72.122  14.780 0.1000000015
115878  35.407  -71.931  15.606 0.1000000015
9324  37.949  -72.814  14.056 0.1000000015
109823  36.399  -70.753  15.356 0.1000000015
127979  34.179  -69.888  16.187 0.1000000015
10982  33.432  -70.109  16.087 0.1000000015
11772  32.990  -69.298  16.058 0.1000000015
112665  33.658  -68.557  16.102 0.1000000015
13369  32.595  -67.590  15.226 0.1000000015
14212  32.514  -66.948  14.891 0.1000000015
14221  32.411  -66.706  14.430 0.1000000015
15126  32.817  -65.729  12.597 0.1000000015
15112  32.599  -65.943  13.462 0.1000000015
15166  34.134  -64.914  10.154 0.1000000015
15148  33.088  -65.623  11.900 0.1000000015
126893  35.262  -65.364  9.144 0.1000000015
16087  34.725  -64.629  9.929 0.1000000015
15204  36.410  -65.547  8.567 0.1000000015
13488  36.375  -67.746  7.878 0.1000000015
11871  35.973  -69.434  7.437 0.1000000015
11889  36.346  -70.253  7.280 0.1000000015
7652  41.058  -74.631  16.172 0.1000000015
8452  40.573  -74.303  15.519 0.1000000015
8414  37.230  -73.434  17.642 0.1000000015
118418  37.873  -74.457  17.478 0.1000000015
8429  38.911  -74.754  17.755 0.1000000015
7637  39.393  -75.205  17.739 0.1000000015
118367  38.705  -75.518  15.360 0.1000000015
7664  39.587  -75.033  14.209 0.1000000015
9303  40.019  -73.747  15.147 0.1000000015
9305  38.801  -72.480  14.609 0.1000000015
6965  39.417  -75.207  15.596 0.1000000015
7679  39.387  -74.985  13.515 0.1000000015
10167  38.392  -71.732  14.550 0.1000000015
10978  37.455  -70.451  15.184 0.1000000015
11769  36.360  -69.113  15.351 0.1000000015
9306  37.930  -71.813  14.308 0.1000000015
10168  37.265  -71.089  14.966 0.1000000015
13367  34.325  -67.644  15.850 0.1000000015
14211  33.001  -66.872  15.308 0.1000000015
14220  32.782  -66.203  14.753 0.1000000015
15107  32.494  -66.177  14.138 0.1000000015
16032  33.755  -64.212  12.519 0.1000000015
16072  34.547  -64.282  10.544 0.1000000015
16073  33.929  -64.638  10.889 0.1000000015
15147  33.480  -65.174  11.451 0.1000000015
16071  35.416  -64.281  10.304 0.1000000015
16086  36.132  -64.605  9.572 0.1000000015
14298  36.859  -66.291  8.226 0.1000000015
118235  41.885  -75.106  18.842 0.1000000015
9268  38.648  -72.834  17.919 0.1000000015
115301  41.030  -74.904  18.675 0.1000000015
7634  41.791  -75.540  17.841 0.1000000015
9291  41.022  -73.878  15.813 0.1000000015
9270  36.686  -72.538  17.798 0.1000000015
9269  37.673  -72.615  17.793 0.1000000015
8413  39.211  -74.021  17.958 0.1000000015
8428  39.766  -75.012  18.160 0.1000000015
7635  40.962  -75.684  18.095 0.1000000015
6951  40.206  -74.878  16.250 0.1000000015
9292  40.163  -72.675  16.076 0.1000000015
129320  39.582  -72.166  15.741 0.1000000015
10977  38.046  -70.543  15.241 0.1000000015
10976  38.550  -71.020  15.116 0.1000000015
12567  36.529  -68.233  15.676 0.1000000015
12568  35.803  -68.337  15.473 0.1000000015
14210  34.830  -66.901  15.864 0.1000000015
116051  33.540  -66.125  15.319 0.1000000015
16002  33.705  -64.816  15.092 0.1000000015
15106  32.837  -65.393  14.134 0.1000000015
16944  33.805  -63.981  13.380 0.1000000015
16972  34.991  -63.693  11.124 0.1000000015
16054  33.816  -64.431  11.698 0.1000000015
16085  37.015  -64.712  9.947 0.1000000015
15203  37.441  -65.625  8.852 0.1000000015
114374  40.571  -73.505  18.439 0.1000000015
7633  42.798  -75.202  17.684 0.1000000015
8441  42.836  -74.664  16.289 0.1000000015
8412  40.086  -74.518  18.411 0.1000000015
7651  42.291  -75.175  16.539 0.1000000015
10154  39.760  -71.684  16.172 0.1000000015
116826  39.550  -70.191  16.440 0.1000000015
10962  38.584  -70.248  15.962 0.1000000015
12555  38.119  -68.701  16.245 0.1000000015
122280  36.968  -67.739  16.228 0.1000000015
13353  35.699  -67.057  15.917 0.1000000015
15077  34.676  -65.202  16.101 0.1000000015
110466  34.380  -66.111  15.808 0.1000000015
16918  34.455  -63.724  15.583 0.1000000015
16943  34.308  -63.477  13.991 0.1000000015
16931  34.275  -63.567  14.778 0.1000000015
17807  35.866  -62.570  12.832 0.1000000015
127000  34.249  -63.763  12.709 0.1000000015
16951  36.412  -63.107  12.230 0.1000000015
16952  35.482  -63.183  12.375 0.1000000015
127242  35.075  -63.476  11.908 0.1000000015
16052  36.967  -63.973  11.150 0.1000000015
15183  38.130  -65.593  9.776 0.1000000015
13465  39.633  -67.441  8.637 0.1000000015
9266  41.860  -73.851  18.684 0.1000000015
8411  42.830  -74.719  18.911 0.1000000015
116870  43.138  -73.988  16.393 0.1000000015
10153  40.682  -71.777  16.673 0.1000000015
10960  40.221  -70.779  16.535 0.1000000015
115057  41.159  -72.404  18.528 0.1000000015
109555  41.309  -72.836  16.568 0.1000000015
11750  39.065  -69.530  16.444 0.1000000015
113147  37.026  -67.029  16.528 0.1000000015
14198  36.212  -66.450  16.514 0.1000000015
15076  35.574  -65.471  16.645 0.1000000015
15990  35.146  -64.495  16.542 0.1000000015
17789  35.513  -62.416  13.533 0.1000000015
17776  34.758  -62.973  14.557 0.1000000015
17790  34.891  -62.912  13.751 0.1000000015
16051  37.856  -64.154  11.326 0.1000000015
15164  38.589  -65.516  10.670 0.1000000015
13427  40.097  -67.044  10.090 0.1000000015
12636  41.038  -68.642  9.390 0.1000000015
10123  42.424  -72.601  18.855 0.1000000015
9263  44.615  -73.643  18.173 0.1000000015
9290  43.864  -73.396  16.566 0.1000000015
11747  42.114  -70.057  16.693 0.1000000015
116053  40.855  -70.050  16.724 0.1000000015
8439  44.398  -73.978  16.856 0.1000000015
10152  41.877  -71.952  16.893 0.1000000015
12554  39.464  -68.782  16.514 0.1000000015
122677  38.098  -68.030  16.403 0.1000000015
14197  37.898  -66.713  16.566 0.1000000015
15989  35.892  -64.707  17.072 0.1000000015
17765  35.574  -62.332  16.116 0.1000000015
17766  35.231  -62.460  15.263 0.1000000015
17835  41.581  -62.211  11.311 0.1000000015
17817  40.624  -62.175  11.614 0.1000000015
107275  39.876  -62.485  11.866 0.1000000015
17804  38.555  -62.117  12.279 0.1000000015
18607  37.983  -61.647  12.614 0.1000000015
110988  36.215  -61.461  14.359 0.1000000015
17775  35.292  -62.416  14.322 0.1000000015
16964  42.069  -62.913  11.116 0.1000000015
110783  41.181  -63.028  11.494 0.1000000015
17818  39.224  -62.271  12.072 0.1000000015
119577  36.275  -61.924  13.470 0.1000000015
17834  42.947  -62.858  10.761 0.1000000015
16987  42.481  -63.556  10.849 0.1000000015
16965  41.601  -63.706  11.184 0.1000000015
16967  39.796  -63.986  11.861 0.1000000015
16968  38.943  -63.686  11.880 0.1000000015
16950  37.320  -62.866  12.310 0.1000000015
16986  43.215  -63.463  10.636 0.1000000015
109341  42.914  -64.148  10.660 0.1000000015
16047  41.117  -64.521  11.192 0.1000000015
16050  38.751  -64.404  11.556 0.1000000015
15161  41.169  -65.974  10.858 0.1000000015
15146  39.031  -65.218  11.318 0.1000000015
14261  42.900  -67.205  10.348 0.1000000015
14263  40.927  -66.693  10.671 0.1000000015
13425  41.928  -68.325  10.357 0.1000000015
10121  43.920  -72.011  18.251 0.1000000015
10122  43.524  -72.799  18.737 0.1000000015
10141  44.763  -73.114  17.670 0.1000000015
10150  44.532  -72.506  16.814 0.1000000015
10151  43.377  -72.273  16.728 0.1000000015
9289  44.389  -73.518  16.832 0.1000000015
10958  42.763  -71.228  16.707 0.1000000015
11748  41.096  -69.213  16.613 0.1000000015
12553  40.353  -68.571  16.561 0.1000000015
110119  39.722  -68.115  16.475 0.1000000015
13350  38.585  -67.290  16.476 0.1000000015
109359  37.199  -66.177  16.822 0.1000000015
15074  37.419  -65.293  17.022 0.1000000015
17764  36.178  -62.474  16.774 0.1000000015
19485  36.718  -60.648  15.480 0.1000000015
18590  35.828  -61.742  15.631 0.1000000015
18621  40.498  -61.152  11.639 0.1000000015
19497  38.346  -60.690  12.815 0.1000000015
19498  37.610  -60.972  13.279 0.1000000015
19489  36.703  -60.792  14.687 0.1000000015
114362  41.191  -60.793  11.417 0.1000000015
16084  44.704  -64.032  9.906 0.1000000015
113434  43.802  -63.882  10.355 0.1000000015
10946  44.488  -71.261  17.882 0.1000000015
107441  45.144  -71.562  16.694 0.1000000015
10945  45.191  -71.659  16.926 0.1000000015
117734  43.879  -70.675  16.138 0.1000000015
12551  42.032  -68.972  16.332 0.1000000015
107136  44.373  -71.527  16.521 0.1000000015
12552  41.249  -68.314  16.488 0.1000000015
114482  40.112  -66.875  16.503 0.1000000015
114481  39.314  -66.738  16.496 0.1000000015
15988  38.281  -64.935  16.801 0.1000000015
115802  37.000  -62.805  17.429 0.1000000015
15972  37.578  -64.403  17.220 0.1000000015
19484  37.245  -60.169  15.765 0.1000000015
19473  37.595  -60.670  16.412 0.1000000015
17763  36.862  -61.984  16.909 0.1000000015
19504  40.575  -60.256  11.679 0.1000000015
20420  39.451  -59.567  12.481 0.1000000015
20410  37.682  -59.728  14.545 0.1000000015
18583  36.215  -61.767  16.299 0.1000000015
124759  42.620  -60.648  10.637 0.1000000015
19503  41.180  -60.058  11.440 0.1000000015
19493  37.380  -60.362  14.092 0.1000000015
116467  43.453  -62.124  10.587 0.1000000015
124540  42.482  -62.094  10.932 0.1000000015
10957  45.328  -70.871  15.950 0.1000000015
11746  43.191  -69.583  16.124 0.1000000015
111444  42.154  -68.126  16.233 0.1000000015
13347  41.503  -67.518  16.411 0.1000000015
14194  40.528  -66.233  16.562 0.1000000015
14195  39.813  -66.304  16.538 0.1000000015
123130  38.911  -64.628  16.849 0.1000000015
15971  38.377  -64.158  17.200 0.1000000015
18580  38.381  -61.181  16.983 0.1000000015
116300  37.521  -62.216  17.341 0.1000000015
20400  37.693  -59.680  15.301 0.1000000015
20386  38.016  -59.842  16.038 0.1000000015
20409  38.189  -59.358  14.197 0.1000000015
18639  41.799  -61.404  11.144 0.1000000015
17832  44.230  -62.572  10.305 0.1000000015
17000  45.150  -63.398  9.821 0.1000000015
11766  44.691  -70.074  15.547 0.1000000015
115110  43.148  -68.116  15.708 0.1000000015
125406  42.842  -68.712  16.011 0.1000000015
14192  42.615  -66.503  16.077 0.1000000015
13346  42.400  -67.380  16.097 0.1000000015
116915  40.819  -65.526  16.648 0.1000000015
114483  40.987  -66.878  16.477 0.1000000015
15072  39.920  -65.595  16.623 0.1000000015
15987  39.697  -64.690  16.813 0.1000000015
16900  38.559  -63.350  17.406 0.1000000015
17752  38.805  -62.553  17.422 0.1000000015
20385  39.036  -59.690  16.029 0.1000000015
21402  38.761  -58.983  13.877 0.1000000015
20408  38.632  -59.143  14.636 0.1000000015
19513  41.858  -60.347  10.976 0.1000000015
20419  40.179  -59.002  12.208 0.1000000015
17844  45.494  -62.909  9.693 0.1000000015
16999  46.030  -63.520  9.562 0.1000000015
116383  42.338  -65.706  16.321 0.1000000015
14193  41.529  -66.138  16.481 0.1000000015
116588  40.941  -64.888  16.736 0.1000000015
16912  40.814  -63.510  16.982 0.1000000015
15986  40.522  -64.383  16.867 0.1000000015
16898  40.078  -63.097  17.125 0.1000000015
16899  39.373  -63.215  17.264 0.1000000015
18566  39.141  -61.709  17.302 0.1000000015
19472  38.594  -60.388  16.531 0.1000000015
118522  45.044  -61.284  9.649 0.1000000015
19511  43.210  -60.442  10.376 0.1000000015
21407  39.748  -58.778  12.802 0.1000000015
18650  45.445  -61.791  9.548 0.1000000015
15985  41.300  -64.317  16.745 0.1000000015
17749  41.331  -62.099  17.066 0.1000000015
16897  41.495  -62.827  16.963 0.1000000015
20383  40.958  -60.062  16.335 0.1000000015
119821  41.011  -60.858  16.736 0.1000000015
17750  40.573  -62.491  17.128 0.1000000015
124974  40.897  -58.754  15.436 0.1000000015
18579  39.242  -60.901  16.932 0.1000000015
19471  39.407  -60.285  16.516 0.1000000015
19520  44.019  -60.205  9.912 0.1000000015
20432  43.274  -59.301  10.264 0.1000000015
19512  42.538  -59.811  10.596 0.1000000015
20426  40.791  -59.352  11.715 0.1000000015
21406  40.493  -58.378  12.496 0.1000000015
21388  39.347  -58.792  14.423 0.1000000015
18649  46.177  -61.623  9.158 0.1000000015
20434  41.970  -59.212  10.947 0.1000000015
21375  41.654  -58.547  15.285 0.1000000015
19470  40.156  -60.652  16.760 0.1000000015
18578  40.640  -61.521  17.048 0.1000000015
112845  40.956  -58.280  14.855 0.1000000015
117437  39.768  -59.345  15.726 0.1000000015
22328  41.917  -57.875  11.745 0.1000000015
22299  40.999  -57.816  12.882 0.1000000015
21376  40.102  -58.783  15.154 0.1000000015
21405  41.129  -57.970  12.112 0.1000000015
21400  40.258  -58.313  13.222 0.1000000015
9364  29.864  -72.926  11.269 0.1000000015
10210  31.668  -71.705  12.200 0.1000000015
118416  31.409  -70.842  11.017 0.1000000015
10226  31.187  -71.210  10.675 0.1000000015
11030  30.886  -70.851  10.115 0.1000000015
11921  33.512  -70.132  5.109 0.1000000015
11043  31.043  -70.209  9.862 0.1000000015
118098  33.916  -69.834  5.369 0.1000000015
12655  31.961  -68.730  8.875 0.1000000015
11840  31.385  -69.536  9.691 0.1000000015
110610  31.194  -69.442  7.082 0.1000000015
11894  30.735  -69.639  6.480 0.1000000015
11858  30.818  -69.816  8.334 0.1000000015
111837  35.859  -80.665  13.154 0.1000000015
10228  29.478  -71.946  10.363 0.1000000015
9363  30.739  -72.598  11.371 0.1000000015
11055  30.339  -70.293  8.763 0.1000000015
113681  37.112  -79.871  14.754 0.1000000015
6277  35.583  -76.584  13.765 0.1000000015
8478  32.856  -73.316  13.645 0.1000000015
9351  32.217  -72.910  13.159 0.1000000015
13491  33.987  -67.924  7.952 0.1000000015
5638  37.574  -78.635  12.977 0.1000000015
5619  37.333  -78.080  15.014 0.1000000015
6276  36.832  -77.083  13.366 0.1000000015
7684  34.617  -74.831  14.435 0.1000000015
125420  34.537  -75.375  14.097 0.1000000015
7683  35.709  -75.187  14.713 0.1000000015
8476  34.226  -73.978  14.722 0.1000000015
10189  32.557  -71.109  15.042 0.1000000015
11000  31.852  -70.516  13.641 0.1000000015
13429  32.622  -67.541  10.695 0.1000000015
12622  31.639  -69.022  10.540 0.1000000015
13490  34.813  -67.849  7.974 0.1000000015
14302  33.856  -67.003  9.198 0.1000000015
8456  35.856  -73.614  15.264 0.1000000015
9309  34.367  -72.613  15.391 0.1000000015
12593  31.978  -68.116  13.009 0.1000000015
12582  31.965  -68.355  13.981 0.1000000015
12607  32.218  -67.970  12.052 0.1000000015
14250  33.264  -66.005  11.262 0.1000000015
6979  39.067  -75.474  13.303 0.1000000015
6967  38.329  -75.959  13.980 0.1000000015
121127  35.396  -72.664  15.482 0.1000000015
10980  35.433  -70.698  15.671 0.1000000015
13377  32.229  -67.448  14.465 0.1000000015
15167  33.667  -65.453  10.664 0.1000000015
8475  38.244  -74.076  13.952 0.1000000015
8474  39.097  -74.794  13.336 0.1000000015
119208  36.609  -71.433  15.261 0.1000000015
9323  38.327  -72.664  14.234 0.1000000015
127685  36.607  -69.708  15.303 0.1000000015
111543  36.046  -69.910  15.397 0.1000000015
11770  35.503  -69.097  15.518 0.1000000015
13368  33.328  -67.641  15.711 0.1000000015
15125  33.236  -64.937  12.359 0.1000000015
15185  36.704  -64.961  9.102 0.1000000015
13487  37.327  -67.676  7.614 0.1000000015
12673  36.731  -68.573  7.514 0.1000000015
8442  41.729  -74.569  16.073 0.1000000015
8453  39.689  -74.546  14.660 0.1000000015
9282  38.243  -73.630  17.542 0.1000000015
7636  40.227  -75.383  18.021 0.1000000015
6938  39.750  -75.311  17.255 0.1000000015
110081  37.995  -71.080  14.736 0.1000000015
11767  37.794  -69.927  15.596 0.1000000015
11768  37.062  -69.640  15.313 0.1000000015
111436  33.879  -66.877  15.663 0.1000000015
16026  33.239  -64.596  13.780 0.1000000015
16070  36.510  -64.352  10.495 0.1000000015
14297  37.736  -66.488  8.314 0.1000000015
7619  40.588  -75.301  18.375 0.1000000015
10961  39.244  -70.928  15.875 0.1000000015
12556  37.366  -68.372  16.100 0.1000000015
14199  35.226  -66.211  16.224 0.1000000015
16019  33.410  -64.714  14.510 0.1000000015
16919  33.885  -64.195  14.990 0.1000000015
16989  36.015  -63.966  11.115 0.1000000015
15165  37.836  -65.038  10.298 0.1000000015
110863  38.415  -66.186  9.074 0.1000000015
7650  43.303  -74.632  16.700 0.1000000015
7615  44.021  -74.505  18.594 0.1000000015
11749  40.085  -69.480  16.620 0.1000000015
13351  37.629  -67.548  16.439 0.1000000015
15991  34.614  -64.293  16.057 0.1000000015
16915  34.962  -63.651  16.289 0.1000000015
17808  35.144  -62.946  12.999 0.1000000015
17806  36.732  -62.411  12.777 0.1000000015
14280  38.882  -66.146  10.153 0.1000000015
14279  39.352  -66.778  9.459 0.1000000015
126726  40.028  -67.332  9.456 0.1000000015
9265  43.249  -73.811  18.982 0.1000000015
10959  41.382  -70.916  16.833 0.1000000015
15075  36.478  -65.535  17.086 0.1000000015
125952  35.563  -63.806  16.857 0.1000000015
16969  37.357  -63.500  11.770 0.1000000015
13444  40.624  -67.681  9.797 0.1000000015
15163  39.338  -65.899  10.951 0.1000000015
15162  40.264  -66.101  10.970 0.1000000015
113810  41.427  -67.451  10.441 0.1000000015
126677  38.649  -66.504  16.512 0.1000000015
16902  36.870  -63.771  17.388 0.1000000015
18606  38.957  -61.329  12.320 0.1000000015
16966  40.274  -63.138  11.756 0.1000000015
17819  38.698  -62.856  12.109 0.1000000015
17805  37.985  -62.521  12.326 0.1000000015
110795  37.426  -62.262  12.617 0.1000000015
18608  37.183  -61.771  13.114 0.1000000015
18593  36.207  -61.234  15.192 0.1000000015
120245  40.700  -63.874  11.536 0.1000000015
115662  39.462  -63.114  11.950 0.1000000015
16988  42.014  -64.325  10.867 0.1000000015
128045  39.291  -64.220  11.764 0.1000000015
15145  39.823  -65.396  11.398 0.1000000015
15144  40.663  -65.337  11.207 0.1000000015
17833  43.770  -62.996  10.574 0.1000000015
15160  42.082  -65.769  10.656 0.1000000015
14262  41.858  -66.702  10.592 0.1000000015
13424  42.804  -68.310  10.285 0.1000000015
115732  42.115  -67.585  10.475 0.1000000015
19474  36.872  -60.701  16.046 0.1000000015
19496  39.012  -60.372  12.504 0.1000000015
20421  38.647  -59.830  12.942 0.1000000015
19492  37.988  -60.125  13.394 0.1000000015
17845  44.830  -62.801  9.976 0.1000000015
118167  39.027  -65.275  16.588 0.1000000015
16901  37.718  -63.538  17.461 0.1000000015
18636  44.090  -61.914  10.189 0.1000000015
18651  44.714  -62.057  9.844 0.1000000015
20398  39.211  -59.171  15.240 0.1000000015
17751  39.661  -62.479  17.267 0.1000000015
16099  44.936  -64.806  8.281 0.4000000060
13462  42.837  -68.299  7.899 0.3000000119
14295  43.105  -67.257  8.114 0.3000000119
15199  43.967  -66.493  8.265 0.3000000119
16100  43.805  -65.580  8.366 0.4000000060
16101  42.968  -65.017  8.476 0.4000000060
9504  41.527  -73.949  -1.619 0.1000000015
10373  42.811  -72.603  -2.600 0.1000000015
11154  42.367  -70.439  -1.515 0.2000000030
11960  45.400  -69.095  0.071 0.3000000119
16105  40.244  -64.010  8.144 0.4000000060
109272  43.905  -69.155  8.332 0.3000000119
128320  42.193  -67.503  3.000 0.4000000060
13522  40.666  -67.447  4.438 0.4000000060
123370  44.220  -69.194  -0.520 0.2000000030
12727  45.366  -68.475  0.562 0.3000000119
109534  40.731  -67.058  3.705 0.4000000060
110906  40.524  -66.919  5.110 0.4000000060
16122  40.502  -64.722  7.807 0.4000000060
8677  41.285  -74.892  -1.337 0.1000000015
11971  42.886  -69.512  -0.847 0.3000000119
14357  40.442  -66.485  4.238 0.4000000060
15244  40.212  -65.777  5.841 0.4000000060
15224  40.151  -64.994  7.144 0.4000000060
110681  41.374  -74.401  -2.105 0.1000000015
17859  40.365  -62.679  8.419 0.5000000000
11153  43.201  -70.232  -1.991 0.2000000030
128199  45.020  -69.019  -0.395 0.3000000119
13541  43.772  -67.846  1.633 0.3000000119
14344  40.306  -66.137  5.062 0.4000000060
18670  40.547  -61.788  7.995 0.4000000060
19549  41.525  -60.618  7.029 0.4000000060
13542  42.570  -67.142  2.240 0.4000000060
14370  40.478  -66.521  3.348 0.4000000060
113135  39.519  -65.360  5.605 0.4000000060
16145  39.335  -64.642  6.953 0.4000000060
16123  39.771  -64.365  7.610 0.5000000000
9522  41.671  -73.482  -2.591 0.2000000030
113021  42.148  -73.332  -2.554 0.2000000030
9521  43.055  -72.544  -2.898 0.2000000030
11970  43.767  -69.166  -0.959 0.2000000030
11165  42.855  -71.386  -2.379 0.2000000030
13548  44.480  -67.665  0.837 0.3000000119
111502  42.498  -66.954  1.712 0.3000000119
109859  41.262  -74.700  -2.173 0.1000000015
14358  39.908  -65.828  4.474 0.4000000060
13565  44.985  -68.064  -0.204 0.3000000119
13543  41.551  -66.778  2.137 0.4000000060
108575  39.302  -65.481  4.856 0.4000000060
17874  39.410  -62.890  8.099 0.5000000000
120505  39.729  -62.081  7.962 0.5000000000
19550  40.183  -60.632  7.381 0.4000000060
14371  39.795  -66.006  3.657 0.4000000060
15246  38.978  -64.914  6.194 0.4000000060
126492  38.937  -63.366  7.756 0.5000000000
117687  38.921  -62.179  7.768 0.5000000000
113965  39.422  -60.902  7.482 0.4000000060
9538  42.387  -73.006  -3.317 0.2000000030
11164  42.931  -71.227  -2.642 0.2000000030
11985  43.346  -70.060  -1.850 0.2000000030
12740  44.515  -68.716  -0.585 0.4000000060
12754  43.342  -69.270  -1.171 0.2000000030
13554  43.020  -67.432  0.303 0.3000000119
12741  43.196  -68.590  -0.931 0.4000000060
13549  43.112  -67.198  1.018 0.3000000119
16146  38.363  -64.315  6.814 0.5000000000
18688  38.574  -61.327  7.586 0.5000000000
21453  39.964  -59.319  7.790 0.4000000060
118141  40.809  -59.376  7.311 0.4000000060
109231  42.041  -67.646  -0.196 0.4000000060
14379  40.562  -66.613  2.582 0.4000000060
15279  39.187  -65.607  4.115 0.4000000060
114674  38.075  -62.135  7.601 0.5000000000
10400  42.729  -71.934  -3.469 0.2000000030
10386  41.532  -72.297  -3.572 0.2000000030
11994  42.662  -70.616  -2.580 0.2000000030
21452  40.367  -58.489  7.830 0.4000000060
12767  41.885  -69.504  -2.320 0.2000000030
13550  41.749  -66.860  1.381 0.3000000119
125127  39.034  -65.746  3.506 0.4000000060
15266  38.568  -65.155  5.404 0.4000000060
112152  41.466  -71.424  -3.542 0.2000000030
128768  41.530  -68.364  -1.462 0.3000000119
125357  41.156  -67.735  -0.668 0.4000000060
21451  41.079  -58.442  7.265 0.4000000060
13555  41.934  -67.146  0.600 0.3000000119
16147  37.502  -64.335  6.278 0.5000000000
23329  41.939  -56.561  6.450 0.4000000060
10387  40.302  -71.697  -2.709 0.2000000030
11179  41.686  -72.041  -3.753 0.2000000030
14380  39.678  -66.366  2.347 0.4000000060
15280  38.482  -65.363  4.555 0.4000000060
20467  38.339  -59.887  7.774 0.5000000000
21440  39.494  -58.514  8.259 0.4000000060
25238  42.782  -54.324  4.651 0.4000000060
10388  39.030  -71.354  -2.183 0.2000000030
115091  40.854  -71.383  -3.366 0.2000000030
11995  41.584  -70.409  -2.978 0.2000000030
12756  41.246  -68.642  -1.976 0.2000000030
14393  40.709  -67.167  0.814 0.4000000060
17054  36.737  -63.623  6.309 0.5000000000
124389  37.343  -62.074  7.366 0.5000000000
10375  38.243  -71.851  -1.660 0.2000000030
121140  40.932  -67.491  0.026 0.4000000060
14385  40.417  -66.714  1.674 0.3000000119
16168  37.654  -64.834  5.589 0.5000000000
17053  37.536  -63.671  6.914 0.5000000000
126994  38.939  -59.956  7.631 0.5000000000
25216  42.016  -54.902  6.039 0.4000000060
26122  42.382  -53.602  5.161 0.2000000030
125778  41.481  -56.726  6.909 0.4000000060
22373  40.749  -57.692  7.560 0.4000000060
13586  40.842  -68.066  -1.321 0.4000000060
21441  38.560  -58.533  8.339 0.4000000060
21439  39.892  -57.460  8.175 0.4000000060
11996  40.410  -70.413  -3.080 0.2000000030
12768  40.831  -69.342  -2.652 0.2000000030
11180  40.349  -71.142  -3.106 0.2000000030
24275  41.124  -55.699  7.360 0.4000000060
23301  40.148  -56.585  8.025 0.4000000060
23302  39.526  -56.500  8.293 0.4000000060
111948  38.405  -65.479  3.776 0.3000000119
17877  36.712  -62.420  7.034 0.5000000000
20468  37.295  -59.787  7.866 0.5000000000
22363  38.952  -57.783  8.588 0.4000000060
13568  40.298  -67.541  -0.728 0.4000000060
14386  39.174  -66.534  1.575 0.4000000060
15294  37.570  -65.462  3.318 0.3000000119
16187  37.157  -64.852  4.962 0.4000000060
13556  39.954  -67.246  0.026 0.4000000060
17892  36.075  -62.432  6.592 0.5000000000
11997  39.608  -70.478  -3.093 0.2000000030
24276  40.594  -55.370  7.827 0.4000000060
20455  38.013  -59.168  8.036 0.5000000000
20456  37.202  -59.006  7.993 0.5000000000
122788  36.784  -64.833  4.349 0.4000000060
16169  36.882  -64.354  5.628 0.5000000000
18690  36.681  -61.453  7.310 0.5000000000
17904  35.917  -62.867  5.974 0.5000000000
16188  36.421  -64.291  4.792 0.5000000000
15200  43.080  -65.848  8.374 0.4000000060
108950  40.402  -65.646  6.728 0.4000000060
24289  41.569  -55.137  6.796 0.4000000060
23315  40.615  -56.152  7.744 0.4000000060
18691  35.986  -61.093  7.065 0.5000000000
11904  41.641  -70.107  5.419 0.3000000119
12689  41.616  -68.795  6.495 0.3000000119
12668  41.760  -68.009  7.253 0.2000000030
13463  42.040  -67.202  7.755 0.2000000030
11102  42.654  -71.818  4.587 0.2000000030
11920  41.916  -70.135  4.506 0.3000000119
11905  41.325  -69.266  4.843 0.3000000119
11927  43.768  -70.609  3.102 0.2000000030
11928  42.824  -70.064  3.558 0.2000000030
11961  42.434  -69.498  -0.084 0.2000000030
129340  35.941  -71.722  -2.465 0.1000000015
9550  35.748  -72.497  -3.594 0.1000000015
13602  35.294  -68.013  -3.405 0.1000000015
11854  43.458  -71.431  8.345 0.1000000015
12649  43.097  -69.703  8.200 0.2000000030
12688  42.405  -69.140  7.370 0.2000000030
11885  41.945  -70.494  6.305 0.2000000030
11884  42.245  -70.130  6.996 0.2000000030
119850  42.257  -72.296  6.950 0.1000000015
10284  42.468  -72.432  5.186 0.1000000015
121360  42.170  -71.297  6.077 0.2000000030
127911  42.287  -72.754  6.105 0.1000000015
9433  42.353  -72.751  4.773 0.1000000015
10374  39.717  -72.380  -1.852 0.1000000015
10376  36.452  -71.594  -1.736 0.1000000015
12006  37.743  -70.300  -3.753 0.1000000015
11998  38.245  -69.706  -3.467 0.1000000015
12771  37.785  -68.717  -2.753 0.1000000015
13595  37.449  -67.762  -2.306 0.1000000015
11999  37.230  -69.334  -3.259 0.1000000015
12772  36.844  -68.275  -2.814 0.1000000015
13589  37.913  -67.553  -1.592 0.1000000015
12773  35.894  -68.039  -2.995 0.1000000015
14428  36.095  -66.443  -2.308 0.1000000015
14406  36.333  -65.965  -0.661 0.1000000015
14418  36.164  -66.049  -1.540 0.1000000015
16232  35.635  -64.714  -0.931 0.1000000015
11076  42.529  -71.756  7.386 0.2000000030
11090  42.378  -72.171  5.904 0.1000000015
13587  39.793  -67.898  -1.396 0.1000000015
15297  37.683  -65.778  2.529 0.3000000119
11181  38.937  -70.608  -3.071 0.1000000015
11195  38.520  -70.263  -3.570 0.1000000015
12769  39.692  -69.362  -2.877 0.1000000015
118456  39.255  -68.420  -2.147 0.1000000015
13558  37.930  -66.958  -0.037 0.2000000030
14388  37.737  -66.252  1.107 0.3000000119
16212  35.908  -64.759  3.097 0.3000000119
17089  35.282  -63.309  4.222 0.3000000119
10391  36.252  -71.907  -3.261 0.1000000015
12758  38.324  -68.184  -2.178 0.1000000015
13571  37.479  -67.061  -0.870 0.1000000015
14396  37.652  -66.487  0.471 0.2000000030
15299  35.889  -65.070  2.181 0.3000000119
11197  37.241  -70.757  -3.888 0.1000000015
113715  36.734  -66.601  -1.120 0.1000000015
114642  35.617  -64.587  0.996 0.2000000030
17109  35.315  -63.566  2.431 0.3000000119
16226  35.653  -64.568  0.084 0.1000000015
107264  35.388  -63.838  0.601 0.2000000030
17942  35.164  -62.654  2.511 0.4000000060
15331  35.773  -65.343  -1.641 0.1000000015
115605  35.466  -63.784  -0.357 0.1000000015
17963  35.499  -62.449  0.776 0.3000000119
118947  46.018  -65.437  9.478 0.1000000015
14278  45.511  -67.535  9.455 0.1000000015
20470  35.945  -59.806  7.308 0.4000000060
18705  35.592  -61.172  6.572 0.4000000060
16189  35.865  -63.975  4.306 0.3000000119
17071  35.482  -63.050  5.062 0.4000000060
18715  35.290  -61.201  5.727 0.4000000060
17918  34.941  -61.907  3.832 0.4000000060
124114  35.298  -60.512  5.037 0.4000000060
17931  34.979  -62.465  3.296 0.4000000060
19604  35.615  -60.555  3.337 0.5000000000
17955  35.359  -62.478  1.615 0.3000000119
18753  35.341  -61.754  2.139 0.5000000000
16246  35.656  -64.584  -1.913 0.2000000030
17148  35.626  -63.673  -1.407 0.1000000015
18766  35.623  -61.751  1.307 0.4000000060
15351  35.652  -65.410  -3.200 0.1000000015
16258  35.707  -64.607  -2.787 0.1000000015
17985  35.867  -62.729  -1.457 0.2000000030
17969  35.608  -62.390  -0.030 0.2000000030
14441  35.479  -66.390  -4.385 0.1000000015
107538  35.659  -65.569  -4.068 0.1000000015
17996  35.886  -63.150  -2.075 0.2000000030
14447  35.556  -66.434  -5.431 0.1000000015
110018  35.789  -65.718  -4.980 0.1000000015
22365  37.343  -57.733  8.079 0.4000000060
22364  38.087  -57.820  8.458 0.3000000119
22366  36.759  -57.675  7.646 0.4000000060
19568  35.416  -60.473  6.273 0.4000000060
20483  35.574  -59.765  6.688 0.4000000060
128215  35.325  -60.479  5.723 0.4000000060
21465  35.893  -58.241  6.809 0.4000000060
110601  35.294  -60.977  4.088 0.4000000060
122162  36.444  -59.048  3.705 0.4000000060
20511  36.031  -58.988  4.514 0.4000000060
20541  36.202  -59.723  3.192 0.5000000000
20540  36.555  -59.636  2.422 0.4000000060
128760  35.970  -61.870  -0.161 0.3000000119
18770  35.815  -61.825  0.504 0.4000000060
19627  36.563  -60.390  1.365 0.4000000060
17194  36.558  -63.463  -4.288 0.2000000030
17174  36.308  -63.249  -3.563 0.2000000030
17968  36.457  -61.594  -0.670 0.2000000030
16290  36.554  -64.514  -5.276 0.1000000015
15359  36.027  -64.978  -4.673 0.2000000030
12061  35.868  -69.865  -8.911 0.1000000015
23305  37.210  -56.909  7.898 0.4000000060
23304  37.896  -56.556  8.203 0.4000000060
23331  36.465  -56.778  6.850 0.4000000060
22403  36.104  -57.252  5.382 0.4000000060
22387  36.104  -57.377  6.393 0.4000000060
21492  35.893  -58.048  4.896 0.4000000060
21507  36.813  -58.289  3.271 0.4000000060
116592  36.459  -58.206  4.059 0.4000000060
20524  36.743  -59.002  2.888 0.3000000119
20550  36.894  -59.677  1.721 0.4000000060
20539  37.106  -59.017  2.147 0.4000000060
18772  37.154  -61.144  -0.919 0.3000000119
19642  37.018  -60.932  -0.167 0.3000000119
19637  36.845  -60.623  0.606 0.4000000060
17209  36.834  -63.779  -5.021 0.2000000030
17193  37.107  -63.051  -4.738 0.2000000030
128071  36.700  -62.216  -2.599 0.2000000030
17995  36.305  -62.506  -2.249 0.2000000030
16315  36.852  -64.840  -6.062 0.2000000030
10463  36.496  -71.158  -9.944 0.1000000015
11253  35.916  -70.562  -9.352 0.1000000015
12060  36.562  -69.813  -9.181 0.1000000015
25197  39.950  -55.024  8.219 0.3000000119
128769  37.717  -55.391  7.774 0.4000000060
112369  38.173  -55.703  8.131 0.3000000119
24278  36.991  -55.576  6.769 0.4000000060
112871  36.671  -54.989  5.660 0.4000000060
24290  36.644  -55.647  6.129 0.4000000060
23356  36.444  -56.514  4.881 0.4000000060
24300  36.541  -55.738  5.339 0.4000000060
22436  36.824  -57.460  3.617 0.4000000060
23373  36.840  -56.629  4.003 0.4000000060
21517  37.182  -58.358  2.562 0.4000000060
23372  37.290  -56.776  3.179 0.3000000119
114955  38.433  -60.305  -0.572 0.3000000119
19635  38.538  -59.574  0.156 0.3000000119
20559  37.949  -59.389  0.759 0.3000000119
20549  37.547  -59.190  1.471 0.3000000119
21525  37.731  -58.432  1.882 0.3000000119
18024  38.295  -62.232  -4.670 0.2000000030
18833  37.964  -61.947  -3.922 0.2000000030
18788  38.069  -61.008  -1.892 0.3000000119
19660  37.851  -60.825  -1.148 0.2000000030
19636  37.610  -60.089  0.124 0.3000000119
19626  37.252  -59.872  1.012 0.3000000119
18043  37.808  -62.722  -5.146 0.2000000030
18805  37.536  -61.444  -2.425 0.2000000030
16289  37.219  -64.166  -5.757 0.2000000030
26090  40.367  -53.560  7.895 0.3000000119
26952  40.069  -52.759  8.005 0.3000000119
112604  39.840  -54.178  8.207 0.3000000119
25199  38.419  -54.194  8.287 0.4000000060
24264  39.162  -55.599  8.351 0.3000000119
26114  36.942  -53.280  6.111 0.3000000119
26113  37.202  -53.379  6.964 0.4000000060
26997  37.041  -53.284  4.896 0.4000000060
115515  36.853  -54.887  6.351 0.4000000060
26136  37.194  -53.345  4.270 0.4000000060
128377  36.671  -55.086  5.016 0.4000000060
25248  37.422  -54.478  3.289 0.3000000119
25249  37.172  -55.044  3.840 0.4000000060
24315  36.798  -55.681  4.431 0.4000000060
22472  39.303  -57.500  0.304 0.3000000119
112887  38.752  -57.082  0.757 0.2000000030
23401  38.339  -56.611  1.306 0.2000000030
24341  37.719  -55.657  2.535 0.2000000030
110365  37.527  -56.049  3.041 0.3000000119
24329  37.478  -55.344  3.154 0.3000000119
20565  39.329  -59.823  -0.262 0.3000000119
22473  38.858  -57.893  0.860 0.3000000119
22460  38.389  -57.444  1.387 0.2000000030
22461  37.928  -56.950  1.900 0.2000000030
116814  37.586  -57.253  2.461 0.2000000030
18831  39.591  -61.716  -4.274 0.2000000030
120956  39.763  -61.233  -2.341 0.3000000119
18787  39.087  -61.100  -1.890 0.3000000119
19659  38.607  -60.782  -1.264 0.3000000119
114561  41.284  -53.075  6.939 0.3000000119
25207  41.285  -54.375  7.140 0.3000000119
26104  41.000  -53.679  7.384 0.3000000119
27008  37.370  -52.602  3.867 0.3000000119
27047  38.262  -53.008  0.843 0.2000000030
27039  38.013  -52.571  1.332 0.2000000030
26157  37.638  -53.353  2.413 0.2000000030
26145  37.411  -53.505  3.363 0.2000000030
25279  38.798  -54.068  -0.030 0.2000000030
25271  38.217  -54.685  1.175 0.2000000030
116827  37.834  -54.164  1.894 0.2000000030
26123  42.033  -53.690  5.806 0.2000000030
14467  35.547  -66.819  -6.327 0.1000000015
14466  36.046  -66.110  -6.334 0.1000000015
113092  39.967  -61.457  -2.972 0.3000000119
119015  38.274  -63.134  -5.816 0.2000000030
14296  42.322  -66.307  8.238 0.3000000119
128457  41.090  -67.784  6.690 0.3000000119
12701  41.215  -68.877  5.562 0.3000000119
12708  43.935  -69.689  2.684 0.2000000030
12757  40.267  -68.503  -2.126 0.1000000015
14387  38.328  -66.378  1.530 0.3000000119
26112  41.697  -53.354  6.320 0.3000000119
23303  38.669  -56.410  8.365 0.3000000119
13569  39.369  -67.420  -0.727 0.3000000119
15282  36.724  -65.089  3.634 0.2000000030
14395  38.466  -66.679  0.797 0.2000000030
12770  39.057  -69.865  -3.439 0.1000000015
11103  42.329  -71.148  5.120 0.2000000030
11919  43.036  -71.157  3.964 0.1000000015
13596  36.521  -67.257  -2.444 0.1000000015
11867  42.697  -70.660  7.815 0.2000000030
11196  37.810  -70.568  -3.633 0.1000000015
123188  38.731  -69.048  -2.885 0.1000000015
13588  38.829  -67.793  -1.434 0.1000000015
14417  36.578  -66.634  -1.912 0.1000000015
15319  36.497  -65.727  0.152 0.1000000015
13570  38.381  -67.347  -0.745 0.2000000030
15298  36.659  -65.417  2.671 0.3000000119
125584  37.070  -66.451  -0.183 0.2000000030
15304  36.467  -65.458  1.762 0.3000000119
17100  35.146  -63.259  3.288 0.4000000060
18724  35.120  -61.542  4.750 0.4000000060
15311  36.516  -65.523  0.944 0.3000000119
124605  35.621  -64.671  1.709 0.3000000119
16219  35.373  -63.927  1.580 0.3000000119
21454  36.263  -58.380  7.427 0.4000000060
20512  35.562  -59.632  4.996 0.4000000060
16269  35.873  -64.655  -3.728 0.2000000030
17162  36.068  -63.154  -2.793 0.2000000030
119777  36.706  -57.030  7.424 0.4000000060
21480  35.782  -58.085  5.899 0.4000000060
18026  36.782  -62.755  -3.996 0.2000000030
24277  37.351  -55.490  7.321 0.4000000060
122865  37.603  -60.624  -0.535 0.3000000119
18789  37.355  -61.297  -1.651 0.2000000030
18821  37.722  -61.627  -3.194 0.2000000030
26105  37.540  -53.560  7.583 0.4000000060
26093  38.015  -53.431  8.066 0.4000000060
25209  37.151  -54.816  6.980 0.4000000060
21537  39.382  -58.289  0.410 0.3000000119
18832  38.801  -61.812  -4.158 0.2000000030
18820  38.517  -61.558  -3.421 0.2000000030
26954  38.417  -52.673  8.104 0.4000000060
26146  37.172  -54.150  4.008 0.4000000060
25259  37.677  -54.815  2.583 0.2000000030
24368  39.266  -55.603  -0.346 0.2000000030
24365  38.804  -55.663  0.344 0.2000000030
110925  38.568  -55.019  0.621 0.2000000030
24356  37.949  -56.078  1.887 0.2000000030
26955  37.674  -52.773  7.513 0.3000000119
26953  39.225  -52.648  8.256 0.2000000030
27833  38.360  -51.363  7.484 0.3000000119
26965  40.737  -52.918  7.517 0.2000000030
27830  40.778  -51.532  7.223 0.2000000030
11129  43.519  -70.817  2.699 0.1000000015
11130  43.411  -70.963  2.639 0.1000000015
11937  44.170  -70.147  1.997 0.1000000015
11052  44.552  -72.448  8.876 0.1000000015
11936  44.364  -69.825  1.975 0.1000000015
11948  45.105  -69.245  1.097 0.1000000015
11949  43.860  -69.406  0.753 0.1000000015
26135  42.826  -53.450  4.343 0.1000000015
26983  42.490  -52.785  4.968 0.1000000015
120616  42.711  -51.097  4.580 0.1000000015
27862  42.669  -51.945  4.779 0.1000000015
26974  41.587  -52.471  6.345 0.1000000015
27849  42.168  -52.025  5.617 0.1000000015
27840  41.220  -51.811  6.673 0.1000000015
27850  41.604  -51.664  6.212 0.1000000015
28765  41.208  -50.984  6.687 0.1000000015
27831  40.174  -51.342  7.664 0.1000000015
27832  39.315  -51.156  7.771 0.2000000030
28752  40.565  -50.746  7.287 0.1000000015
29768  40.500  -49.228  6.635 0.2000000030
118320  37.454  -51.654  6.267 0.2000000030
29769  39.551  -49.157  6.912 0.2000000030
28753  39.329  -50.347  7.408 0.2000000030
29753  38.625  -49.987  7.037 0.2000000030
129185  37.825  -51.282  6.816 0.2000000030
30777  39.879  -48.495  6.569 0.2000000030
30763  38.851  -49.158  6.982 0.2000000030
28767  38.023  -50.069  6.494 0.2000000030
26984  37.133  -52.384  5.846 0.2000000030
115227  37.200  -52.301  5.199 0.2000000030
27863  37.373  -51.839  4.542 0.2000000030
27880  37.573  -51.659  3.421 0.1000000015
126596  40.577  -48.524  6.315 0.2000000030
28780  37.679  -50.223  5.909 0.2000000030
125266  37.542  -50.447  5.322 0.2000000030
118897  37.529  -50.942  4.134 0.1000000015
109838  37.481  -50.106  3.866 0.1000000015
118861  42.066  -52.991  5.706 0.1000000015
26995  42.896  -52.659  4.128 0.1000000015
27861  43.111  -51.785  3.853 0.1000000015
126068  42.345  -51.321  5.188 0.1000000015
28778  42.241  -50.514  5.111 0.1000000015
118837  39.937  -50.693  7.549 0.2000000030
30779  38.464  -48.721  6.450 0.2000000030
19678  40.916  -60.754  -1.734 0.2000000030
19641  40.085  -60.001  -0.510 0.2000000030
19657  40.595  -60.330  -0.992 0.2000000030
19656  41.300  -60.254  -1.365 0.2000000030
123040  40.281  -58.293  -0.364 0.2000000030
20576  41.110  -59.830  -0.915 0.2000000030
21544  40.536  -58.912  -0.390 0.2000000030
117011  41.887  -60.209  -1.742 0.2000000030
116196  39.863  -57.919  -0.052 0.2000000030
22491  40.929  -57.736  -1.767 0.1000000015
21558  41.295  -58.668  -1.462 0.2000000030
110473  40.492  -57.117  -1.306 0.2000000030
23416  40.053  -56.892  -0.880 0.2000000030
22503  41.544  -57.267  -2.452 0.1000000015
22504  40.857  -56.655  -2.115 0.1000000015
127557  40.601  -55.830  -2.121 0.1000000015
22523  42.813  -57.487  -3.331 0.1000000015
22522  43.437  -57.725  -3.608 0.1000000015
30776  41.077  -48.857  6.187 0.1000000015
24378  39.661  -55.492  -1.092 0.1000000015
118999  41.213  -55.851  -2.509 0.1000000015
124226  40.181  -56.207  -1.458 0.1000000015
23435  42.305  -56.765  -3.120 0.1000000015
23436  41.581  -56.445  -2.633 0.1000000015
23457  43.299  -56.832  -3.673 0.1000000015
116136  42.880  -55.903  -3.481 0.1000000015
23455  44.958  -56.520  -3.851 0.1000000015
31685  40.738  -47.296  5.858 0.1000000015
31683  42.060  -46.822  5.283 0.1000000015
31659  41.091  -48.152  5.921 0.1000000015
26174  38.570  -53.571  0.344 0.1000000015
122952  39.382  -54.833  -0.718 0.1000000015
25294  40.532  -54.472  -2.281 0.1000000015
123299  39.984  -54.326  -1.696 0.1000000015
123197  41.993  -55.705  -2.999 0.1000000015
129825  44.077  -55.364  -3.968 0.1000000015
24411  43.408  -55.209  -3.759 0.1000000015
119083  41.237  -46.621  5.606 0.1000000015
31662  38.822  -47.962  6.300 0.1000000015
27933  40.099  -51.856  -1.496 0.1000000015
27926  39.235  -52.121  -0.373 0.1000000015
117002  40.681  -52.125  -2.152 0.1000000015
27055  40.154  -52.807  -1.656 0.1000000015
26184  39.828  -53.592  -1.424 0.1000000015
26177  39.420  -53.552  -0.832 0.1000000015
120316  41.510  -53.301  -2.695 0.1000000015
27064  40.877  -53.017  -2.312 0.1000000015
27075  43.029  -52.987  -3.419 0.1000000015
26195  42.243  -53.300  -3.083 0.1000000015
25292  41.884  -54.789  -3.041 0.1000000015
25293  41.228  -54.589  -2.679 0.1000000015
27074  43.746  -52.647  -3.814 0.1000000015
26210  42.898  -53.712  -3.492 0.1000000015
25310  42.401  -54.206  -3.302 0.1000000015
26209  43.687  -53.653  -3.911 0.1000000015
32608  40.441  -46.475  5.778 0.1000000015
32588  39.935  -47.089  6.131 0.1000000015
27919  38.833  -51.938  0.170 0.1000000015
114958  43.066  -52.041  -3.359 0.1000000015
27062  42.362  -51.934  -2.933 0.1000000015
117188  38.375  -52.119  0.787 0.1000000015
119781  41.771  -58.929  -1.865 0.1000000015
22502  42.220  -57.785  -2.787 0.1000000015
25309  43.163  -54.408  -3.684 0.1000000015
25308  44.057  -54.645  -4.083 0.1000000015
27934  39.678  -51.558  -0.781 0.1000000015
12823  42.453  -68.949  -8.691 0.1000000015
13664  42.744  -67.876  -8.240 0.1000000015
12835  42.770  -69.947  -9.050 0.1000000015
12056  41.984  -70.327  -9.464 0.1000000015
10476  41.524  -71.501  -10.814 0.1000000015
10496  41.243  -71.967  -11.263 0.1000000015
9681  40.465  -72.376  -13.516 0.1000000015
13687  41.017  -68.481  -9.092 0.1000000015
11249  42.260  -70.858  -9.907 0.1000000015
11269  41.397  -71.147  -10.431 0.1000000015
14488  43.239  -66.615  -7.551 0.1000000015
15420  42.375  -66.797  -7.941 0.1000000015
15421  41.125  -66.017  -8.198 0.1000000015
13666  40.100  -67.877  -8.956 0.1000000015
12057  40.592  -69.773  -9.698 0.1000000015
12822  43.700  -68.737  -8.474 0.1000000015
15401  41.052  -65.227  -7.949 0.1000000015
14506  40.097  -66.290  -8.322 0.1000000015
14504  43.728  -67.506  -7.746 0.1000000015
116832  42.985  -65.308  -7.367 0.1000000015
16341  44.283  -65.848  -7.134 0.1000000015
15398  44.428  -66.351  -7.496 0.1000000015
15399  43.815  -66.269  -7.360 0.1000000015
17256  45.168  -65.534  -6.763 0.1000000015
14505  41.246  -66.935  -8.384 0.1000000015
4515  37.356  -79.897  12.889 0.1000000015
4516  36.701  -80.372  13.366 0.1000000015
4525  37.444  -79.725  11.901 0.1000000015
4526  37.107  -80.263  12.393 0.1000000015
5010  36.134  -80.388  18.306 0.1000000015
5022  36.480  -80.049  17.320 0.1000000015
5639  37.477  -78.575  12.179 0.1000000015
5649  37.428  -79.380  11.458 0.1000000015
6241  37.376  -77.494  17.885 0.1000000015
6290  37.118  -77.970  12.662 0.1000000015
6936  41.242  -75.317  17.225 0.1000000015
6937  40.533  -75.390  17.602 0.1000000015
7616  43.262  -74.808  18.651 0.1000000015
7617  42.263  -75.219  18.613 0.1000000015
7618  41.368  -75.424  18.493 0.1000000015
7632  43.725  -74.659  17.729 0.1000000015
7649  44.096  -74.267  16.869 0.1000000015
7663  40.135  -74.591  15.356 0.1000000015
7680  39.086  -75.251  13.190 0.1000000015
8409  44.283  -74.172  18.689 0.1000000015
8410  43.779  -74.408  18.980 0.1000000015
8426  44.602  -73.551  17.309 0.1000000015
8427  44.443  -74.193  17.724 0.1000000015
8440  43.861  -74.136  16.509 0.1000000015
8454  39.088  -73.792  14.315 0.1000000015
8499  31.947  -73.587  12.625 0.1000000015
9264  44.175  -73.780  18.874 0.1000000015
9304  39.391  -72.753  15.132 0.1000000015
9308  36.145  -72.068  15.427 0.1000000015
9325  37.402  -73.089  14.429 0.1000000015
9327  32.663  -72.046  14.493 0.1000000015
9336  32.183  -72.092  13.621 0.1000000015
9352  31.663  -72.755  12.343 0.1000000015
9362  31.365  -72.232  11.616 0.1000000015
9369  30.089  -72.225  10.935 0.1000000015
9400  42.277  -73.021  5.656 0.1000000015
9458  42.155  -72.722  4.431 0.1000000015
9537  42.774  -73.032  -2.991 0.2000000030
9548  42.865  -72.534  -3.267 0.2000000030
9549  42.470  -72.815  -3.487 0.2000000030
9587  34.458  -73.018  -7.219 0.1000000015
9649  40.858  -72.623  -11.685 0.1000000015
10140  44.779  -72.574  17.158 0.1000000015
10166  39.069  -71.736  15.178 0.1000000015
10169  35.818  -71.376  15.528 0.1000000015
10170  34.948  -71.451  15.746 0.1000000015
10225  43.974  -73.089  9.858 0.1000000015
10227  30.412  -71.495  10.423 0.1000000015
10235  44.165  -73.400  8.901 0.1000000015
10237  43.673  -73.301  9.272 0.1000000015
10238  30.302  -70.978  9.843 0.1000000015
10246  43.708  -73.341  8.832 0.1000000015
10286  34.981  -73.580  6.596 0.1000000015
10287  34.414  -73.265  5.816 0.1000000015
10372  43.093  -72.082  -2.808 0.2000000030
10385  43.147  -71.978  -3.013 0.2000000030
10390  36.439  -71.553  -2.597 0.1000000015
10401  42.380  -72.398  -3.693 0.2000000030
10402  42.053  -72.489  -3.812 0.2000000030
10404  36.790  -71.401  -3.734 0.2000000030
10415  37.210  -70.880  -3.848 0.2000000030
10979  36.828  -70.240  15.213 0.1000000015
10981  35.030  -69.932  15.886 0.1000000015
11016  31.562  -70.835  11.706 0.1000000015
11027  44.222  -72.342  10.112 0.1000000015
11028  43.595  -71.957  10.139 0.1000000015
11029  31.222  -70.510  10.500 0.1000000015
11040  44.512  -72.936  9.639 0.1000000015
11044  30.584  -70.511  9.488 0.1000000015
11054  42.845  -72.544  8.342 0.1000000015
11107  34.138  -70.514  5.005 0.1000000015
11177  42.976  -71.460  -3.101 0.2000000030
11178  42.360  -71.377  -3.405 0.2000000030
11194  42.079  -72.047  -3.885 0.2000000030
11210  34.921  -70.589  -4.654 0.1000000015
11239  35.202  -70.187  -8.785 0.1000000015
11252  36.945  -70.421  -9.683 0.1000000015
11268  42.225  -71.148  -10.511 0.1000000015
11751  38.262  -69.443  16.118 0.1000000015
11752  37.553  -69.169  15.748 0.1000000015
11753  33.664  -69.388  16.206 0.1000000015
11771  34.503  -69.180  16.032 0.1000000015
11795  31.757  -69.405  12.682 0.1000000015
11822  31.297  -69.802  10.341 0.1000000015
11836  45.703  -70.147  8.997 0.2000000030
11841  30.962  -69.983  9.131 0.1000000015
11874  30.585  -69.743  7.432 0.1000000015
11912  30.258  -69.894  5.917 0.1000000015
11922  32.717  -70.106  5.030 0.1000000015
11959  45.533  -69.002  0.477 0.3000000119
11969  45.378  -68.715  -0.033 0.3000000119
12048  34.653  -69.813  -8.229 0.2000000030
12566  36.965  -68.913  15.523 0.1000000015
12569  34.907  -68.358  15.735 0.1000000015
12570  32.793  -68.425  15.697 0.1000000015
12577  32.304  -68.305  14.943 0.1000000015
12594  31.915  -68.687  12.344 0.1000000015
12620  41.846  -68.997  10.146 0.1000000015
12621  32.146  -68.155  10.779 0.1000000015
12633  45.569  -69.746  9.213 0.1000000015
12647  45.598  -70.061  9.080 0.2000000030
12675  33.684  -68.342  7.304 0.1000000015
12676  32.446  -68.650  7.526 0.1000000015
12677  31.864  -68.862  8.129 0.1000000015
12694  36.657  -69.408  7.321 0.1000000015
12697  33.076  -68.598  6.948 0.1000000015
12755  42.265  -68.828  -1.570 0.3000000119
12766  42.670  -69.745  -2.108 0.2000000030
12796  34.487  -68.620  -5.340 0.1000000015
12828  35.765  -68.844  -8.210 0.2000000030
12836  41.498  -69.383  -9.263 0.1000000015
13348  40.490  -67.656  16.493 0.1000000015
13349  39.523  -67.459  16.473 0.1000000015
13352  36.377  -67.368  15.992 0.1000000015
13365  35.978  -67.704  15.584 0.1000000015
13366  35.319  -67.638  15.683 0.1000000015
13385  32.075  -67.598  13.638 0.1000000015
13411  32.510  -67.136  11.988 0.1000000015
13426  40.749  -67.270  10.290 0.1000000015
13443  41.322  -68.210  10.047 0.1000000015
13445  33.302  -67.366  9.547 0.1000000015
13457  48.515  -67.860  8.083 0.2000000030
13459  48.126  -69.279  8.511 0.2000000030
13460  45.573  -68.818  8.687 0.3000000119
13469  34.616  -67.362  8.446 0.1000000015
13489  35.529  -67.865  7.980 0.1000000015
13510  40.635  -67.871  5.358 0.4000000060
13529  43.205  -68.227  2.480 0.4000000060
13530  41.327  -67.010  2.975 0.4000000060
13540  44.983  -68.349  1.216 0.3000000119
13552  45.167  -67.988  0.137 0.3000000119
13553  44.285  -67.669  0.301 0.3000000119
13557  38.926  -67.093  0.032 0.3000000119
13566  43.587  -68.010  -0.334 0.3000000119
13567  42.047  -68.135  -0.960 0.3000000119
13572  37.127  -67.096  -1.780 0.1000000015
13645  35.526  -67.285  -7.063 0.1000000015
13663  44.017  -68.161  -7.965 0.1000000015
13665  41.261  -67.849  -8.671 0.1000000015
14196  39.163  -66.032  16.501 0.1000000015
14225  32.285  -66.801  13.717 0.1000000015
14264  39.683  -66.496  10.444 0.1000000015
14265  33.413  -66.326  10.493 0.1000000015
14275  48.450  -68.183  9.001 0.2000000030
14292  48.352  -69.236  8.941 0.2000000030
14299  35.971  -66.485  8.293 0.1000000015
14301  34.455  -66.781  8.912 0.1000000015
14313  48.127  -67.757  7.480 0.2000000030
14314  48.042  -68.580  7.774 0.2000000030
14315  47.087  -67.985  7.791 0.2000000030
14316  41.387  -66.370  7.728 0.5000000000
14319  37.109  -66.989  7.878 0.1000000015
14320  36.462  -66.957  8.051 0.1000000015
14330  48.424  -66.911  7.373 0.2000000030
14343  40.449  -66.544  5.791 0.4000000060
14372  39.247  -66.057  2.980 0.4000000060
14381  38.595  -66.178  2.275 0.4000000060
14382  37.757  -66.054  1.814 0.3000000119
14394  39.598  -66.879  0.816 0.4000000060
14397  37.115  -66.014  0.635 0.2000000030
14487  44.289  -67.043  -7.669 0.1000000015
14491  37.139  -66.480  -7.516 0.2000000030
15071  41.654  -65.152  16.576 0.1000000015
15073  38.250  -65.825  16.599 0.1000000015
15094  33.949  -65.352  15.475 0.1000000015
15095  33.314  -65.401  14.886 0.1000000015
15111  32.898  -65.130  13.264 0.1000000015
15184  37.453  -65.147  9.578 0.1000000015
15186  35.332  -64.786  9.514 0.1000000015
15188  33.862  -65.738  9.922 0.1000000015
15195  49.256  -66.180  8.429 0.2000000030
15206  34.870  -66.013  9.048 0.1000000015
15242  48.581  -66.180  6.863 0.2000000030
15245  39.827  -65.201  6.375 0.4000000060
15265  39.971  -65.697  5.137 0.4000000060
15267  37.842  -65.192  4.984 0.4000000060
15281  37.568  -65.185  4.225 0.3000000119
15293  38.425  -65.781  3.061 0.4000000060
15303  37.126  -65.719  2.026 0.3000000119
15305  35.931  -65.119  1.381 0.3000000119
15312  35.976  -65.167  0.533 0.2000000030
15320  35.936  -65.298  -0.310 0.1000000015
15365  36.269  -65.206  -5.541 0.1000000015
15366  36.009  -65.761  -5.750 0.1000000015
15384  36.504  -65.492  -6.261 0.2000000030
15400  42.053  -65.925  -7.754 0.1000000015
15402  39.433  -65.077  -7.576 0.1000000015
15404  37.831  -65.909  -7.457 0.2000000030
15405  36.683  -65.899  -6.897 0.2000000030
15422  40.136  -65.475  -8.034 0.1000000015
15969  39.951  -63.833  17.097 0.1000000015
15970  39.155  -63.988  17.193 0.1000000015
15973  36.727  -64.668  17.306 0.1000000015
16001  34.187  -64.578  15.559 0.1000000015
16048  40.256  -64.687  11.576 0.1000000015
16049  39.508  -64.696  11.634 0.1000000015
16053  34.420  -63.802  11.915 0.1000000015
16067  41.561  -65.137  10.853 0.1000000015
16068  38.274  -64.808  11.009 0.1000000015
16069  37.419  -64.477  10.703 0.1000000015
16096  50.014  -64.256  8.129 0.1000000015
16106  35.920  -64.955  8.909 0.1000000015
16118  49.867  -64.502  7.776 0.2000000030
16124  38.991  -64.018  7.483 0.5000000000
16167  38.172  -64.778  6.103 0.5000000000
16201  36.195  -64.540  3.998 0.3000000119
16202  35.608  -64.002  3.671 0.3000000119
16213  35.534  -64.382  2.344 0.3000000119
16268  36.179  -63.890  -3.845 0.2000000030
16282  36.313  -64.215  -4.468 0.2000000030
16313  38.438  -64.294  -6.666 0.2000000030
16343  40.903  -64.464  -7.555 0.2000000030
16344  38.913  -64.667  -7.135 0.2000000030
16913  36.136  -63.255  17.152 0.1000000015
16914  35.501  -63.011  16.541 0.1000000015
16917  34.987  -62.978  15.904 0.1000000015
16932  33.738  -64.045  14.250 0.1000000015
16953  34.798  -63.409  12.508 0.1000000015
16970  36.501  -63.608  11.592 0.1000000015
16971  35.722  -63.508  11.740 0.1000000015
16985  44.427  -63.212  10.253 0.1000000015
17017  40.043  -63.338  8.297 0.4000000060
17033  39.551  -63.666  7.957 0.5000000000
17034  38.287  -63.523  7.412 0.5000000000
17035  36.973  -63.144  6.925 0.5000000000
17036  36.465  -62.926  6.601 0.5000000000
17069  48.265  -63.216  5.621 0.4000000060
17070  36.204  -63.653  5.428 0.5000000000
17088  35.821  -63.670  4.771 0.5000000000
17120  35.327  -63.154  1.100 0.2000000030
17127  35.334  -63.066  0.214 0.3000000119
17132  35.515  -62.948  -0.653 0.2000000030
17163  35.763  -63.830  -2.370 0.1000000015
17175  35.945  -63.888  -3.182 0.2000000030
17192  45.378  -63.844  -4.695 0.1000000015
17208  37.503  -63.399  -5.475 0.2000000030
17229  40.654  -63.077  -6.862 0.2000000030
17232  37.912  -63.803  -6.183 0.2000000030
17753  37.943  -62.705  17.618 0.1000000015
17767  34.707  -63.118  15.249 0.1000000015
17820  38.097  -63.210  12.012 0.1000000015
17873  45.148  -61.810  7.782 0.5000000000
17875  38.523  -62.826  7.708 0.5000000000
17876  37.599  -62.864  7.360 0.5000000000
17893  35.583  -61.981  6.246 0.4000000060
17905  35.320  -62.195  5.379 0.4000000060
17993  48.450  -62.571  -3.582 0.1000000015
18008  37.223  -62.202  -3.594 0.2000000030
18009  36.574  -62.531  -3.136 0.2000000030
18022  40.278  -61.785  -4.741 0.3000000119
18023  39.295  -62.054  -4.925 0.2000000030
18025  37.468  -62.453  -4.371 0.2000000030
18037  43.750  -62.799  -5.298 0.2000000030
18039  41.574  -62.341  -5.562 0.3000000119
18041  39.449  -62.466  -5.576 0.3000000119
18060  42.165  -62.796  -6.297 0.2000000030
18062  40.081  -62.611  -6.124 0.3000000119
18565  39.968  -61.885  17.218 0.1000000015
18567  38.206  -61.979  17.443 0.1000000015
18581  37.566  -61.550  16.940 0.1000000015
18582  36.869  -61.274  16.404 0.1000000015
18589  36.389  -61.165  15.884 0.1000000015
18594  35.690  -61.827  14.829 0.1000000015
18596  36.898  -61.219  13.846 0.1000000015
18597  35.754  -61.970  14.083 0.1000000015
18622  39.802  -61.659  11.881 0.1000000015
18637  43.072  -61.270  10.576 0.1000000015
18638  42.453  -61.279  10.801 0.1000000015
18684  42.673  -61.161  7.784 0.5000000000
18686  40.878  -61.105  7.364 0.5000000000
18687  39.321  -61.559  7.669 0.5000000000
18689  37.600  -61.386  7.536 0.5000000000
18704  36.010  -61.801  6.878 0.5000000000
18713  48.365  -61.770  3.917 0.5000000000
18738  35.224  -61.284  3.380 0.5000000000
18765  36.159  -61.166  0.994 0.4000000060
18769  36.385  -61.369  0.215 0.3000000119
18786  40.064  -60.852  -1.706 0.3000000119
18790  36.788  -61.579  -1.373 0.3000000119
18802  40.476  -61.166  -2.365 0.3000000119
18803  39.175  -61.358  -2.820 0.3000000119
18804  38.288  -61.255  -2.657 0.3000000119
18806  36.844  -61.850  -2.103 0.2000000030
18812  46.602  -61.927  -3.563 0.1000000015
18816  42.843  -61.929  -3.722 0.3000000119
18818  40.772  -61.397  -3.131 0.4000000060
18819  39.381  -61.571  -3.588 0.2000000030
18822  37.081  -61.968  -2.858 0.2000000030
19488  37.100  -60.088  14.989 0.1000000015
19505  39.745  -60.556  12.024 0.1000000015
19510  43.706  -61.235  10.265 0.1000000015
19551  38.809  -60.464  7.576 0.5000000000
19552  37.928  -60.588  7.668 0.5000000000
19553  36.992  -60.632  7.662 0.5000000000
19554  36.266  -60.567  7.364 0.5000000000
19555  35.737  -60.469  6.924 0.4000000060
19577  45.651  -60.686  4.719 0.5000000000
19591  35.774  -59.928  4.130 0.4000000060
19618  35.945  -60.344  2.576 0.5000000000
19628  35.810  -60.918  1.848 0.4000000060
19658  39.501  -60.547  -0.955 0.3000000119
19675  42.797  -60.960  -2.358 0.2000000030
19676  42.071  -60.792  -2.143 0.3000000119
19677  41.531  -60.660  -1.836 0.2000000030
19689  44.240  -60.996  -2.990 0.2000000030
20384  39.976  -59.858  16.249 0.1000000015
20397  40.499  -59.326  15.810 0.1000000015
20399  38.417  -59.429  15.388 0.1000000015
20414  39.010  -59.127  13.157 0.1000000015
20415  38.387  -59.483  13.565 0.1000000015
20416  37.880  -59.754  13.924 0.1000000015
20425  41.436  -59.514  11.326 0.1000000015
20427  40.116  -59.712  11.981 0.1000000015
20450  52.979  -59.489  8.746 0.2000000030
20454  39.000  -59.372  7.927 0.5000000000
20463  51.028  -59.662  7.331 0.3000000119
20464  41.517  -59.088  6.789 0.5000000000
20465  40.880  -60.320  7.169 0.4000000060
20466  39.533  -60.102  7.524 0.4000000060
20469  36.441  -59.204  7.705 0.4000000060
20492  51.932  -58.679  5.369 0.4000000060
20496  42.911  -58.886  5.837 0.6000000238
20497  35.400  -59.805  5.811 0.4000000060
20507  50.303  -59.587  3.400 0.5000000000
20522  47.473  -59.075  2.458 0.5000000000
20548  38.202  -58.794  1.192 0.3000000119
20558  39.314  -59.078  0.321 0.3000000119
20562  41.070  -59.181  -0.824 0.2000000030
20563  40.638  -59.621  -0.571 0.2000000030
20564  40.039  -59.344  -0.169 0.2000000030
20575  41.546  -59.553  -1.386 0.2000000030
20590  42.133  -59.537  -1.969 0.1000000015
21387  40.166  -58.435  14.176 0.1000000015
21401  39.489  -58.692  13.547 0.1000000015
21413  41.436  -58.604  11.526 0.1000000015
21414  40.746  -58.573  11.968 0.1000000015
21434  53.662  -58.796  9.364 0.1000000015
21442  37.662  -58.450  8.180 0.5000000000
21443  36.895  -58.422  7.850 0.4000000060
21455  35.788  -59.047  7.144 0.4000000060
21466  35.588  -58.947  6.359 0.4000000060
21481  35.650  -58.896  5.410 0.4000000060
21504  48.080  -58.079  1.968 0.5000000000
21516  37.971  -57.714  1.937 0.2000000030
21524  38.370  -58.163  1.386 0.2000000030
21538  38.788  -58.569  0.788 0.3000000119
21545  39.949  -58.652  0.015 0.3000000119
21559  40.728  -58.332  -0.910 0.2000000030
21573  42.213  -58.696  -2.427 0.1000000015
21574  41.599  -58.192  -2.184 0.1000000015
21586  45.742  -58.569  -4.031 0.1000000015
22281  50.401  -57.974  14.745 0.1000000015
22284  47.221  -57.372  14.774 0.1000000015
22345  53.292  -57.446  9.762 0.2000000030
22370  53.921  -57.826  8.094 0.2000000030
22371  53.185  -57.645  6.850 0.4000000060
22374  36.300  -57.566  7.154 0.4000000060
22417  36.440  -57.339  4.432 0.4000000060
22435  37.203  -57.659  2.900 0.3000000119
22481  39.700  -57.151  -0.321 0.2000000030
22520  45.359  -57.852  -3.977 0.1000000015
23254  50.186  -56.411  13.765 0.1000000015
23287  52.619  -57.368  10.154 0.1000000015
23309  52.821  -57.283  8.756 0.2000000030
23314  41.096  -56.451  7.289 0.4000000060
23316  37.572  -56.068  7.749 0.4000000060
23317  37.012  -56.290  7.256 0.4000000060
23330  41.555  -56.049  6.852 0.4000000060
23341  36.363  -56.462  5.955 0.4000000060
23388  37.666  -56.475  2.538 0.3000000119
23410  39.126  -56.546  0.076 0.3000000119
23428  39.637  -56.320  -0.689 0.2000000030
24185  41.045  -55.913  16.020 0.1000000015
24263  40.054  -55.872  8.188 0.4000000060
24265  38.533  -55.002  8.286 0.3000000119
24330  37.207  -55.935  3.608 0.3000000119
24355  38.337  -55.647  1.123 0.2000000030
24369  38.938  -54.806  -0.025 0.2000000030
24377  40.143  -55.198  -1.835 0.1000000015
24392  41.436  -55.220  -2.743 0.1000000015
24393  40.807  -55.204  -2.428 0.1000000015
24412  42.601  -55.031  -3.420 0.1000000015
25198  39.185  -54.656  8.378 0.3000000119
25200  37.730  -54.144  7.883 0.4000000060
25208  40.625  -54.458  7.774 0.3000000119
25217  41.756  -54.209  6.338 0.4000000060
25218  36.968  -54.093  6.614 0.4000000060
25227  36.775  -54.397  5.199 0.4000000060
25239  36.941  -54.701  4.540 0.4000000060
25272  37.955  -55.167  1.876 0.2000000030
25276  38.530  -54.328  0.505 0.1000000015
25278  39.205  -54.154  -0.489 0.1000000015
25281  39.571  -54.202  -1.081 0.1000000015
26091  39.593  -53.407  8.240 0.3000000119
26092  38.777  -53.363  8.339 0.4000000060
26103  41.415  -53.730  6.833 0.3000000119
26124  36.891  -53.636  5.370 0.4000000060
26137  36.981  -53.895  4.721 0.4000000060
26171  38.164  -53.831  1.031 0.2000000030
26178  39.008  -53.488  -0.265 0.2000000030
26183  40.363  -53.671  -2.029 0.1000000015
26196  41.706  -53.994  -2.920 0.1000000015
26197  41.009  -53.835  -2.530 0.1000000015
26964  41.011  -52.327  7.050 0.1000000015
26966  38.178  -52.098  7.760 0.3000000119
26975  37.297  -52.553  6.614 0.4000000060
26985  37.040  -52.917  5.368 0.4000000060
26996  37.193  -52.706  4.701 0.2000000030
27025  37.571  -52.588  2.913 0.2000000030
27050  39.279  -52.878  -0.598 0.1000000015
27051  38.765  -52.725  0.097 0.1000000015
27063  41.668  -52.388  -2.642 0.1000000015
27824  39.700  -51.962  8.006 0.1000000015
27825  38.826  -51.919  8.087 0.2000000030
27841  37.741  -50.812  6.359 0.2000000030
27851  37.325  -51.688  5.444 0.2000000030
27955  43.378  -51.097  -3.487 0.1000000015
28754  38.740  -50.684  7.404 0.2000000030
28755  38.165  -50.687  6.940 0.2000000030
29751  40.045  -49.981  7.170 0.2000000030
29752  39.265  -49.692  7.163 0.2000000030
29770  38.337  -49.437  6.632 0.2000000030
29825  37.550  -49.385  3.498 0.1000000015
30778  39.113  -48.497  6.725 0.2000000030
31660  40.274  -47.875  6.235 0.1000000015
31661  39.494  -47.815  6.358 0.2000000030
31684  41.462  -47.519  5.544 0.1000000015
107047  35.161  -69.655  6.466 0.1000000015
107957  38.218  -63.778  11.707 0.1000000015
108175  48.778  -67.448  8.601 0.2000000030
108489  36.765  -54.191  5.901 0.4000000060
108819  36.446  -72.904  15.167 0.1000000015
108858  34.310  -64.024  11.157 0.1000000015
109074  35.082  -61.846  2.970 0.4000000060
109158  35.448  -64.012  2.975 0.4000000060
109234  34.530  -63.429  13.224 0.1000000015
109315  42.529  -73.019  16.658 0.1000000015
109423  35.055  -62.450  4.503 0.4000000060
109799  33.146  -72.889  14.325 0.1000000015
110118  38.889  -68.175  16.413 0.1000000015
110282  37.709  -51.928  7.082 0.2000000030
110352  37.437  -51.020  4.982 0.2000000030
111879  43.297  -66.577  8.261 0.3000000119
111950  31.293  -69.407  7.859 0.1000000015
112231  37.441  -78.954  14.366 0.1000000015
112344  38.494  -73.666  14.055 0.1000000015
112458  32.088  -68.442  10.058 0.1000000015
112602  45.847  -62.364  9.479 0.1000000015
112786  44.877  -72.414  17.523 0.1000000015
112854  39.980  -66.266  2.986 0.4000000060
112888  44.387  -61.246  9.868 0.1000000015
112952  42.746  -64.154  8.588 0.5000000000
113067  37.894  -53.249  1.564 0.2000000030
113337  41.087  -55.010  7.432 0.4000000060
113393  41.176  -62.953  8.794 0.5000000000
113531  38.738  -68.926  16.396 0.1000000015
114235  34.929  -62.675  3.835 0.4000000060
114272  35.423  -61.093  2.687 0.5000000000
114572  40.441  -52.122  7.630 0.2000000030
115042  44.495  -55.912  -3.874 0.1000000015
115055  44.670  -57.241  -3.866 0.1000000015
115056  38.384  -57.133  8.466 0.3000000119
115101  42.151  -57.914  6.439 0.5000000000
115167  45.230  -62.421  9.709 0.1000000015
115270  46.426  -58.945  -4.174 0.1000000015
115419  35.032  -68.632  7.348 0.1000000015
115559  49.743  -63.437  8.426 0.1000000015
115876  44.506  -73.074  18.205 0.1000000015
115897  40.596  -56.915  7.631 0.4000000060
116058  34.072  -71.318  4.804 0.1000000015
116221  37.725  -57.211  8.283 0.4000000060
116277  46.356  -62.950  -3.576 0.1000000015
116292  36.518  -59.995  7.650 0.5000000000
116386  49.569  -62.426  7.073 0.3000000119
116402  41.806  -50.969  5.804 0.1000000015
116697  41.797  -66.876  16.362 0.1000000015
116698  42.085  -73.962  16.320 0.1000000015
117282  43.727  -55.962  -3.768 0.1000000015
117292  33.297  -64.535  13.076 0.1000000015
117462  43.670  -60.642  6.173 0.5000000000
117603  37.961  -54.861  8.038 0.3000000119
117622  40.337  -66.693  10.525 0.1000000015
117677  37.940  -66.842  -8.111 0.1000000015
118094  39.616  -53.033  -1.143 0.1000000015
118183  41.282  -57.765  7.135 0.5000000000
118273  43.878  -51.759  -3.754 0.1000000015
118386  39.161  -53.954  8.376 0.4000000060
118520  36.322  -62.058  -1.452 0.2000000030
118588  36.680  -56.146  6.604 0.4000000060
118650  44.439  -61.315  7.541 0.6000000238
119304  34.811  -72.094  15.629 0.1000000015
119439  46.395  -63.596  -3.799 0.1000000015
119605  37.507  -50.970  5.734 0.2000000030
120075  39.093  -57.061  8.460 0.4000000060
120731  37.294  -54.116  7.286 0.4000000060
120866  40.180  -70.122  16.607 0.1000000015
120982  39.639  -52.369  -1.036 0.1000000015
121304  41.155  -61.545  11.451 0.1000000015
122245  29.881  -70.041  7.377 0.1000000015
122605  37.393  -71.498  -1.806 0.1000000015
122633  42.783  -65.867  -7.499 0.1000000015
122703  35.892  -62.236  -0.757 0.3000000119
122785  36.367  -60.179  1.989 0.4000000060
122976  42.755  -59.405  -2.497 0.2000000030
123149  42.889  -61.725  10.734 0.1000000015
123442  39.397  -53.741  16.040 0.1000000015
124024  44.340  -58.634  -3.679 0.1000000015
124028  44.566  -55.281  13.557 0.1000000015
124032  44.462  -73.163  9.167 0.1000000015
124220  39.815  -61.308  17.109 0.1000000015
124247  40.258  -57.631  -0.677 0.2000000030
124751  37.589  -54.054  2.724 0.2000000030
125146  53.309  -59.304  8.548 0.3000000119
125500  43.208  -67.299  1.424 0.3000000119
125700  37.136  -65.807  1.363 0.3000000119
125780  34.250  -70.192  -7.877 0.1000000015
125848  40.011  -61.332  7.595 0.4000000060
125993  35.869  -65.524  -1.002 0.1000000015
126008  38.062  -59.377  14.814 0.1000000015
126194  40.288  -59.978  7.376 0.4000000060
126720  41.060  -65.024  8.068 0.5000000000
126758  37.521  -54.788  7.543 0.4000000060
127196  38.599  -59.074  0.682 0.3000000119
127285  46.466  -61.829  6.481 0.5000000000
127432  45.703  -62.190  7.604 0.5000000000
127629  37.551  -79.339  12.657 0.1000000015
127752  34.557  -69.409  6.187 0.1000000015
128016  44.489  -65.431  8.284 0.4000000060
128054  43.876  -57.885  -3.789 0.2000000030
128301  42.312  -55.731  15.260 0.1000000015
128365  37.571  -57.886  2.369 0.3000000119
128669  31.614  -69.163  11.229 0.1000000015
128719  37.299  -65.744  -7.151 0.2000000030
128858  32.047  -70.004  14.173 0.1000000015
128860  36.189  -64.044  17.258 0.1000000015
128933  42.475  -52.532  -3.075 0.1000000015
128945  39.565  -70.022  -3.218 0.2000000030
129167  33.519  -67.554  8.986 0.1000000015
129174  45.244  -54.150  2.106 0.2000000030
129324  31.687  -70.062  12.966 0.1000000015
129451  35.300  -63.162  1.854 0.3000000119
129513  40.591  -57.713  -1.167 0.2000000030
129526  38.710  -51.473  0.532 0.1000000015
129727  38.655  -56.327  0.705 0.2000000030
129809  39.697  -54.809  -1.307 0.1000000015
130189  40.376  -65.028  16.717 0.1000000015
