#!ascii label  , from subject freesurfer vox2ras=TkReg
325
18722  48.669  -61.258  3.209 0.0000000000
125127  39.034  -65.746  3.506 0.0000000000
124193  48.469  -68.539  8.667 0.0000000000
17015  42.474  -63.340  8.826 0.0000000000
11103  42.329  -71.148  5.120 0.0000000000
12648  44.510  -70.408  8.720 0.0000000000
11067  42.422  -72.270  7.803 0.0000000000
15224  40.151  -64.994  7.144 0.0000000000
113965  39.422  -60.902  7.482 0.0000000000
17050  48.549  -64.006  5.975 0.0000000000
15197  45.286  -65.961  7.829 0.0000000000
13463  42.040  -67.202  7.755 0.0000000000
12710  41.196  -67.913  3.723 0.0000000000
11937  44.170  -70.147  1.997 0.0000000000
128096  50.337  -57.966  4.934 0.0000000000
19544  50.050  -60.286  6.957 0.0000000000
119430  48.727  -63.509  8.643 0.0000000000
19566  42.444  -60.322  6.336 0.0000000000
11041  43.203  -72.295  9.650 0.0000000000
108575  39.302  -65.481  4.856 0.0000000000
16146  38.363  -64.315  6.814 0.0000000000
15241  49.018  -65.596  6.918 0.0000000000
15220  47.426  -66.907  7.152 0.0000000000
11867  42.697  -70.660  7.815 0.0000000000
13462  42.837  -68.299  7.899 0.0000000000
12689  41.616  -68.795  6.495 0.0000000000
12690  40.727  -67.969  6.106 0.0000000000
11905  41.325  -69.266  4.843 0.0000000000
11960  45.400  -69.095  0.071 0.0000000000
19531  50.742  -60.502  8.093 0.0000000000
18680  50.399  -62.482  8.028 0.0000000000
18663  49.363  -61.754  8.548 0.0000000000
17855  44.703  -62.577  8.249 0.0000000000
18667  43.166  -61.780  8.312 0.0000000000
21441  38.560  -58.533  8.339 0.0000000000
21452  40.367  -58.489  7.830 0.0000000000
14277  46.659  -67.826  9.025 0.0000000000
119938  46.646  -69.202  9.146 0.0000000000
11837  45.043  -70.733  9.323 0.0000000000
11053  43.644  -72.994  8.532 0.0000000000
11090  42.378  -72.171  5.904 0.0000000000
16104  40.960  -64.351  8.340 0.0000000000
17858  41.235  -62.245  8.488 0.0000000000
17874  39.410  -62.890  8.099 0.0000000000
114674  38.075  -62.135  7.601 0.0000000000
14386  39.174  -66.534  1.575 0.0000000000
18712  48.510  -61.886  4.486 0.0000000000
17032  46.036  -63.457  7.835 0.0000000000
115027  43.790  -64.566  8.406 0.0000000000
14293  45.053  -67.612  8.144 0.0000000000
15199  43.967  -66.493  8.265 0.0000000000
15201  42.256  -65.379  8.441 0.0000000000
14317  40.806  -66.358  7.068 0.0000000000
110906  40.524  -66.919  5.110 0.0000000000
14370  40.478  -66.521  3.348 0.0000000000
11927  43.768  -70.609  3.102 0.0000000000
12708  43.935  -69.689  2.684 0.0000000000
13541  43.772  -67.846  1.633 0.0000000000
13550  41.749  -66.860  1.381 0.0000000000
21476  48.677  -58.350  3.660 0.0000000000
21487  50.197  -59.400  3.298 0.0000000000
21473  51.796  -58.667  5.044 0.0000000000
19561  49.778  -60.198  5.244 0.0000000000
18699  49.389  -61.323  6.452 0.0000000000
17029  50.222  -63.772  7.933 0.0000000000
16098  48.981  -65.435  8.771 0.0000000000
16082  46.947  -64.339  9.418 0.0000000000
15180  46.791  -66.593  9.171 0.0000000000
19549  41.525  -60.618  7.029 0.0000000000
19587  48.952  -60.716  2.748 0.0000000000
19603  47.959  -60.042  2.722 0.0000000000
19588  48.245  -61.171  3.037 0.0000000000
15279  39.187  -65.607  4.115 0.0000000000
15266  38.568  -65.155  5.404 0.0000000000
15219  49.061  -66.569  7.811 0.0000000000
15243  48.057  -66.443  6.756 0.0000000000
13458  48.262  -68.976  8.219 0.0000000000
11885  41.945  -70.494  6.305 0.0000000000
11884  42.245  -70.130  6.996 0.0000000000
11904  41.641  -70.107  5.419 0.0000000000
12701  41.215  -68.877  5.562 0.0000000000
11920  41.916  -70.135  4.506 0.0000000000
11971  42.886  -69.512  -0.847 0.0000000000
19532  50.035  -61.072  8.401 0.0000000000
17014  43.318  -63.479  8.530 0.0000000000
17856  43.735  -62.589  8.397 0.0000000000
17857  42.774  -62.570  8.651 0.0000000000
22363  38.952  -57.783  8.588 0.0000000000
13441  45.861  -69.080  9.180 0.0000000000
12634  44.748  -69.535  9.764 0.0000000000
11042  42.880  -72.735  8.915 0.0000000000
10236  44.156  -73.510  9.215 0.0000000000
11066  42.772  -72.210  8.102 0.0000000000
119850  42.257  -72.296  6.950 0.0000000000
16122  40.502  -64.722  7.807 0.0000000000
16105  40.244  -64.010  8.144 0.0000000000
16123  39.771  -64.365  7.610 0.0000000000
124389  37.343  -62.074  7.366 0.0000000000
20468  37.295  -59.787  7.866 0.0000000000
17891  48.462  -62.823  5.590 0.0000000000
17903  48.273  -62.309  4.996 0.0000000000
17051  48.195  -63.929  5.805 0.0000000000
17012  45.564  -64.115  8.186 0.0000000000
16099  44.936  -64.806  8.281 0.0000000000
12632  45.744  -69.446  9.154 0.0000000000
111887  46.167  -68.479  8.674 0.0000000000
112644  45.208  -69.468  8.762 0.0000000000
14295  43.105  -67.257  8.114 0.0000000000
15200  43.080  -65.848  8.374 0.0000000000
14296  42.322  -66.307  8.238 0.0000000000
15222  41.514  -65.602  8.171 0.0000000000
121195  41.207  -67.149  7.195 0.0000000000
12706  40.906  -68.433  4.655 0.0000000000
122980  40.533  -67.332  5.824 0.0000000000
13522  40.666  -67.447  4.438 0.0000000000
14357  40.442  -66.485  4.238 0.0000000000
109534  40.731  -67.058  3.705 0.0000000000
11951  39.220  -69.700  1.537 0.0000000000
108534  42.061  -69.543  0.864 0.0000000000
11938  41.791  -70.100  2.293 0.0000000000
11130  43.411  -70.963  2.639 0.0000000000
11129  43.519  -70.817  2.699 0.0000000000
11936  44.364  -69.825  1.975 0.0000000000
13565  44.985  -68.064  -0.204 0.0000000000
12727  45.366  -68.475  0.562 0.0000000000
13548  44.480  -67.665  0.837 0.0000000000
111502  42.498  -66.954  1.712 0.0000000000
13549  43.112  -67.198  1.018 0.0000000000
22397  48.882  -58.001  4.955 0.0000000000
21475  50.234  -58.770  3.915 0.0000000000
20479  52.016  -58.796  7.090 0.0000000000
21462  52.632  -58.143  6.266 0.0000000000
20480  51.289  -59.237  5.673 0.0000000000
20493  51.140  -59.209  4.278 0.0000000000
18711  48.941  -61.396  5.107 0.0000000000
17852  49.945  -62.567  8.374 0.0000000000
17008  50.411  -63.119  7.991 0.0000000000
17009  50.328  -63.265  8.049 0.0000000000
16097  49.540  -65.147  8.305 0.0000000000
17010  49.363  -64.382  8.509 0.0000000000
17000  45.150  -63.398  9.821 0.0000000000
16083  45.803  -64.357  9.619 0.0000000000
118461  46.900  -65.385  9.358 0.0000000000
18670  40.547  -61.788  7.995 0.0000000000
18669  41.309  -61.567  8.056 0.0000000000
19550  40.183  -60.632  7.381 0.0000000000
21451  41.079  -58.442  7.265 0.0000000000
113135  39.519  -65.360  5.605 0.0000000000
16145  39.335  -64.642  6.953 0.0000000000
16143  48.817  -64.901  6.251 0.0000000000
117675  48.356  -64.624  5.935 0.0000000000
16144  48.284  -65.441  6.162 0.0000000000
15221  46.249  -66.520  7.303 0.0000000000
12649  43.097  -69.703  8.200 0.0000000000
109272  43.905  -69.155  8.332 0.0000000000
12688  42.405  -69.140  7.370 0.0000000000
12668  41.760  -68.009  7.253 0.0000000000
128457  41.090  -67.784  6.690 0.0000000000
12705  41.536  -69.093  4.099 0.0000000000
11948  45.105  -69.245  1.097 0.0000000000
123370  44.220  -69.194  -0.520 0.0000000000
128199  45.020  -69.019  -0.395 0.0000000000
19543  50.748  -60.654  7.992 0.0000000000
18681  50.205  -61.788  7.845 0.0000000000
18661  50.349  -61.498  8.086 0.0000000000
18662  50.090  -61.913  8.259 0.0000000000
17853  48.763  -62.556  8.602 0.0000000000
18683  43.605  -61.277  7.688 0.0000000000
19548  42.229  -60.747  6.968 0.0000000000
126994  38.939  -59.956  7.631 0.0000000000
21453  39.964  -59.319  7.790 0.0000000000
21440  39.494  -58.514  8.259 0.0000000000
21439  39.892  -57.460  8.175 0.0000000000
14276  48.087  -68.563  9.236 0.0000000000
13439  47.636  -69.308  8.993 0.0000000000
13440  46.635  -69.099  9.125 0.0000000000
11853  44.989  -70.948  9.293 0.0000000000
11039  44.916  -72.201  9.352 0.0000000000
11052  44.552  -72.448  8.876 0.0000000000
11854  43.458  -71.431  8.345 0.0000000000
11076  42.529  -71.756  7.386 0.0000000000
16103  41.721  -63.800  8.780 0.0000000000
109023  41.893  -62.733  8.921 0.0000000000
17016  40.736  -63.520  8.527 0.0000000000
17859  40.365  -62.679  8.419 0.0000000000
120505  39.729  -62.081  7.962 0.0000000000
126492  38.937  -63.366  7.756 0.0000000000
117687  38.921  -62.179  7.768 0.0000000000
18688  38.574  -61.327  7.586 0.0000000000
20467  38.339  -59.887  7.774 0.0000000000
20455  38.013  -59.168  8.036 0.0000000000
14380  39.678  -66.366  2.347 0.0000000000
18723  48.538  -61.426  3.207 0.0000000000
125209  47.864  -62.192  4.665 0.0000000000
17013  44.444  -63.626  8.366 0.0000000000
126240  45.868  -67.538  7.843 0.0000000000
13461  44.127  -68.358  8.248 0.0000000000
14294  44.166  -67.475  8.208 0.0000000000
15198  44.694  -66.392  8.098 0.0000000000
16100  43.805  -65.580  8.366 0.0000000000
16101  42.968  -65.017  8.476 0.0000000000
16102  42.244  -64.644  8.575 0.0000000000
15202  41.613  -64.812  8.428 0.0000000000
15223  40.835  -65.527  7.559 0.0000000000
108950  40.402  -65.646  6.728 0.0000000000
13484  40.665  -67.107  6.482 0.0000000000
14331  40.523  -66.233  6.385 0.0000000000
15244  40.212  -65.777  5.841 0.0000000000
14344  40.306  -66.137  5.062 0.0000000000
14358  39.908  -65.828  4.474 0.0000000000
14371  39.795  -66.006  3.657 0.0000000000
10284  42.468  -72.432  5.186 0.0000000000
108379  40.099  -69.583  1.364 0.0000000000
11121  42.973  -71.484  3.683 0.0000000000
11919  43.036  -71.157  3.964 0.0000000000
11928  42.824  -70.064  3.558 0.0000000000
12709  42.375  -68.738  3.287 0.0000000000
11935  45.255  -69.067  1.087 0.0000000000
12718  44.433  -68.960  1.840 0.0000000000
128320  42.193  -67.503  3.000 0.0000000000
13542  42.570  -67.142  2.240 0.0000000000
13543  41.551  -66.778  2.137 0.0000000000
14379  40.562  -66.613  2.582 0.0000000000
14385  40.417  -66.714  1.674 0.0000000000
22398  47.974  -57.682  2.543 0.0000000000
118787  47.613  -57.860  4.675 0.0000000000
21488  49.339  -59.036  2.884 0.0000000000
20508  49.532  -59.743  2.746 0.0000000000
19586  49.558  -60.356  2.997 0.0000000000
22380  53.463  -57.913  7.105 0.0000000000
22396  51.490  -58.339  4.695 0.0000000000
21474  51.010  -59.061  3.980 0.0000000000
114327  50.217  -59.947  3.542 0.0000000000
19575  49.179  -60.846  3.879 0.0000000000
18700  48.860  -62.330  5.811 0.0000000000
17890  49.082  -63.279  6.393 0.0000000000
123409  50.372  -62.758  7.927 0.0000000000
17870  49.969  -63.299  7.511 0.0000000000
17049  49.414  -64.142  6.997 0.0000000000
16142  49.396  -64.933  7.146 0.0000000000
15194  49.621  -65.348  7.876 0.0000000000
15196  48.740  -66.688  8.892 0.0000000000
17011  48.067  -64.222  8.911 0.0000000000
16081  47.972  -65.454  9.133 0.0000000000
15179  47.903  -66.809  9.127 0.0000000000
18668  42.117  -61.799  8.452 0.0000000000
18685  41.776  -61.130  7.621 0.0000000000
19567  41.905  -60.296  6.644 0.0000000000
118141  40.809  -59.376  7.311 0.0000000000
119687  41.423  -59.923  6.827 0.0000000000
10225  43.974  -73.089  9.858 0.0000000000
10235  44.165  -73.400  8.901 0.0000000000
10237  43.673  -73.301  9.272 0.0000000000
10246  43.708  -73.341  8.832 0.0000000000
11028  43.595  -71.957  10.139 0.0000000000
11040  44.512  -72.936  9.639 0.0000000000
11054  42.845  -72.544  8.342 0.0000000000
11836  45.703  -70.147  8.997 0.0000000000
11959  45.533  -69.002  0.477 0.0000000000
11969  45.378  -68.715  -0.033 0.0000000000
12633  45.569  -69.746  9.213 0.0000000000
12647  45.598  -70.061  9.080 0.0000000000
13457  48.515  -67.860  8.083 0.0000000000
13459  48.126  -69.279  8.511 0.0000000000
13460  45.573  -68.818  8.687 0.0000000000
13510  40.635  -67.871  5.358 0.0000000000
13529  43.205  -68.227  2.480 0.0000000000
13530  41.327  -67.010  2.975 0.0000000000
13540  44.983  -68.349  1.216 0.0000000000
13552  45.167  -67.988  0.137 0.0000000000
13553  44.285  -67.669  0.301 0.0000000000
14275  48.450  -68.183  9.001 0.0000000000
14292  48.352  -69.236  8.941 0.0000000000
14313  48.127  -67.757  7.480 0.0000000000
14314  48.042  -68.580  7.774 0.0000000000
14316  41.387  -66.370  7.728 0.0000000000
14330  48.424  -66.911  7.373 0.0000000000
14343  40.449  -66.544  5.791 0.0000000000
14372  39.247  -66.057  2.980 0.0000000000
14381  38.595  -66.178  2.275 0.0000000000
15195  49.256  -66.180  8.429 0.0000000000
15242  48.581  -66.180  6.863 0.0000000000
15245  39.827  -65.201  6.375 0.0000000000
15265  39.971  -65.697  5.137 0.0000000000
15293  38.425  -65.781  3.061 0.0000000000
16096  50.014  -64.256  8.129 0.0000000000
16118  49.867  -64.502  7.776 0.0000000000
16124  38.991  -64.018  7.483 0.0000000000
17017  40.043  -63.338  8.297 0.0000000000
17033  39.551  -63.666  7.957 0.0000000000
17034  38.287  -63.523  7.412 0.0000000000
17069  48.265  -63.216  5.621 0.0000000000
17875  38.523  -62.826  7.708 0.0000000000
18684  42.673  -61.161  7.784 0.0000000000
18686  40.878  -61.105  7.364 0.0000000000
18687  39.321  -61.559  7.669 0.0000000000
18689  37.600  -61.386  7.536 0.0000000000
18701  47.874  -62.907  5.427 0.0000000000
18713  48.365  -61.770  3.917 0.0000000000
19551  38.809  -60.464  7.576 0.0000000000
19552  37.928  -60.588  7.668 0.0000000000
20454  39.000  -59.372  7.927 0.0000000000
20463  51.028  -59.662  7.331 0.0000000000
20465  40.880  -60.320  7.169 0.0000000000
20466  39.533  -60.102  7.524 0.0000000000
20492  51.932  -58.679  5.369 0.0000000000
20507  50.303  -59.587  3.400 0.0000000000
21442  37.662  -58.450  8.180 0.0000000000
22371  53.185  -57.645  6.850 0.0000000000
108175  48.778  -67.448  8.601 0.0000000000
108930  43.137  -70.149  1.786 0.0000000000
111061  44.493  -70.468  9.995 0.0000000000
111879  43.297  -66.577  8.261 0.0000000000
112854  39.980  -66.266  2.986 0.0000000000
112952  42.746  -64.154  8.588 0.0000000000
113393  41.176  -62.953  8.794 0.0000000000
115559  49.743  -63.437  8.426 0.0000000000
116386  49.569  -62.426  7.073 0.0000000000
120075  39.093  -57.061  8.460 0.0000000000
124032  44.462  -73.163  9.167 0.0000000000
125500  43.208  -67.299  1.424 0.0000000000
125848  40.011  -61.332  7.595 0.0000000000
126194  40.288  -59.978  7.376 0.0000000000
126720  41.060  -65.024  8.068 0.0000000000
128016  44.489  -65.431  8.284 0.0000000000
