#!ascii label  , from subject freesurfer vox2ras=TkReg
528
52517  26.173  -24.623  -3.894 0.1428571492
52518  25.342  -24.387  -3.532 0.1428571492
53427  25.287  -23.602  -4.781 0.1428571492
52530  26.866  -24.745  -4.245 0.1428571492
108215  26.275  -23.510  -4.687 0.2857142985
53409  25.615  -24.042  -4.150 0.1428571492
117172  26.831  -24.150  -4.448 0.1428571492
55185  26.273  -22.063  -5.153 0.5714285970
53425  27.411  -23.650  -4.525 0.1428571492
54317  28.494  -22.194  -4.407 0.2857142985
118076  27.956  -22.869  -4.498 0.2857142985
55182  28.932  -21.451  -4.449 0.1428571492
56842  29.298  -19.425  -5.471 0.2857142985
56004  28.879  -20.110  -5.214 0.2857142985
58615  30.546  -17.589  -6.459 0.2857142985
57735  30.166  -18.232  -6.128 0.2857142985
59591  30.696  -16.441  -7.581 0.2857142985
58629  30.113  -17.133  -7.226 0.2857142985
60537  31.447  -15.554  -8.339 0.2857142985
61520  32.217  -14.291  -10.800 0.8571428657
61521  31.442  -14.772  -10.246 0.4285714328
59590  31.466  -15.960  -7.613 0.2857142985
63173  33.160  -13.229  -11.825 0.7142857313
62365  33.388  -13.352  -11.029 0.7142857313
124332  32.978  -13.830  -10.727 0.7142857313
64009  33.911  -11.835  -11.361 0.8571428657
63183  33.366  -12.344  -11.881 0.8571428657
62366  32.733  -13.892  -11.638 0.7142857313
65900  34.635  -9.874  -11.227 0.4285714328
64954  33.856  -11.100  -11.522 0.7142857313
64021  33.387  -11.608  -11.868 0.8571428657
130052  35.875  -7.316  -11.509 0.2857142985
67762  35.185  -7.725  -11.078 0.5714285970
65922  33.655  -8.961  -11.530 0.8571428657
66824  34.741  -8.746  -11.061 0.7142857313
65901  33.668  -10.138  -11.542 0.8571428657
68688  36.524  -6.023  -12.259 0.1428571492
111882  36.499  -6.967  -12.116 0.1428571492
68689  35.511  -6.705  -11.468 0.4285714328
67763  33.993  -7.867  -11.017 0.5714285970
70584  35.652  -4.379  -11.770 0.1428571492
69627  35.516  -5.800  -11.615 0.1428571492
122445  33.199  -8.051  -11.742 0.8571428657
72476  35.465  -2.193  -12.208 0.1428571492
70594  35.982  -3.475  -12.117 0.1428571492
71541  35.084  -2.872  -11.892 0.1428571492
70585  34.365  -4.703  -11.826 0.4285714328
69628  34.331  -5.587  -11.607 0.5714285970
68690  33.944  -6.315  -11.380 0.7142857313
67764  32.451  -7.822  -12.533 0.8571428657
111963  34.786  -1.702  -12.221 0.1428571492
70595  34.656  -3.781  -11.884 0.5714285970
69629  33.208  -5.961  -11.945 0.8571428657
68691  33.211  -7.023  -11.730 0.8571428657
114538  32.505  -6.341  -12.633 0.8571428657
73367  34.369  -1.156  -12.597 0.1428571492
72477  34.376  -2.377  -12.332 0.1428571492
72478  33.270  -2.486  -13.109 0.8571428657
70596  33.081  -4.143  -12.448 0.8571428657
70586  33.185  -5.138  -12.231 0.7142857313
75004  33.151  0.211  -13.837 0.1428571492
75845  33.580  1.107  -13.322 0.1428571492
73368  33.146  -1.319  -13.670 0.4285714328
129045  32.114  -2.164  -14.386 0.8571428657
116028  32.578  -2.841  -13.875 0.8571428657
71543  32.522  -3.486  -13.334 0.8571428657
109952  32.069  -4.212  -13.898 0.8571428657
74191  32.526  -0.585  -14.336 0.4285714328
72479  32.132  -2.570  -14.303 0.8571428657
113970  31.993  -3.299  -14.191 0.8571428657
110495  31.941  -3.403  -14.142 0.8571428657
75846  32.676  0.850  -14.825 0.1428571492
75856  32.188  1.406  -16.067 0.2857142985
75019  32.202  -0.151  -15.538 0.5714285970
75020  31.520  0.063  -16.294 0.8571428657
74201  31.884  -0.572  -15.504 0.8571428657
73377  32.069  -1.370  -14.500 0.8571428657
72486  32.026  -2.130  -14.376 0.8571428657
73378  31.942  -1.287  -14.482 0.8571428657
72480  31.990  -2.740  -14.280 0.8571428657
76648  32.517  2.714  -15.389 0.2857142985
119031  31.824  0.491  -16.315 0.5714285970
75857  31.221  0.857  -16.883 0.8571428657
75005  31.386  -0.283  -15.508 0.8571428657
74173  31.665  -0.816  -13.684 0.8571428657
73369  31.781  -2.173  -14.047 0.8571428657
75864  30.944  1.496  -16.573 0.8571428657
120631  30.823  1.391  -16.206 0.8571428657
75832  31.520  1.234  -13.014 0.7142857313
74987  31.597  0.205  -13.511 0.7142857313
76661  31.344  2.478  -15.668 0.8571428657
112254  31.491  1.847  -14.302 0.8571428657
75847  31.048  0.666  -15.355 0.8571428657
117979  31.487  2.172  -12.739 0.8571428657
76650  31.556  3.009  -13.681 0.8571428657
78287  32.050  4.348  -13.289 0.7142857313
77472  31.863  3.752  -13.867 0.8571428657
78269  31.838  4.665  -11.960 0.8571428657
79042  32.025  5.484  -11.941 0.7142857313
77452  31.747  3.779  -12.172 0.8571428657
79838  32.011  5.663  -15.274 0.1428571492
78268  32.149  4.934  -12.819 0.8571428657
79794  32.328  6.117  -12.388 0.7142857313
81316  31.638  7.043  -15.431 0.1428571492
118048  32.635  6.714  -12.643 0.5714285970
120717  32.984  7.448  -13.086 0.5714285970
81296  32.638  8.441  -12.538 0.5714285970
119916  32.705  7.990  -13.738 0.1428571492
118627  30.765  8.400  -16.960 0.1428571492
82039  32.252  9.301  -12.097 0.5714285970
121720  31.087  9.394  -17.024 0.1428571492
118514  32.455  9.541  -14.276 0.1428571492
84547  32.288  11.677  -17.034 0.1428571492
117314  32.471  9.256  -13.125 0.5714285970
119917  32.272  10.750  -16.648 0.1428571492
83749  32.553  11.330  -15.079 0.1428571492
84533  32.531  12.041  -15.776 0.1428571492
52491  25.902  -25.003  -3.134 0.1428571492
53424  28.228  -23.563  -4.438 0.2857142985
116088  29.696  -19.897  -4.846 0.2857142985
55983  29.337  -20.675  -4.649 0.1428571492
60526  30.940  -15.951  -8.175 0.2857142985
123944  30.284  -16.192  -8.459 0.2857142985
61508  32.137  -14.546  -9.251 0.4285714328
61509  31.412  -15.164  -9.216 0.5714285970
64953  34.723  -11.369  -11.088 0.2857142985
62367  31.895  -14.235  -11.977 0.7142857313
65921  35.312  -9.449  -11.172 0.1428571492
65923  32.740  -9.588  -12.168 0.8571428657
107584  34.372  -6.947  -11.021 0.7142857313
71542  33.603  -3.112  -12.566 0.8571428657
70597  32.286  -5.022  -13.568 0.8571428657
71544  31.958  -4.114  -14.010 0.8571428657
75863  31.457  2.014  -16.094 0.8571428657
77471  31.916  4.022  -14.935 0.8571428657
123592  32.453  8.460  -14.475 0.1428571492
119076  32.155  9.372  -15.733 0.1428571492
119067  30.575  10.664  -19.608 0.1428571492
52492  24.940  -24.773  -2.829 0.1428571492
54318  26.995  -22.667  -4.709 0.4285714328
55183  28.103  -21.552  -4.755 0.2857142985
125188  27.775  -22.178  -4.626 0.4285714328
55984  28.485  -20.843  -4.997 0.1428571492
123844  30.751  -19.355  -5.280 0.2857142985
115670  29.352  -18.472  -6.559 0.2857142985
58616  29.688  -17.801  -6.862 0.2857142985
70583  36.788  -4.096  -12.504 0.1428571492
73366  35.960  -1.627  -12.471 0.1428571492
74190  33.852  -0.434  -12.979 0.1428571492
75003  34.262  0.424  -12.709 0.1428571492
129294  32.611  -2.186  -14.045 0.8571428657
69630  32.427  -5.673  -13.016 0.8571428657
76647  33.072  1.843  -14.516 0.1428571492
126029  33.414  2.700  -13.975 0.1428571492
77482  32.264  3.694  -15.424 0.2857142985
126957  31.202  -0.247  -12.445 0.8571428657
76659  31.736  3.146  -15.784 0.5714285970
125998  32.344  4.220  -14.985 0.5714285970
78286  32.456  4.686  -14.167 0.5714285970
79058  32.334  5.366  -13.215 0.7142857313
124413  32.603  6.298  -13.694 0.4285714328
109632  32.608  5.383  -14.709 0.2857142985
79824  32.566  5.495  -14.846 0.2857142985
80549  32.415  6.667  -14.497 0.1428571492
117644  32.476  10.730  -13.542 0.2857142985
82059  31.467  8.058  -15.929 0.1428571492
122616  32.381  10.313  -15.723 0.1428571492
82917  32.483  10.536  -14.605 0.1428571492
117359  32.536  11.557  -13.984 0.1428571492
117993  32.379  12.869  -16.909 0.1428571492
119376  32.505  13.070  -15.337 0.1428571492
77483  31.983  3.809  -15.457 0.4285714328
78299  32.596  4.693  -14.738 0.4285714328
79073  32.658  5.210  -14.473 0.4285714328
79807  32.501  5.721  -13.701 0.5714285970
53426  26.163  -24.141  -4.364 0.1428571492
52519  24.526  -24.151  -3.128 0.1428571492
116633  25.346  -23.275  -5.108 0.4285714328
54319  26.001  -22.834  -4.981 0.5714285970
52528  28.076  -24.150  -4.441 0.1428571492
57715  29.735  -18.809  -5.772 0.2857142985
63174  32.383  -13.663  -12.158 0.7142857313
108761  34.510  -10.794  -11.330 0.8571428657
64968  32.895  -10.754  -12.136 0.8571428657
122765  34.755  -6.246  -11.350 0.5714285970
69626  36.471  -5.041  -12.082 0.1428571492
116603  35.328  -5.114  -11.610 0.1428571492
109627  33.759  -1.849  -12.798 0.5714285970
74202  31.761  -0.581  -15.477 0.8571428657
112680  31.618  -1.557  -13.508 0.8571428657
125418  30.970  0.738  -16.623 0.8571428657
76649  31.556  3.412  -15.014 0.8571428657
80566  31.689  6.083  -15.692 0.1428571492
118276  32.623  7.582  -12.242 0.5714285970
82087  30.476  8.597  -17.708 0.1428571492
83777  31.629  11.022  -17.781 0.1428571492
82948  30.384  9.746  -18.252 0.1428571492
56003  30.461  -19.855  -4.914 0.1428571492
55184  27.248  -21.754  -4.953 0.4285714328
58617  28.931  -18.209  -7.367 0.5714285970
57744  28.106  -18.791  -7.888 0.5714285970
57746  26.268  -19.105  -8.418 0.2857142985
58642  28.994  -17.667  -8.952 0.5714285970
58632  27.813  -18.518  -9.008 0.5714285970
56865  26.238  -19.718  -7.541 0.4285714328
58631  28.593  -18.137  -8.431 0.5714285970
118474  26.908  -18.643  -9.136 0.4285714328
59601  29.655  -16.335  -9.451 0.4285714328
59602  28.959  -17.479  -10.166 0.5714285970
59603  28.419  -17.724  -10.182 0.5714285970
59604  27.576  -17.631  -9.811 0.4285714328
60550  29.748  -15.763  -10.267 0.5714285970
59614  29.201  -16.700  -10.951 0.5714285970
59615  28.994  -17.032  -10.801 0.4285714328
60551  29.255  -16.089  -11.287 0.7142857313
61523  29.282  -15.771  -11.273 0.4285714328
61522  29.826  -15.204  -10.987 0.4285714328
58644  27.706  -18.225  -9.708 0.4285714328
58645  26.779  -18.044  -9.317 0.2857142985
58633  26.057  -18.447  -8.760 0.2857142985
59616  28.257  -17.082  -10.237 0.4285714328
61531  30.513  -14.649  -11.261 0.7142857313
62370  29.302  -13.637  -10.645 0.4285714328
62374  30.480  -13.274  -11.413 0.7142857313
63175  29.781  -12.972  -10.769 0.5714285970
63187  30.247  -12.382  -11.240 0.7142857313
107059  29.412  -12.014  -10.692 0.2857142985
61530  31.318  -14.525  -11.298 0.5714285970
62368  31.059  -14.279  -11.926 0.5714285970
62373  30.909  -13.873  -11.980 0.7142857313
111893  31.442  -12.112  -12.082 0.7142857313
64010  30.471  -10.919  -11.760 0.7142857313
113624  30.865  -10.416  -12.423 0.7142857313
64971  30.178  -10.172  -11.853 0.7142857313
64955  29.594  -10.702  -11.277 0.4285714328
65927  29.970  -9.434  -11.817 0.4285714328
63184  32.719  -12.718  -12.204 0.5714285970
63185  31.894  -12.936  -12.257 0.5714285970
64022  32.806  -11.730  -12.242 0.5714285970
65925  31.425  -10.199  -12.697 0.5714285970
66841  31.393  -9.189  -12.967 0.7142857313
108718  30.906  -8.328  -13.194 0.7142857313
66842  30.535  -8.986  -12.504 0.7142857313
108717  30.206  -8.145  -12.015 0.5714285970
67767  30.686  -7.597  -13.102 0.5714285970
65924  32.043  -9.954  -12.730 0.5714285970
66840  32.015  -8.997  -12.994 0.7142857313
67766  31.221  -7.666  -13.555 0.8571428657
66843  29.795  -8.768  -11.709 0.4285714328
107204  31.472  -6.892  -13.643 0.7142857313
68693  31.186  -6.898  -13.606 0.7142857313
69632  31.240  -5.986  -13.665 0.7142857313
112625  30.573  -6.599  -12.258 0.5714285970
66839  32.605  -8.627  -12.276 0.5714285970
108310  31.563  -8.319  -13.302 0.7142857313
68692  31.870  -6.205  -13.853 0.8571428657
123133  31.113  -5.226  -13.209 0.7142857313
115450  31.015  -4.036  -12.210 0.2857142985
107151  32.131  -7.051  -13.070 0.7142857313
69645  31.699  -5.789  -14.089 0.7142857313
109998  30.816  -2.676  -11.702 0.7142857313
69644  31.949  -5.631  -14.040 0.7142857313
69646  31.495  -5.261  -13.973 0.8571428657
70599  31.333  -4.668  -13.382 0.8571428657
70598  31.716  -4.668  -13.992 0.8571428657
115487  31.255  -3.389  -12.375 0.5714285970
72481  31.600  -2.893  -13.545 0.8571428657
73370  31.253  -2.035  -12.638 0.8571428657
73371  30.308  -1.575  -10.724 0.7142857313
74192  31.030  -1.069  -12.131 0.7142857313
76632  31.496  2.823  -11.732 0.7142857313
76633  30.881  2.886  -10.931 0.7142857313
78270  31.122  4.441  -11.025 0.8571428657
121944  30.373  4.963  -10.364 0.7142857313
122031  30.365  4.076  -10.023 0.7142857313
121908  30.374  5.974  -10.721 0.7142857313
106609  30.398  6.956  -10.808 0.7142857313
106806  29.643  5.487  -10.393 0.5714285970
121945  31.259  6.015  -11.271 0.7142857313
127145  30.793  6.437  -11.075 0.7142857313
106612  29.431  6.556  -10.491 0.5714285970
127299  30.248  7.765  -10.728 0.5714285970
106900  29.644  7.499  -10.526 0.5714285970
107276  31.388  6.826  -11.325 0.5714285970
81292  30.951  7.647  -11.182 0.5714285970
81284  29.674  8.310  -10.625 0.5714285970
106844  28.896  7.331  -10.514 0.4285714328
106772  28.179  6.786  -10.619 0.5714285970
119321  28.884  8.914  -10.855 0.5714285970
81285  28.921  8.063  -10.608 0.5714285970
122745  30.438  8.403  -11.065 0.5714285970
115733  26.935  8.044  -10.860 0.4285714328
106760  26.975  6.540  -11.036 0.4285714328
117542  28.009  8.585  -10.977 0.5714285970
81286  28.003  7.773  -10.737 0.5714285970
82033  26.462  9.782  -11.228 0.4285714328
62344  32.835  -13.905  -9.676 0.2857142985
82032  27.722  9.538  -11.492 0.2857142985
118772  26.925  8.880  -11.089 0.4285714328
122809  26.043  9.171  -10.878 0.2857142985
117897  27.508  -19.287  -7.764 0.5714285970
56864  27.222  -19.687  -7.269 0.5714285970
59592  29.636  -16.835  -8.387 0.2857142985
58630  29.311  -17.562  -7.776 0.4285714328
60552  29.151  -16.416  -11.283 0.5714285970
126788  27.386  -16.737  -9.576 0.2857142985
61532  29.759  -14.945  -11.004 0.5714285970
63159  33.872  -12.728  -10.173 0.2857142985
63176  28.701  -12.648  -10.397 0.2857142985
64011  29.924  -11.479  -11.250 0.7142857313
117701  31.799  -5.044  -14.062 0.8571428657
74988  30.936  0.724  -11.773 0.7142857313
75833  30.884  1.814  -11.504 0.7142857313
121093  29.981  1.287  -10.975 0.7142857313
106750  28.763  5.889  -10.499 0.5714285970
106610  27.257  7.300  -10.902 0.2857142985
79795  31.975  6.249  -11.678 0.5714285970
80527  32.313  6.879  -11.844 0.5714285970
120706  29.697  9.121  -10.916 0.5714285970
119113  28.630  -16.378  -10.841 0.4285714328
62372  31.505  -13.864  -12.217 0.5714285970
67765  31.756  -7.756  -13.401 0.7142857313
110161  32.033  -8.353  -13.127 0.7142857313
106805  31.131  5.257  -11.179 0.8571428657
61510  30.608  -15.131  -10.048 0.5714285970
126144  30.765  -14.816  -10.857 0.5714285970
75006  30.478  -0.039  -11.325 0.7142857313
57745  27.215  -19.069  -8.505 0.5714285970
56873  26.835  -19.401  -8.005 0.5714285970
58643  28.484  -18.029  -9.619 0.5714285970
56026  26.811  -20.054  -6.742 0.5714285970
61533  29.224  -14.767  -10.856 0.4285714328
62369  30.231  -14.131  -11.218 0.7142857313
63186  31.041  -12.987  -11.973 0.7142857313
64024  30.771  -11.793  -11.708 0.7142857313
64023  32.085  -11.912  -12.293 0.7142857313
64970  31.347  -11.138  -12.306 0.7142857313
65926  30.749  -9.762  -12.573 0.7142857313
64969  32.088  -10.926  -12.473 0.5714285970
124958  30.137  -7.300  -11.775 0.2857142985
70600  30.803  -4.692  -11.979 0.5714285970
118896  29.836  -4.100  -11.553 0.2857142985
71545  31.722  -3.934  -13.559 0.8571428657
77453  31.102  3.577  -10.708 0.7142857313
129949  27.496  8.327  -10.881 0.4285714328
60539  26.820  -15.878  -9.006 0.1428571492
110512  28.154  -15.321  -9.927 0.4285714328
54320  24.819  -23.120  -5.273 0.4285714328
121428  31.263  -17.462  -6.246 0.1428571492
59573  30.953  -16.954  -6.741 0.1428571492
61496  31.926  -15.135  -8.489 0.1428571492
59572  31.475  -16.405  -6.917 0.1428571492
58614  31.724  -16.993  -6.381 0.1428571492
61495  32.526  -14.818  -8.051 0.1428571492
60525  32.137  -15.517  -7.648 0.1428571492
60504  31.934  -15.945  -7.022 0.1428571492
61507  33.011  -14.168  -8.499 0.1428571492
64008  34.388  -11.822  -10.839 0.1428571492
123317  32.293  14.740  -17.074 0.1428571492
124931  30.258  -0.841  -10.825 0.4285714328
85988  31.719  14.714  -16.181 0.1428571492
84521  32.559  12.336  -14.567 0.1428571492
75816  29.347  2.003  -10.523 0.4285714328
84502  30.613  12.780  -12.585 0.2857142985
82885  30.076  10.632  -11.307 0.2857142985
82041  30.616  9.133  -11.341 0.2857142985
82884  31.008  10.614  -11.657 0.2857142985
106809  27.773  2.641  -10.604 0.1428571492
76634  30.125  3.341  -10.081 0.5714285970
123719  29.161  11.362  -11.629 0.2857142985
81291  31.307  8.415  -11.465 0.4285714328
128854  27.730  3.327  -10.661 0.4285714328
106588  28.803  4.590  -10.318 0.5714285970
111791  27.577  4.702  -10.768 0.4285714328
82873  27.968  10.432  -11.782 0.1428571492
82031  28.905  9.805  -11.116 0.1428571492
82872  29.042  10.584  -11.361 0.1428571492
106593  26.433  4.819  -11.033 0.1428571492
106590  27.796  6.023  -10.731 0.4285714328
82874  27.090  10.491  -11.590 0.1428571492
83715  28.092  11.028  -11.940 0.1428571492
127565  28.733  12.140  -11.922 0.1428571492
108503  26.940  5.518  -10.843 0.2857142985
82027  25.857  9.811  -9.911 0.1428571492
83716  27.461  11.198  -11.858 0.1428571492
82875  26.548  10.637  -10.628 0.1428571492
83717  26.986  11.340  -11.297 0.1428571492
83708  26.975  11.639  -9.942 0.1428571492
54327  25.216  -22.585  -5.477 0.4285714328
56007  24.820  -21.064  -6.187 0.2857142985
74989  29.800  0.804  -10.986 0.2857142985
116418  31.679  9.968  -11.919 0.2857142985
83724  31.031  11.299  -11.901 0.2857142985
83726  27.677  11.893  -12.044 0.2857142985
117938  23.997  -21.184  -5.995 0.2857142985
57714  30.538  -18.753  -5.533 0.1428571492
57734  31.128  -18.121  -5.804 0.1428571492
62356  33.402  -13.328  -9.933 0.1428571492
106876  26.651  3.996  -11.211 0.1428571492
106592  29.066  5.163  -10.364 0.5714285970
81290  32.188  8.482  -11.816 0.4285714328
84493  29.443  12.587  -12.187 0.2857142985
113111  30.871  12.057  -12.159 0.2857142985
82894  31.747  10.666  -12.223 0.2857142985
83733  31.781  11.409  -12.483 0.2857142985
84510  31.475  12.978  -13.226 0.2857142985
85306  32.071  13.263  -13.772 0.1428571492
85307  31.277  13.704  -13.611 0.1428571492
85317  32.365  13.172  -14.344 0.1428571492
83727  27.012  12.112  -11.920 0.2857142985
85975  32.120  13.833  -15.134 0.1428571492
84509  32.320  12.461  -13.634 0.1428571492
64940  35.419  -11.024  -10.841 0.2857142985
82048  32.165  10.039  -12.491 0.4285714328
85298  30.106  13.439  -13.168 0.2857142985
83732  32.339  11.534  -13.155 0.2857142985
55198  25.540  -21.486  -5.635 0.4285714328
63172  33.787  -12.516  -11.110 0.4285714328
80528  31.893  7.650  -11.576 0.4285714328
82893  32.285  10.777  -12.779 0.2857142985
106977  29.555  3.891  -9.916 0.5714285970
82040  31.550  9.211  -11.689 0.2857142985
121874  29.707  4.646  -10.110 0.5714285970
121892  28.190  5.316  -10.664 0.5714285970
82030  29.868  9.953  -11.050 0.2857142985
59571  32.224  -16.469  -6.587 0.1428571492
113923  29.104  1.244  -10.665 0.2857142985
83725  29.994  11.837  -11.714 0.2857142985
117747  30.300  11.163  -11.553 0.2857142985
121154  30.835  9.922  -11.463 0.2857142985
76613  28.983  2.949  -10.019 0.4285714328
121949  28.303  3.909  -10.446 0.4285714328
55199  24.616  -21.729  -5.747 0.2857142985
61506  33.811  -13.827  -7.777 0.1428571492
75007  28.977  0.066  -10.855 0.2857142985
84501  31.721  12.217  -12.804 0.2857142985
85318  31.818  13.845  -14.279 0.1428571492
124639  29.798  -4.738  -11.518 0.2857142985
123861  28.224  13.610  -12.716 0.1428571492
84503  29.401  13.106  -12.788 0.1428571492
85957  28.136  14.199  -13.212 0.1428571492
84486  26.790  12.905  -11.685 0.1428571492
85300  28.053  14.032  -12.491 0.1428571492
84494  28.435  13.192  -12.564 0.1428571492
85299  28.808  13.527  -13.063 0.1428571492
85289  27.388  13.538  -10.983 0.1428571492
85293  27.592  13.204  -12.390 0.1428571492
115939  27.836  13.826  -11.669 0.1428571492
85958  27.354  14.941  -12.959 0.1428571492
112285  27.908  12.674  -12.298 0.1428571492
85294  26.889  13.196  -12.114 0.1428571492
85948  28.383  14.450  -10.986 0.1428571492
126599  27.974  14.638  -12.095 0.1428571492
69647  30.569  -5.497  -11.884 0.2857142985
85968  27.538  15.020  -13.527 0.1428571492
60538  30.563  -15.641  -9.036 0.2857142985
85956  29.158  14.048  -13.485 0.1428571492
85939  27.972  14.117  -10.624 0.1428571492
56844  27.624  -19.917  -6.380 0.4285714328
111604  28.035  -20.341  -5.660 0.2857142985
56863  28.096  -19.333  -6.951 0.2857142985
56843  28.459  -19.651  -5.937 0.1428571492
56005  26.915  -20.455  -5.917 0.2857142985
57736  28.937  -19.061  -6.271 0.1428571492
125774  28.650  -18.732  -6.981 0.2857142985
56006  25.827  -20.722  -5.954 0.2857142985
56028  25.139  -20.421  -6.549 0.2857142985
56027  26.019  -20.239  -6.674 0.2857142985
61524  28.814  -15.699  -11.139 0.2857142985
121027  28.379  -14.507  -10.106 0.2857142985
62357  28.535  -13.609  -10.244 0.2857142985
110627  29.194  -11.245  -10.826 0.1428571492
64956  28.630  -10.577  -10.752 0.1428571492
65902  29.279  -9.921  -11.230 0.2857142985
123732  29.334  -8.314  -11.383 0.1428571492
70601  28.572  -4.428  -11.317 0.1428571492
71546  28.859  -3.717  -11.310 0.1428571492
107999  29.360  -2.559  -10.954 0.1428571492
72482  28.470  -3.160  -11.066 0.1428571492
73372  28.789  -1.654  -10.371 0.1428571492
74990  28.751  0.728  -11.030 0.1428571492
75817  28.710  1.928  -10.212 0.1428571492
128114  27.630  1.955  -10.712 0.1428571492
106884  26.607  7.359  -10.934 0.1428571492
106594  26.311  5.918  -10.807 0.1428571492
106992  26.264  7.902  -10.388 0.1428571492
81287  26.245  8.509  -10.812 0.1428571492
54328  24.376  -22.343  -5.452 0.2857142985
55197  26.610  -21.208  -5.493 0.1428571492
74193  29.093  -0.882  -10.460 0.1428571492
65903  28.319  -9.683  -10.904 0.1428571492
107492  29.165  -7.541  -11.355 0.1428571492
68694  29.478  -6.667  -11.467 0.1428571492
69633  29.741  -6.001  -11.520 0.1428571492
75834  28.197  1.202  -10.847 0.1428571492
126874  26.611  6.588  -10.877 0.1428571492
61525  27.541  -14.377  -9.517 0.2857142985
66825  29.047  -8.988  -11.073 0.1428571492
113194  30.023  -3.389  -11.408 0.1428571492
107915  25.854  5.234  -11.047 0.1428571492
60553  27.775  -16.079  -9.720 0.1428571492
62358  27.517  -13.487  -9.633 0.1428571492
71547  27.790  -3.778  -11.246 0.1428571492
55186  23.547  -21.791  -5.177 0.1428571492
123569  23.910  -21.655  -5.607 0.1428571492
55187  22.887  -21.244  -4.822 0.1428571492
55200  23.291  -21.209  -5.491 0.1428571492
56866  25.375  -19.907  -7.113 0.1428571492
65886  35.212  -10.842  -11.189 0.1428571492
65885  35.837  -10.711  -11.054 0.1428571492
116232  32.575  4.309  -14.954 0.1428571492
53428  24.641  -23.277  -4.885 0.1428571492
56008  23.654  -20.665  -5.844 0.1428571492
56029  24.357  -20.576  -6.305 0.1428571492
57747  25.546  -18.736  -8.204 0.1428571492
121039  33.211  3.634  -14.458 0.1428571492
65899  35.565  -10.244  -11.252 0.1428571492
59605  26.629  -16.823  -8.903 0.1428571492
54321  24.150  -22.603  -5.004 0.1428571492
63171  34.268  -12.187  -10.367 0.1428571492
69631  31.507  -6.296  -13.998 0.8571428657
76660  31.672  3.275  -15.656 0.5714285970
85283  27.957  13.836  -9.881 0.1428571492
125585  31.441  2.393  -15.885 0.8571428657
128356  36.546  -2.194  -12.858 0.1428571492
128772  32.897  7.144  -12.815 0.5714285970
129837  32.378  10.110  -13.144 0.2857142985
129923  26.426  7.967  -10.771 0.1428571492
