Discovery.scan
1339.500000 
1383.000000 
1363.599976 
1156.300049 
1369.900024 
1344.099976 
1297.599976 
1370.400024 
1205.800049 
1207.099976 
1436.800049 
1208.700073 
1382.599976 
1361.900024 
1302.599976 
1218.900024 
1386.200073 
1421.000000 
1408.300049 
1188.700073 
1273.099976 
1304.099976 
1286.900024 
1242.099976 
1424.400024 
1401.000000 
1382.300049 
1236.200073 
1359.900024 
1356.000000 
1427.700073 
1470.400024 
1236.200073 
1392.400024 
1248.300049 
977.200012 
1163.700073 
1139.800049 
909.600037 
1300.900024 
1328.700073 
1299.400024 
949.799988 
1194.800049 
1085.800049 
873.200012 
1236.300049 
1302.400024 
1248.800049 
1215.900024 
1393.900024 
1325.900024 
1130.300049 
1316.300049 
1216.300049 
1236.400024 
1241.000000 
1165.800049 
1160.700073 
1329.900024 
1135.599976 
1439.500000 
1281.700073 
1209.400024 
1229.599976 
1302.900024 
1317.599976 
1298.000000 
1131.599976 
1209.700073 
1273.500000 
1224.500000 
1195.200073 
1402.000000 
1359.099976 
1410.300049 
1202.800049 
1303.500000 
1249.400024 
1426.099976 
1387.800049 
1138.700073 
1300.700073 
1157.500000 
1339.500000 
1383.000000 
1363.599976 
1156.300049 
1369.900024 
1344.099976 
1297.599976 
1370.400024 
1205.800049 
1207.099976 
1436.800049 
1208.700073 
1382.599976 
1361.900024 
1302.599976 
1218.900024 
1386.200073 
1421.000000 
1408.300049 
1188.700073 
1273.099976 
1304.099976 
1286.900024 
1242.099976 
1424.400024 
1401.000000 
1382.300049 
1236.200073 
1359.900024 
1356.000000 
1427.700073 
1470.400024 
1236.200073 
1392.400024 
1248.300049 
977.200012 
1163.700073 
1139.800049 
909.600037 
1300.900024 
1328.700073 
1299.400024 
949.799988 
1194.800049 
1085.800049 
873.200012 
1236.300049 
1302.400024 
1248.800049 
1215.900024 
1393.900024 
1325.900024 
1130.300049 
1316.300049 
1216.300049 
1236.400024 
1241.000000 
1165.800049 
1160.700073 
1329.900024 
1135.599976 
1439.500000 
1281.700073 
1209.400024 
1229.599976 
1302.900024 
1317.599976 
1298.000000 
1131.599976 
1209.700073 
1273.500000 
1224.500000 
1195.200073 
1402.000000 
1359.099976 
1410.300049 
1202.800049 
1303.500000 
1249.400024 
1426.099976 
1387.800049 
1138.700073 
1300.700073 
1157.500000 
