Discovery.scan
75.900002 
81.700005 
78.400002 
70.400002 
78.500000 
75.300003 
74.000000 
77.599998 
76.200005 
71.000000 
78.900002 
73.000000 
80.000000 
77.000000 
78.900002 
73.500000 
78.200005 
81.599998 
79.099998 
71.099998 
74.200005 
78.000000 
75.200005 
74.200005 
82.300003 
80.700005 
79.700005 
71.300003 
77.500000 
76.099998 
80.900002 
80.700005 
72.200005 
81.300003 
78.800003 
68.700005 
69.700005 
66.700005 
54.700001 
81.400002 
81.000000 
73.800003 
71.700005 
72.099998 
68.200005 
56.299999 
86.400002 
83.400002 
77.700005 
75.700005 
81.800003 
77.300003 
70.500000 
81.700005 
79.099998 
73.200005 
78.000000 
79.200005 
70.200005 
78.700005 
75.800003 
81.400002 
77.800003 
85.200005 
74.400002 
77.800003 
77.200005 
76.900002 
71.900002 
72.800003 
78.300003 
74.000000 
74.500000 
81.200005 
79.300003 
80.900002 
70.500000 
77.900002 
74.900002 
83.099998 
81.800003 
73.400002 
82.300003 
80.300003 
75.900002 
81.700005 
78.400002 
70.400002 
78.500000 
75.300003 
74.000000 
77.599998 
76.200005 
71.000000 
78.900002 
73.000000 
80.000000 
77.000000 
78.900002 
73.500000 
78.200005 
81.599998 
79.099998 
71.099998 
74.200005 
78.000000 
75.200005 
74.200005 
82.300003 
80.700005 
79.700005 
71.300003 
77.500000 
76.099998 
80.900002 
80.700005 
72.200005 
81.300003 
78.800003 
68.700005 
69.700005 
66.700005 
54.700001 
81.400002 
81.000000 
73.800003 
71.700005 
72.099998 
68.200005 
56.299999 
86.400002 
83.400002 
77.700005 
75.700005 
81.800003 
77.300003 
70.500000 
81.700005 
79.099998 
73.200005 
78.000000 
79.200005 
70.200005 
78.700005 
75.800003 
81.400002 
77.800003 
85.200005 
74.400002 
77.800003 
77.200005 
76.900002 
71.900002 
72.800003 
78.300003 
74.000000 
74.500000 
81.200005 
79.300003 
80.900002 
70.500000 
77.900002 
74.900002 
83.099998 
81.800003 
73.400002 
82.300003 
80.300003 
