Discovery.scan
1352.681858 
1379.224757 
1378.792913 
1192.350673 
1367.274117 
1348.656678 
1304.357480 
1362.499792 
1214.913194 
1226.354126 
1452.940775 
1237.086677 
1399.111193 
1366.325452 
1312.930767 
1253.711644 
1394.797067 
1441.162330 
1420.973973 
1211.281891 
1298.619391 
1305.087991 
1307.737046 
1256.453044 
1423.282969 
1415.505331 
1402.009508 
1256.225553 
1375.784452 
1366.079161 
1438.017032 
1488.473096 
1269.814500 
1403.188120 
1343.018026 
1002.713560 
1182.676739 
1152.337733 
912.697793 
1323.321750 
1346.746203 
1303.354551 
971.824464 
1214.624287 
1091.475230 
878.061118 
1252.272064 
1310.290810 
1246.910359 
1212.435624 
1376.280668 
1344.375784 
1168.153925 
1325.451805 
1228.123191 
1241.553152 
1245.355870 
1162.087127 
1183.598041 
1345.591593 
1163.738553 
1446.733396 
1288.137731 
1217.890860 
1259.871625 
1316.716536 
1342.682822 
1319.416970 
1163.121561 
1236.106917 
1268.534636 
1244.847915 
1207.596094 
1390.907996 
1370.378295 
1426.554466 
1224.094428 
1321.062128 
1261.240251 
1451.709653 
1400.611559 
1172.234522 
1312.091650 
1241.645466 
1352.681858 
1379.224757 
1378.792913 
1192.350673 
1367.274117 
1348.656678 
1304.357480 
1362.499792 
1214.913194 
1226.354126 
1452.940775 
1237.086677 
1399.111193 
1366.325452 
1312.930767 
1253.711644 
1394.797067 
1441.162330 
1420.973973 
1211.281891 
1298.619391 
1305.087991 
1307.737046 
1256.453044 
1423.282969 
1415.505331 
1402.009508 
1256.225553 
1375.784452 
1366.079161 
1438.017032 
1488.473096 
1269.814500 
1403.188120 
1343.018026 
1002.713560 
1182.676739 
1152.337733 
912.697793 
1323.321750 
1346.746203 
1303.354551 
971.824464 
1214.624287 
1091.475230 
878.061118 
1252.272064 
1310.290810 
1246.910359 
1212.435624 
1376.280668 
1344.375784 
1168.153925 
1325.451805 
1228.123191 
1241.553152 
1245.355870 
1162.087127 
1183.598041 
1345.591593 
1163.738553 
1446.733396 
1288.137731 
1217.890860 
1259.871625 
1316.716536 
1342.682822 
1319.416970 
1163.121561 
1236.106917 
1268.534636 
1244.847915 
1207.596094 
1390.907996 
1370.378295 
1426.554466 
1224.094428 
1321.062128 
1261.240251 
1451.709653 
1400.611559 
1172.234522 
1312.091650 
1241.645466 
