Discovery.scan
77.360741 
82.847027 
80.020163 
71.413729 
78.259826 
76.136032 
74.969257 
78.205530 
77.842347 
72.558986 
80.801610 
74.897791 
81.617290 
77.476142 
79.394109 
75.859452 
79.901289 
82.887141 
80.788247 
73.073416 
76.346871 
79.524768 
77.091953 
75.867477 
83.106448 
82.331156 
81.851461 
72.690292 
79.311691 
77.448073 
83.076891 
82.140221 
74.160798 
82.254940 
86.072596 
70.867508 
72.575567 
67.410211 
55.957723 
83.182529 
82.002370 
75.266668 
73.956474 
76.216578 
68.683792 
57.575618 
88.378402 
85.375394 
78.423208 
76.690682 
82.327006 
78.910788 
71.861933 
82.464525 
79.769935 
74.470352 
78.852263 
80.436879 
71.577674 
80.561079 
77.071679 
83.818563 
79.573772 
86.167588 
76.205576 
79.477316 
79.288419 
79.104493 
73.236064 
74.868307 
79.310281 
75.721307 
75.713494 
81.644276 
80.743990 
82.999827 
71.789529 
79.892001 
76.493869 
86.370248 
83.127558 
75.980447 
83.753917 
87.540199 
77.360741 
82.847027 
80.020163 
71.413729 
78.259826 
76.136032 
74.969257 
78.205530 
77.842347 
72.558986 
80.801610 
74.897791 
81.617290 
77.476142 
79.394109 
75.859452 
79.901289 
82.887141 
80.788247 
73.073416 
76.346871 
79.524768 
77.091953 
75.867477 
83.106448 
82.331156 
81.851461 
72.690292 
79.311691 
77.448073 
83.076891 
82.140221 
74.160798 
82.254940 
86.072596 
70.867508 
72.575567 
67.410211 
55.957723 
83.182529 
82.002370 
75.266668 
73.956474 
76.216578 
68.683792 
57.575618 
88.378402 
85.375394 
78.423208 
76.690682 
82.327006 
78.910788 
71.861933 
82.464525 
79.769935 
74.470352 
78.852263 
80.436879 
71.577674 
80.561079 
77.071679 
83.818563 
79.573772 
86.167588 
76.205576 
79.477316 
79.288419 
79.104493 
73.236064 
74.868307 
79.310281 
75.721307 
75.713494 
81.644276 
80.743990 
82.999827 
71.789529 
79.892001 
76.493869 
86.370248 
83.127558 
75.980447 
83.753917 
87.540199 
